ts_code,trade_date,open,high,low,close,pre_close,change,pct_chg,vol,amount
002581.SZ,20200408,14.0,15.2,13.91,14.57,13.93,0.6400000000000006,4.5944,619819.88,902752.075
002581.SZ,20200407,13.0,13.93,12.8,13.93,12.66,1.2699999999999996,10.0316,470950.45,639157.838
002581.SZ,20200403,11.71,12.66,11.71,12.66,11.51,1.1500000000000004,9.9913,265513.88,331301.819
002581.SZ,20200402,11.29,11.57,10.92,11.51,11.27,0.2400000000000002,2.1295,262338.25,295821.749
002581.SZ,20200401,11.32,11.56,10.93,11.27,11.45,-0.17999999999999972,-1.5721,204346.4,230459.507
002581.SZ,20200331,12.21,12.27,11.26,11.45,12.23,-0.7800000000000011,-6.3778,320811.45,372837.728
002581.SZ,20200330,12.72,13.16,11.98,12.23,12.7,-0.46999999999999886,-3.7008,298252.85,375024.726
002581.SZ,20200327,12.93,13.47,12.69,12.7,13.16,-0.46000000000000085,-3.4954,369369.08,480302.084
002581.SZ,20200326,12.05,13.39,12.02,13.16,12.24,0.9199999999999999,7.5163,440495.04,558220.074
002581.SZ,20200325,12.09,12.49,11.37,12.24,11.99,0.25,2.0851,409958.01,497598.853
002581.SZ,20200324,12.52,12.75,11.89,11.99,13.21,-1.2200000000000006,-9.2354,444736.72,537241.937
002581.SZ,20200323,13.2,13.63,12.83,13.21,12.68,0.5300000000000011,4.1798,553142.51,733068.643
002581.SZ,20200320,12.74,14.12,12.51,12.68,13.9,-1.2200000000000006,-8.777,667692.82,869770.927
002581.SZ,20200319,15.28,15.28,13.9,13.9,15.44,-1.5399999999999991,-9.9741,620578.46,886661.475
002581.SZ,20200318,15.4,15.44,14.58,15.44,14.04,1.4000000000000004,9.9715,745276.83,1132273.046
002581.SZ,20200317,13.19,14.04,12.38,14.04,12.76,1.2799999999999994,10.0313,613276.26,829407.689
002581.SZ,20200316,12.0,12.76,11.73,12.76,11.6,1.1600000000000001,10.0,364906.21,460101.133
002581.SZ,20200313,11.68,13.26,11.51,11.6,12.27,-0.6699999999999999,-5.4605,719865.42,892195.274
002581.SZ,20200312,10.89,12.27,10.78,12.27,11.15,1.1199999999999992,10.0448,645358.8,751148.87
002581.SZ,20200311,10.0,11.29,10.0,11.15,10.27,0.8800000000000008,8.5686,574977.85,616272.379
002581.SZ,20200310,11.0,11.8,9.82,10.27,10.81,-0.5400000000000009,-4.9954,754971.47,813776.676
002581.SZ,20200309,10.13,10.81,9.87,10.81,9.83,0.9800000000000004,9.9695,528309.33,555040.896
002581.SZ,20200306,9.5,10.58,9.38,9.83,9.67,0.16000000000000014,1.6546,573538.6,573721.014
002581.SZ,20200305,8.77,9.67,8.71,9.67,8.79,0.8800000000000008,10.0114,540641.44,508909.54
002581.SZ,20200304,8.86,8.88,8.6,8.79,8.98,-0.19000000000000128,-2.1158,195171.04,170869.238
002581.SZ,20200303,8.75,9.16,8.6,8.98,8.66,0.3200000000000003,3.6952,310514.59,275362.948
002581.SZ,20200302,8.57,8.72,8.23,8.66,8.54,0.120000000000001,1.4052,193689.51,164133.601
002581.SZ,20200228,8.27,8.8,8.16,8.54,8.5,0.03999999999999915,0.4706,238837.2,204659.65
002581.SZ,20200227,8.85,8.94,8.45,8.5,8.87,-0.3699999999999992,-4.1714,209097.85,179833.741
002581.SZ,20200226,9.22,9.23,8.78,8.87,9.32,-0.45000000000000107,-4.8283,380454.4,340815.133
002581.SZ,20200225,8.45,9.32,8.31,9.32,8.47,0.8499999999999996,10.0354,517187.78,461457.663
002581.SZ,20200224,8.64,8.87,8.39,8.47,8.53,-0.05999999999999872,-0.7034,266368.06,230503.37
002581.SZ,20200221,8.48,8.67,8.32,8.53,8.48,0.049999999999998934,0.5896,208388.66,176957.098
002581.SZ,20200220,8.44,8.64,8.25,8.48,8.68,-0.1999999999999993,-2.3041,245707.85,207419.461
002581.SZ,20200219,9.07,9.12,8.65,8.68,9.15,-0.47000000000000064,-5.1366,260576.32,229103.692
002581.SZ,20200218,8.86,9.3,8.77,9.15,8.86,0.2900000000000009,3.2731,326221.43,295105.472
002581.SZ,20200217,8.69,8.88,8.53,8.86,8.7,0.16000000000000014,1.8391,210531.93,184225.597
002581.SZ,20200214,8.96,9.09,8.62,8.7,8.87,-0.16999999999999993,-1.9166,247510.36,218244.87
002581.SZ,20200213,9.34,9.34,8.77,8.87,9.34,-0.47000000000000064,-5.0321,307839.22,275813.183
002581.SZ,20200212,9.24,9.56,9.02,9.34,9.2,0.14000000000000057,1.5217,300287.9,279140.776
002581.SZ,20200211,9.2,9.39,8.8,9.2,9.48,-0.28000000000000114,-2.9536,319059.92,291052.624
002581.SZ,20200210,10.58,10.58,9.31,9.48,10.34,-0.8599999999999994,-8.3172,504264.38,479647.266
002581.SZ,20200207,11.28,12.25,10.34,10.34,11.49,-1.1500000000000004,-10.0087,723166.88,806925.346
002581.SZ,20200206,10.76,11.5,10.2,11.49,10.48,1.0099999999999998,9.6374,526575.23,584815.273
002581.SZ,20200205,9.52,10.8,9.52,10.48,9.83,0.6500000000000004,6.6124,577627.76,590643.925
002581.SZ,20200204,9.08,9.83,8.5,9.83,8.94,0.8900000000000006,9.9553,607893.65,575868.266
002581.SZ,20200203,8.94,8.94,8.14,8.94,8.13,0.8099999999999987,9.9631,241175.77,212048.227
002581.SZ,20200123,7.61,8.29,7.61,8.13,7.54,0.5900000000000007,7.8249,452730.78,363632.623
002581.SZ,20200122,8.25,8.25,7.54,7.54,8.21,-0.6700000000000008,-8.1608,348722.81,271001.76
002581.SZ,20200121,7.63,8.25,7.63,8.21,7.5,0.7100000000000009,9.4667,492760.25,395725.308
002581.SZ,20200120,7.63,7.64,7.3,7.5,7.19,0.3099999999999996,4.3115,292101.79,217693.119
002581.SZ,20200117,7.11,7.25,7.03,7.19,7.07,0.1200000000000001,1.6973,116203.25,83021.905
002581.SZ,20200116,7.25,7.31,7.06,7.07,7.27,-0.1999999999999993,-2.751,139706.45,100219.74
002581.SZ,20200115,7.45,7.71,7.25,7.27,7.54,-0.27000000000000046,-3.5809,211818.05,157482.866
002581.SZ,20200114,7.23,7.54,7.15,7.54,7.27,0.27000000000000046,3.7139,246506.59,181734.226
002581.SZ,20200113,7.42,7.42,7.17,7.27,7.37,-0.10000000000000053,-1.3569,193006.47,139716.737
002581.SZ,20200110,7.15,7.52,7.06,7.37,7.15,0.21999999999999975,3.0769,278045.97,204084.797
002581.SZ,20200109,6.87,7.27,6.83,7.15,6.8,0.35000000000000053,5.1471,244535.75,173164.212
002581.SZ,20200108,7.0,7.0,6.79,6.8,7.04,-0.2400000000000002,-3.4091,143892.45,99251.166
002581.SZ,20200107,6.89,7.05,6.86,7.04,6.95,0.08999999999999986,1.295,191471.68,133095.248
002581.SZ,20200106,6.87,7.07,6.78,6.95,7.11,-0.16000000000000014,-2.2504,224596.31,155127.607
002581.SZ,20200103,7.09,7.18,7.0,7.11,7.22,-0.10999999999999943,-1.5235,171121.81,121289.122
002581.SZ,20200102,7.02,7.3,6.92,7.22,7.24,-0.020000000000000462,-0.2762,287076.25,203818.921
002581.SZ,20191231,6.57,7.24,6.53,7.24,6.58,0.6600000000000001,10.0304,313780.06,221696.326
002581.SZ,20191230,6.54,6.58,6.42,6.58,6.6,-0.019999999999999574,-0.303,39649.85,25829.561
002581.SZ,20191227,6.64,6.74,6.59,6.6,6.6,0.0,0.0,46939.0,31284.963
002581.SZ,20191226,6.54,6.64,6.5,6.6,6.54,0.05999999999999961,0.9174,36490.03,23959.679
002581.SZ,20191225,6.53,6.61,6.5,6.54,6.58,-0.040000000000000036,-0.6079,30065.0,19723.925
002581.SZ,20191224,6.54,6.6,6.45,6.58,6.5,0.08000000000000007,1.2308,44173.46,28836.548
002581.SZ,20191223,6.74,6.75,6.5,6.5,6.76,-0.2599999999999998,-3.8462,80459.19,52979.307
002581.SZ,20191220,7.02,7.02,6.76,6.76,6.99,-0.23000000000000043,-3.2904,76115.28,52197.88
002581.SZ,20191219,6.8,7.02,6.78,6.99,6.94,0.04999999999999982,0.7205,59668.17,41278.329
002581.SZ,20191218,6.92,6.98,6.91,6.94,6.95,-0.009999999999999787,-0.1439,46489.18,32285.246
002581.SZ,20191217,6.93,6.99,6.88,6.95,6.92,0.03000000000000025,0.4335,74788.81,51918.272
002581.SZ,20191216,6.7,7.04,6.62,6.92,6.68,0.2400000000000002,3.5928,87388.49,59753.665
002581.SZ,20191213,6.7,6.74,6.61,6.68,6.67,0.009999999999999787,0.1499,40628.0,27093.495
002581.SZ,20191212,6.79,6.83,6.66,6.67,6.79,-0.1200000000000001,-1.7673,30324.0,20339.224
002581.SZ,20191211,6.83,6.89,6.71,6.79,6.83,-0.040000000000000036,-0.5857,31883.0,21613.735
002581.SZ,20191210,6.67,6.92,6.64,6.83,6.71,0.1200000000000001,1.7884,53412.33,36383.244
002581.SZ,20191209,6.73,6.78,6.65,6.71,6.72,-0.009999999999999787,-0.1488,24785.0,16604.407
002581.SZ,20191206,6.77,6.78,6.69,6.72,6.77,-0.04999999999999982,-0.7386,26612.45,17896.619
002581.SZ,20191205,6.58,6.8,6.57,6.77,6.57,0.1999999999999993,3.0441,46468.0,31215.97
002581.SZ,20191204,6.51,6.63,6.49,6.57,6.57,0.0,0.0,24959.0,16426.199
002581.SZ,20191203,6.44,6.57,6.42,6.57,6.52,0.05000000000000071,0.7669,21200.75,13761.972
002581.SZ,20191202,6.57,6.58,6.45,6.52,6.57,-0.05000000000000071,-0.761,24381.63,15867.13
002581.SZ,20191129,6.56,6.58,6.41,6.57,6.56,0.010000000000000675,0.1524,32788.02,21261.963
002581.SZ,20191128,6.54,6.67,6.51,6.56,6.55,0.009999999999999787,0.1527,27866.56,18368.867
002581.SZ,20191127,6.59,6.61,6.42,6.55,6.59,-0.040000000000000036,-0.607,33226.49,21758.146
002581.SZ,20191126,6.78,6.78,6.55,6.59,6.66,-0.07000000000000028,-1.0511,38421.54,25419.701
002581.SZ,20191125,6.85,6.87,6.62,6.66,6.85,-0.1899999999999995,-2.7737,55689.0,37231.249
002581.SZ,20191122,7.01,7.09,6.8,6.85,7.0,-0.15000000000000036,-2.1429,47452.03,32825.358
002581.SZ,20191121,7.02,7.06,6.94,7.0,7.0,0.0,0.0,30006.14,21008.103
002581.SZ,20191120,7.07,7.16,6.97,7.0,7.09,-0.08999999999999986,-1.2694,41134.0,29070.237
002581.SZ,20191119,6.94,7.1,6.92,7.09,6.93,0.16000000000000014,2.3088,46668.52,32911.866
002581.SZ,20191118,6.84,6.99,6.81,6.93,6.91,0.019999999999999574,0.2894,34573.0,23929.38
002581.SZ,20191115,7.17,7.17,6.91,6.91,7.16,-0.25,-3.4916,66147.0,46319.908
002581.SZ,20191114,7.2,7.28,7.11,7.16,7.2,-0.040000000000000036,-0.5556,53486.82,38360.383
002581.SZ,20191113,7.15,7.39,7.13,7.2,7.1,0.10000000000000053,1.4085,76254.7,55342.345
002581.SZ,20191112,7.0,7.1,6.98,7.1,7.01,0.08999999999999986,1.2839,40975.1,28894.551
002581.SZ,20191111,7.2,7.2,6.94,7.01,7.32,-0.3100000000000005,-4.235,72110.47,50903.553
002581.SZ,20191108,7.6,7.6,7.25,7.32,7.16,0.16000000000000014,2.2346,130389.67,96884.941
002581.SZ,20191107,7.0,7.2,6.98,7.16,6.98,0.17999999999999972,2.5788,59963.52,42619.237
002581.SZ,20191106,7.23,7.23,6.97,6.98,7.23,-0.25,-3.4578,66332.39,46846.131
002581.SZ,20191105,7.22,7.26,7.06,7.23,7.22,0.010000000000000675,0.1385,52822.01,37933.222
002581.SZ,20191104,7.27,7.47,7.22,7.22,7.31,-0.08999999999999986,-1.2312,57219.0,41944.383
002581.SZ,20191101,7.1,7.33,6.98,7.31,7.19,0.11999999999999922,1.669,64774.17,46619.65
002581.SZ,20191031,7.4,7.48,7.18,7.19,7.31,-0.11999999999999922,-1.6416,66438.0,48608.868
002581.SZ,20191030,7.5,7.53,7.26,7.31,7.55,-0.2400000000000002,-3.1788,68616.94,50540.439
002581.SZ,20191029,7.77,7.79,7.52,7.55,7.79,-0.2400000000000002,-3.0809,86251.76,66004.191
002581.SZ,20191028,7.55,7.83,7.51,7.79,7.71,0.08000000000000007,1.0376,128513.31,98705.723
002581.SZ,20191025,7.33,7.92,7.15,7.71,7.41,0.2999999999999998,4.0486,160213.32,119471.933
002581.SZ,20191024,7.35,7.82,7.31,7.41,7.11,0.2999999999999998,4.2194,171446.67,129549.558
002581.SZ,20191023,7.35,7.35,7.05,7.11,7.31,-0.1999999999999993,-2.736,86635.43,62003.074
002581.SZ,20191022,7.26,7.31,7.07,7.31,7.26,0.04999999999999982,0.6887,72323.0,52129.588
002581.SZ,20191021,7.28,7.49,7.18,7.26,7.22,0.040000000000000036,0.554,93609.0,68482.675
002581.SZ,20191018,7.5,7.56,7.13,7.22,7.49,-0.27000000000000046,-3.6048,119821.66,88045.185
002581.SZ,20191017,7.75,7.75,7.24,7.49,7.91,-0.41999999999999993,-5.3097,203926.27,152344.119
002581.SZ,20191016,8.05,8.14,7.9,7.91,8.1,-0.1899999999999995,-2.3457,80181.0,64039.166
002581.SZ,20191015,8.0,8.24,7.88,8.1,8.07,0.02999999999999936,0.3717,120975.33,97884.269
002581.SZ,20191014,8.1,8.22,7.9,8.07,8.07,0.0,0.0,115270.37,93050.796
002581.SZ,20191011,8.08,8.31,8.0,8.07,8.17,-0.09999999999999964,-1.224,150738.39,122688.5
002581.SZ,20191010,8.27,8.38,8.07,8.17,8.31,-0.14000000000000057,-1.6847,195818.47,160104.328
002581.SZ,20191009,7.85,8.5,7.74,8.31,8.01,0.3000000000000007,3.7453,267048.98,216822.416
002581.SZ,20191008,7.87,8.22,7.7,8.01,7.47,0.54,7.2289,265011.33,212184.221
002581.SZ,20190930,7.6,7.65,7.25,7.47,7.46,0.009999999999999787,0.134,123888.62,92679.228
002581.SZ,20190927,6.85,7.46,6.81,7.46,6.78,0.6799999999999997,10.0295,136982.01,98801.261
002581.SZ,20190926,7.26,7.32,6.77,6.78,7.25,-0.46999999999999975,-6.4828,94333.9,65929.573
002581.SZ,20190925,7.46,7.54,7.25,7.25,7.6,-0.34999999999999964,-4.6053,77182.71,56889.504
002581.SZ,20190924,7.73,7.83,7.58,7.6,7.72,-0.1200000000000001,-1.5544,99344.58,76499.563
002581.SZ,20190923,7.52,7.85,7.28,7.72,7.51,0.20999999999999996,2.7963,136480.38,103658.269
002581.SZ,20190920,7.41,7.65,7.35,7.51,7.41,0.09999999999999964,1.3495,86139.79,64839.843
002581.SZ,20190919,7.34,7.45,7.18,7.41,7.34,0.07000000000000028,0.9537,68774.91,50498.036
002581.SZ,20190918,7.36,7.49,7.3,7.34,7.37,-0.03000000000000025,-0.4071,55073.01,40663.847
002581.SZ,20190917,7.6,7.6,7.26,7.37,7.59,-0.21999999999999975,-2.8986,77592.45,57464.029
002581.SZ,20190916,7.65,7.74,7.46,7.59,7.59,0.0,0.0,83311.1,63193.733
002581.SZ,20190912,7.56,7.65,7.42,7.59,7.54,0.04999999999999982,0.6631,97315.0,73548.201
002581.SZ,20190911,7.76,7.89,7.51,7.54,7.67,-0.1299999999999999,-1.6949,150778.37,115778.069
002581.SZ,20190910,7.53,7.99,7.43,7.67,7.61,0.05999999999999961,0.7884,229549.07,177980.352
002581.SZ,20190909,7.43,7.9,7.27,7.61,7.45,0.16000000000000014,2.1477,266639.52,201823.506
002581.SZ,20190906,6.77,7.45,6.77,7.45,6.77,0.6800000000000006,10.0443,258114.68,184994.012
002581.SZ,20190905,6.76,6.85,6.72,6.77,6.75,0.019999999999999574,0.2963,77882.0,52949.669
002581.SZ,20190904,6.72,6.81,6.61,6.75,6.76,-0.009999999999999787,-0.1479,55839.6,37479.921
002581.SZ,20190903,6.73,6.85,6.71,6.76,6.79,-0.03000000000000025,-0.4418,60778.7,41120.437
002581.SZ,20190902,6.51,6.85,6.51,6.79,6.55,0.2400000000000002,3.6641,83088.8,56149.061
002581.SZ,20190830,6.81,6.85,6.47,6.55,6.84,-0.29000000000000004,-4.2398,84112.0,55983.877
002581.SZ,20190829,6.76,6.84,6.62,6.84,6.77,0.07000000000000028,1.034,83847.99,56314.638
002581.SZ,20190828,6.88,6.93,6.75,6.77,6.99,-0.22000000000000064,-3.1474,99888.0,67937.011
002581.SZ,20190827,6.85,7.17,6.84,6.99,6.89,0.10000000000000053,1.4514,148458.64,103614.117
002581.SZ,20190826,6.66,7.16,6.53,6.89,6.85,0.040000000000000036,0.5839,224010.1,154280.854
002581.SZ,20190823,6.24,6.85,6.19,6.85,6.23,0.6199999999999992,9.9518,175598.76,115981.425
002581.SZ,20190822,6.34,6.38,6.21,6.23,6.34,-0.10999999999999943,-1.735,61657.25,38498.924
002581.SZ,20190821,6.27,6.39,6.23,6.34,6.27,0.07000000000000028,1.1164,75621.67,47744.867
002581.SZ,20190820,6.39,6.71,6.27,6.27,6.38,-0.11000000000000032,-1.7241,166039.47,107991.505
002581.SZ,20190819,6.38,6.38,6.16,6.38,5.8,0.5800000000000001,10.0,132376.87,83585.077
002581.SZ,20190816,5.73,5.83,5.7,5.8,5.73,0.0699999999999994,1.2216,37637.0,21776.093
002581.SZ,20190815,5.58,5.75,5.5,5.73,5.69,0.040000000000000036,0.703,42623.0,24014.867
002581.SZ,20190814,5.72,5.76,5.67,5.69,5.67,0.020000000000000462,0.3527,25121.0,14344.124
002581.SZ,20190813,5.64,5.7,5.6,5.67,5.7,-0.03000000000000025,-0.5263,16365.0,9238.913
002581.SZ,20190812,5.57,5.71,5.56,5.7,5.64,0.0600000000000005,1.0638,18903.43,10665.736
002581.SZ,20190809,5.72,5.8,5.62,5.64,5.7,-0.0600000000000005,-1.0526,25680.7,14664.387
002581.SZ,20190808,5.63,5.73,5.63,5.7,5.63,0.07000000000000028,1.2433,22129.9,12605.457
002581.SZ,20190807,5.66,5.69,5.62,5.63,5.64,-0.009999999999999787,-0.1773,25248.02,14279.07
002581.SZ,20190806,5.79,5.79,5.58,5.64,5.9,-0.2600000000000007,-4.4068,53953.79,30471.243
002581.SZ,20190805,5.97,6.02,5.9,5.9,6.0,-0.09999999999999964,-1.6667,25618.0,15243.794
002581.SZ,20190802,6.0,6.14,5.95,6.0,6.09,-0.08999999999999986,-1.4778,38937.58,23460.728
002581.SZ,20190801,6.02,6.12,5.98,6.09,6.03,0.05999999999999961,0.995,25877.0,15667.663
002581.SZ,20190731,6.01,6.09,6.0,6.03,6.1,-0.0699999999999994,-1.1475,24555.0,14809.298
002581.SZ,20190730,6.12,6.14,6.05,6.1,6.06,0.040000000000000036,0.6601,26064.32,15904.721
002581.SZ,20190729,6.1,6.17,6.02,6.06,6.13,-0.07000000000000028,-1.1419,24640.49,14974.793
002581.SZ,20190726,6.07,6.15,6.03,6.13,6.07,0.05999999999999961,0.9885,27125.1,16525.166
002581.SZ,20190725,6.09,6.14,6.05,6.07,6.09,-0.019999999999999574,-0.3284,21365.0,13000.05
002581.SZ,20190724,6.02,6.17,6.02,6.09,6.04,0.04999999999999982,0.8278,28666.68,17514.436
002581.SZ,20190723,6.05,6.05,5.98,6.04,5.99,0.04999999999999982,0.8347,27802.0,16741.932
002581.SZ,20190722,6.36,6.38,5.95,5.99,6.36,-0.3700000000000001,-5.8176,55052.92,33550.134
002581.SZ,20190719,6.43,6.49,6.35,6.36,6.4,-0.040000000000000036,-0.625,28195.0,18080.153
002581.SZ,20190718,6.52,6.54,6.39,6.4,6.55,-0.14999999999999947,-2.2901,27446.23,17676.91
002581.SZ,20190717,6.59,6.64,6.55,6.55,6.61,-0.0600000000000005,-0.9077,25735.92,16981.214
002581.SZ,20190716,6.52,6.63,6.52,6.61,6.55,0.0600000000000005,0.916,29969.92,19773.515
002581.SZ,20190715,6.42,6.58,6.32,6.55,6.53,0.019999999999999574,0.3063,44240.78,28591.778
002581.SZ,20190712,6.57,6.58,6.49,6.53,6.52,0.010000000000000675,0.1534,21115.0,13806.199
002581.SZ,20190711,6.55,6.63,6.5,6.52,6.51,0.009999999999999787,0.1536,27907.92,18301.595
002581.SZ,20190710,6.55,6.57,6.49,6.51,6.52,-0.009999999999999787,-0.1534,22146.0,14472.063
002581.SZ,20190709,6.42,6.55,6.41,6.52,6.49,0.02999999999999936,0.4622,37401.88,24256.953
002581.SZ,20190708,6.83,6.83,6.49,6.49,6.93,-0.4399999999999995,-6.3492,82833.52,54420.551
002581.SZ,20190705,7.0,7.03,6.92,6.93,7.04,-0.11000000000000032,-1.5625,51535.61,35858.078
002581.SZ,20190704,7.23,7.27,6.96,7.04,7.28,-0.2400000000000002,-3.2967,123356.9,87120.354
002581.SZ,20190703,7.01,7.48,6.88,7.28,7.01,0.27000000000000046,3.8516,163002.06,117526.89
002581.SZ,20190702,6.99,7.11,6.92,7.01,6.99,0.019999999999999574,0.2861,56455.34,39552.014
002581.SZ,20190701,6.81,6.99,6.8,6.99,6.74,0.25,3.7092,56268.59,38966.717
002581.SZ,20190628,6.85,6.87,6.61,6.74,6.88,-0.13999999999999968,-2.0349,46613.14,31242.062
002581.SZ,20190627,6.86,6.93,6.81,6.88,6.88,0.0,0.0,43140.77,29653.2
002581.SZ,20190626,6.82,6.96,6.75,6.88,6.81,0.07000000000000028,1.0279,43721.92,30080.204
002581.SZ,20190625,6.87,6.93,6.71,6.81,6.87,-0.0600000000000005,-0.8734,53990.77,36732.814
002581.SZ,20190624,6.93,6.96,6.83,6.87,6.9,-0.03000000000000025,-0.4348,39432.7,27173.293
002581.SZ,20190621,6.83,6.96,6.79,6.9,6.7,0.20000000000000018,2.9851,66935.15,46133.795
002581.SZ,20190620,6.59,6.75,6.56,6.7,6.62,0.08000000000000007,1.2085,46776.8,31205.35
002581.SZ,20190619,6.58,6.71,6.56,6.62,6.46,0.16000000000000014,2.4768,49751.38,32975.361
002581.SZ,20190618,6.53,6.55,6.4,6.46,6.53,-0.07000000000000028,-1.072,41344.6,26714.011
002581.SZ,20190617,6.62,6.84,6.5,6.53,6.58,-0.04999999999999982,-0.7599,67738.07,44825.866
002581.SZ,20190614,6.85,6.91,6.52,6.58,6.84,-0.2599999999999998,-3.8012,45298.22,30337.083
002581.SZ,20190613,6.78,6.86,6.67,6.84,6.76,0.08000000000000007,1.1834,43851.02,29744.999
002581.SZ,20190612,6.8,6.89,6.7,6.76,6.83,-0.07000000000000028,-1.0249,43406.7,29503.621
002581.SZ,20190611,6.5,6.88,6.49,6.83,6.49,0.33999999999999986,5.2388,63853.7,43021.242
002581.SZ,20190610,6.58,6.64,6.45,6.49,6.58,-0.08999999999999986,-1.3678,43964.64,28725.184
002581.SZ,20190606,6.76,6.87,6.5,6.58,6.73,-0.15000000000000036,-2.2288,51097.39,34103.963
002581.SZ,20190605,6.96,6.96,6.73,6.73,6.87,-0.13999999999999968,-2.0378,35167.86,24024.106
002581.SZ,20190604,6.88,7.02,6.76,6.87,6.9,-0.03000000000000025,-0.4348,35171.0,24328.232
002581.SZ,20190603,7.17,7.2,6.84,6.9,7.19,-0.29000000000000004,-4.0334,57616.0,40176.474
002581.SZ,20190531,7.16,7.27,7.08,7.19,7.17,0.020000000000000462,0.2789,40634.02,29165.656
002581.SZ,20190530,7.18,7.26,6.96,7.17,7.18,-0.009999999999999787,-0.1393,49783.0,35406.202
002581.SZ,20190529,7.15,7.3,7.02,7.18,7.18,0.0,0.0,48432.25,34896.679
002581.SZ,20190528,7.2,7.41,7.14,7.18,7.22,-0.040000000000000036,-0.554,52524.0,38215.036
002581.SZ,20190527,7.02,7.25,6.89,7.22,7.0,0.21999999999999975,3.1429,44671.94,31909.168
002581.SZ,20190524,7.02,7.09,6.89,7.0,6.98,0.019999999999999574,0.2865,40358.45,28261.012
002581.SZ,20190523,7.2,7.27,6.95,6.98,7.16,-0.17999999999999972,-2.514,61045.22,43388.664
002581.SZ,20190522,7.35,7.39,7.1,7.16,7.27,-0.10999999999999943,-1.5131,59699.69,43243.798
002581.SZ,20190521,6.97,7.34,6.92,7.27,6.97,0.2999999999999998,4.3042,76479.91,55225.066
002581.SZ,20190520,7.11,7.14,6.73,6.97,7.1,-0.1299999999999999,-1.831,91044.88,63094.034
002581.SZ,20190517,7.69,7.73,7.01,7.1,7.73,-0.6300000000000008,-8.1501,139116.05,101767.889
002581.SZ,20190516,7.61,7.86,7.52,7.73,7.57,0.16000000000000014,2.1136,116533.78,89654.632
002581.SZ,20190515,7.51,7.62,7.46,7.57,7.43,0.14000000000000057,1.8843,58546.0,44160.405
002581.SZ,20190514,7.45,7.65,7.35,7.43,7.52,-0.08999999999999986,-1.1968,57374.0,43101.063
002581.SZ,20190513,7.55,7.69,7.45,7.52,7.61,-0.09000000000000075,-1.1827,52397.0,39679.943
002581.SZ,20190510,7.41,7.74,7.17,7.61,7.36,0.25,3.3967,86534.75,65353.047
002581.SZ,20190509,7.55,7.65,7.35,7.36,7.55,-0.1899999999999995,-2.5166,66919.89,50077.953
002581.SZ,20190508,7.32,7.78,7.24,7.55,7.49,0.05999999999999961,0.8011,78295.95,59121.613
002581.SZ,20190507,7.4,7.67,7.39,7.49,7.37,0.1200000000000001,1.6282,92850.93,69774.17
002581.SZ,20190506,7.88,7.89,7.37,7.37,8.19,-0.8199999999999994,-10.0122,121458.0,92420.13
002581.SZ,20190430,8.07,8.3,8.02,8.19,8.02,0.16999999999999993,2.1197,57972.6,47365.524
002581.SZ,20190429,8.5,8.58,8.01,8.02,8.46,-0.4400000000000013,-5.2009,97038.01,79721.469
002581.SZ,20190426,8.48,8.64,8.4,8.46,8.48,-0.019999999999999574,-0.2358,80089.0,68236.242
002581.SZ,20190425,9.28,9.28,8.46,8.48,9.3,-0.8200000000000003,-8.8172,164805.36,145802.15
002581.SZ,20190424,8.85,9.34,8.61,9.3,8.9,0.40000000000000036,4.4944,158680.09,143660.515
002581.SZ,20190423,9.02,9.18,8.85,8.9,8.98,-0.08000000000000007,-0.8909,108585.13,98114.947
002581.SZ,20190422,9.32,9.35,8.93,8.98,9.31,-0.33000000000000007,-3.5446,146952.49,133756.916
002581.SZ,20190419,9.23,9.41,9.1,9.31,9.31,0.0,0.0,133087.03,123199.268
002581.SZ,20190418,9.64,9.64,9.3,9.31,9.33,-0.019999999999999574,-0.2144,193911.51,183156.394
002581.SZ,20190417,9.3,9.57,9.24,9.33,9.45,-0.11999999999999922,-1.2698,212410.76,199269.634
002581.SZ,20190416,9.14,9.45,8.98,9.45,9.38,0.06999999999999851,0.7463,257724.2,237068.578
002581.SZ,20190415,9.22,9.91,9.22,9.38,10.17,-0.7899999999999991,-7.7679,447692.64,426166.902
002581.SZ,20190412,10.17,10.17,10.17,10.17,11.3,-1.1300000000000008,-10.0,84770.0,86211.09
002581.SZ,20190411,11.83,11.84,11.21,11.3,10.76,0.5400000000000009,5.0186,725619.35,851674.841
002581.SZ,20190410,10.0,10.76,9.88,10.76,9.78,0.9800000000000004,10.0204,271422.37,285614.165
002581.SZ,20190409,8.78,9.78,8.65,9.78,8.89,0.8899999999999988,10.0112,161235.77,152418.264
002581.SZ,20190408,9.08,9.24,8.69,8.89,9.08,-0.1899999999999995,-2.0925,160821.02,143350.412
002581.SZ,20190404,8.9,9.09,8.69,9.08,8.98,0.09999999999999964,1.1136,170468.04,151082.151
002581.SZ,20190403,8.95,9.04,8.71,8.98,8.98,0.0,0.0,267367.48,237119.416
002581.SZ,20190402,8.17,8.98,8.11,8.98,8.16,0.8200000000000003,10.049,242875.16,210882.982
002581.SZ,20190401,7.96,8.24,7.95,8.16,7.94,0.21999999999999975,2.7708,154009.62,125172.082
002581.SZ,20190329,7.76,7.97,7.41,7.94,7.84,0.10000000000000053,1.2755,147120.02,114021.485
002581.SZ,20190328,7.88,8.08,7.77,7.84,7.99,-0.15000000000000036,-1.8773,88501.31,70009.642
002581.SZ,20190327,8.05,8.13,7.86,7.99,7.99,0.0,0.0,106014.8,84763.887
002581.SZ,20190326,8.66,8.66,7.9,7.99,8.55,-0.5600000000000005,-6.5497,195748.71,160264.042
002581.SZ,20190325,8.65,8.83,8.45,8.55,8.9,-0.34999999999999964,-3.9326,138315.34,119982.123
002581.SZ,20190322,8.96,9.06,8.61,8.9,9.2,-0.29999999999999893,-3.2609,234426.73,206850.352
002581.SZ,20190321,9.02,9.58,9.02,9.2,9.19,0.009999999999999787,0.1088,220704.49,205819.38
002581.SZ,20190320,8.87,9.32,8.65,9.19,8.91,0.27999999999999936,3.1425,205378.61,185188.112
002581.SZ,20190319,8.83,9.37,8.7,8.91,8.92,-0.009999999999999787,-0.1121,246124.1,222345.276
002581.SZ,20190318,8.58,8.98,8.38,8.92,8.36,0.5600000000000005,6.6986,274411.56,239086.946
002581.SZ,20190315,7.89,8.68,7.89,8.36,7.89,0.46999999999999975,5.9569,342857.12,291052.235
002581.SZ,20190314,8.12,8.3,7.74,7.89,8.24,-0.35000000000000053,-4.2476,86995.91,69438.316
002581.SZ,20190313,8.36,8.77,8.15,8.24,8.41,-0.16999999999999993,-2.0214,135889.68,114633.417
002581.SZ,20190312,8.42,8.48,8.13,8.41,8.24,0.16999999999999993,2.0631,128022.28,106567.706
002581.SZ,20190311,7.9,8.25,7.88,8.24,7.85,0.39000000000000057,4.9682,109920.73,89248.361
002581.SZ,20190308,8.3,8.4,7.8,7.85,8.55,-0.7000000000000011,-8.1871,152981.48,124639.108
002581.SZ,20190307,8.37,8.66,8.28,8.55,8.52,0.030000000000001137,0.3521,166290.42,140892.102
002581.SZ,20190306,8.43,8.58,8.19,8.52,8.59,-0.07000000000000028,-0.8149,205368.53,171374.313
002581.SZ,20190305,8.21,8.78,8.05,8.59,8.21,0.379999999999999,4.6285,317037.03,263708.478
002581.SZ,20190304,7.48,8.21,7.4,8.21,7.46,0.7500000000000009,10.0536,206576.71,165538.244
002581.SZ,20190301,7.56,7.61,7.28,7.46,7.41,0.04999999999999982,0.6748,82934.6,61613.817
002581.SZ,20190228,7.38,7.77,7.35,7.41,7.35,0.0600000000000005,0.8163,127965.69,96382.531
002581.SZ,20190227,7.05,7.55,6.92,7.35,7.17,0.17999999999999972,2.5105,128643.74,93435.906
002581.SZ,20190226,7.0,7.62,6.9,7.17,7.01,0.16000000000000014,2.2825,142269.41,103101.605
002581.SZ,20190225,6.69,7.06,6.66,7.01,6.64,0.3700000000000001,5.5723,98559.64,67664.069
002581.SZ,20190222,6.54,6.68,6.53,6.64,6.58,0.05999999999999961,0.9119,54695.21,36156.418
002581.SZ,20190221,6.68,6.74,6.54,6.58,6.7,-0.1200000000000001,-1.791,60521.82,40164.432
002581.SZ,20190220,6.85,6.85,6.62,6.7,6.87,-0.16999999999999993,-2.4745,70048.21,46853.241
002581.SZ,20190219,6.58,7.13,6.52,6.87,6.61,0.2599999999999998,3.9334,101815.3,68872.092
002581.SZ,20190218,6.46,6.63,6.41,6.61,6.45,0.16000000000000014,2.4806,51168.72,33451.178
002581.SZ,20190215,6.36,6.47,6.26,6.45,6.36,0.08999999999999986,1.4151,51540.22,32917.346
002581.SZ,20190214,6.15,6.46,6.15,6.36,6.19,0.16999999999999993,2.7464,59884.89,37788.089
002581.SZ,20190213,6.15,6.21,6.06,6.19,6.13,0.0600000000000005,0.9788,38211.0,23496.915
002581.SZ,20190212,5.95,6.24,5.94,6.13,5.97,0.16000000000000014,2.6801,41192.19,25232.749
002581.SZ,20190211,5.8,6.12,5.77,5.97,5.81,0.16000000000000014,2.7539,27684.0,16369.574
002581.SZ,20190201,5.59,5.84,5.57,5.81,5.68,0.1299999999999999,2.2887,43131.35,24730.745
002581.SZ,20190131,5.83,5.9,5.65,5.68,5.82,-0.14000000000000057,-2.4055,30960.0,17905.671
002581.SZ,20190130,5.83,5.97,5.69,5.82,5.86,-0.040000000000000036,-0.6826,26533.22,15543.737
002581.SZ,20190129,6.14,6.18,5.74,5.86,6.15,-0.29000000000000004,-4.7154,31798.0,18790.969
002581.SZ,20190128,6.18,6.26,6.13,6.15,6.17,-0.019999999999999574,-0.3241,25301.5,15657.38
002581.SZ,20190125,6.39,6.41,6.17,6.17,6.37,-0.20000000000000018,-3.1397,34719.12,21770.006
002581.SZ,20190124,6.35,6.47,6.29,6.37,6.35,0.020000000000000462,0.315,22386.76,14284.028
002581.SZ,20190123,6.47,6.48,6.31,6.35,6.43,-0.08000000000000007,-1.2442,19062.32,12137.989
002581.SZ,20190122,6.62,6.62,6.41,6.43,6.61,-0.1800000000000006,-2.7231,21561.0,14007.237
002581.SZ,20190121,6.48,6.66,6.46,6.61,6.5,0.11000000000000032,1.6923,33346.47,21910.216
002581.SZ,20190118,6.46,6.52,6.37,6.5,6.41,0.08999999999999986,1.4041,18531.0,11929.809
002581.SZ,20190117,6.55,6.55,6.4,6.41,6.54,-0.1299999999999999,-1.9878,24190.38,15626.681
002581.SZ,20190116,6.5,6.64,6.48,6.54,6.51,0.03000000000000025,0.4608,26987.57,17715.871
002581.SZ,20190115,6.4,6.52,6.38,6.51,6.41,0.09999999999999964,1.5601,23149.0,14908.108
002581.SZ,20190114,6.55,6.56,6.41,6.41,6.57,-0.16000000000000014,-2.4353,24035.9,15548.929
002581.SZ,20190111,6.53,6.58,6.51,6.57,6.52,0.05000000000000071,0.7669,23295.0,15257.831
002581.SZ,20190110,6.62,6.64,6.5,6.52,6.62,-0.10000000000000053,-1.5106,31799.0,20823.127
002581.SZ,20190109,6.66,6.7,6.59,6.62,6.66,-0.040000000000000036,-0.6006,38368.47,25507.462
002581.SZ,20190108,6.55,6.75,6.49,6.66,6.53,0.1299999999999999,1.9908,64798.34,43046.076
002581.SZ,20190107,6.58,6.64,6.5,6.53,6.52,0.010000000000000675,0.1534,41142.0,26984.132
002581.SZ,20190104,6.28,6.53,6.24,6.52,6.37,0.14999999999999947,2.3548,29930.81,19137.719
002581.SZ,20190103,6.41,6.48,6.35,6.37,6.4,-0.03000000000000025,-0.4688,22672.0,14547.886
002581.SZ,20190102,6.48,6.54,6.36,6.4,6.46,-0.05999999999999961,-0.9288,15347.59,9894.227
002581.SZ,20181228,6.5,6.57,6.41,6.46,6.46,0.0,0.0,18560.87,12020.073
002581.SZ,20181227,6.69,6.72,6.46,6.46,6.58,-0.1200000000000001,-1.8237,25861.13,17086.989
002581.SZ,20181226,6.69,6.71,6.58,6.58,6.72,-0.13999999999999968,-2.0833,17541.87,11642.329
002581.SZ,20181225,6.65,6.74,6.43,6.72,6.76,-0.040000000000000036,-0.5917,27460.09,18161.028
002581.SZ,20181224,6.85,6.86,6.67,6.76,6.85,-0.08999999999999986,-1.3139,24950.0,16879.314
002581.SZ,20181221,6.81,6.93,6.75,6.85,6.88,-0.03000000000000025,-0.436,15954.0,10910.333
002581.SZ,20181220,6.8,6.92,6.76,6.88,6.8,0.08000000000000007,1.1765,20843.0,14259.617
002581.SZ,20181219,6.96,6.99,6.75,6.8,6.96,-0.16000000000000014,-2.2989,25103.0,17142.446
002581.SZ,20181218,6.88,7.02,6.86,6.96,6.97,-0.009999999999999787,-0.1435,13608.8,9451.11
002581.SZ,20181217,6.88,6.98,6.74,6.97,6.9,0.0699999999999994,1.0145,26664.45,18406.228
002581.SZ,20181214,7.2,7.2,6.86,6.9,7.21,-0.3099999999999996,-4.2996,40189.0,28140.025
002581.SZ,20181213,7.34,7.34,7.15,7.21,7.26,-0.04999999999999982,-0.6887,23291.0,16869.637
002581.SZ,20181212,7.24,7.32,7.14,7.26,7.17,0.08999999999999986,1.2552,23956.87,17427.257
002581.SZ,20181211,7.21,7.34,7.06,7.17,7.17,0.0,0.0,36019.87,25823.899
002581.SZ,20181210,7.41,7.43,7.1,7.17,7.46,-0.29000000000000004,-3.8874,26299.9,19022.948
002581.SZ,20181207,7.46,7.55,7.42,7.46,7.47,-0.009999999999999787,-0.1339,18518.5,13861.242
002581.SZ,20181206,7.66,7.69,7.42,7.47,7.69,-0.22000000000000064,-2.8609,46649.0,35158.075
002581.SZ,20181205,7.78,7.8,7.65,7.69,7.93,-0.23999999999999932,-3.0265,49372.0,38072.942
002581.SZ,20181204,7.6,8.05,7.54,7.93,7.62,0.3099999999999996,4.0682,67150.34,52730.715
002581.SZ,20181203,7.49,7.7,7.49,7.62,7.39,0.23000000000000043,3.1123,35036.38,26617.119
002581.SZ,20181130,7.34,7.55,7.2,7.39,7.44,-0.05000000000000071,-0.672,29681.83,21751.485
002581.SZ,20181129,7.61,7.8,7.41,7.44,7.55,-0.10999999999999943,-1.457,46124.9,35141.191
002581.SZ,20181128,7.32,7.58,7.27,7.55,7.33,0.21999999999999975,3.0014,52845.62,39292.996
002581.SZ,20181127,7.69,7.7,7.26,7.33,7.74,-0.41000000000000014,-5.2972,82705.2,61680.069
002581.SZ,20181126,7.64,8.08,7.64,7.74,7.62,0.1200000000000001,1.5748,51929.68,40737.148
002581.SZ,20181123,8.27,8.27,7.6,7.62,8.23,-0.6100000000000003,-7.4119,62922.88,49198.882
002581.SZ,20181122,8.32,8.35,8.1,8.23,8.23,0.0,0.0,48415.12,39759.896
002581.SZ,20181121,7.8,8.33,7.7,8.23,7.77,0.46000000000000085,5.9202,98080.72,79151.88
002581.SZ,20181120,8.13,8.16,7.66,7.77,8.18,-0.41000000000000014,-5.0122,53743.67,42610.761
002581.SZ,20181119,8.23,8.34,8.11,8.18,8.3,-0.120000000000001,-1.4458,39181.01,32115.541
002581.SZ,20181116,8.12,8.56,8.12,8.3,8.08,0.22000000000000064,2.7228,60873.66,50884.594
002581.SZ,20181115,8.0,8.08,7.85,8.08,7.94,0.13999999999999968,1.7632,39762.88,31768.598
002581.SZ,20181114,8.07,8.17,7.91,7.94,8.01,-0.0699999999999994,-0.8739,39969.0,32064.257
002581.SZ,20181113,7.78,8.12,7.71,8.01,7.9,0.10999999999999943,1.3924,58208.32,46446.947
002581.SZ,20181112,7.7,7.92,7.53,7.9,7.7,0.20000000000000018,2.5974,43974.88,34135.68
002581.SZ,20181109,7.89,8.05,7.7,7.7,7.97,-0.2699999999999996,-3.3877,57969.96,45640.299
002581.SZ,20181108,7.67,8.15,7.49,7.97,7.67,0.2999999999999998,3.9113,85354.04,66579.051
002581.SZ,20181107,7.38,8.05,7.33,7.67,7.39,0.28000000000000025,3.7889,71186.82,54301.03
002581.SZ,20181106,7.22,7.39,7.12,7.39,7.24,0.14999999999999947,2.0718,29876.0,21537.334
002581.SZ,20181105,7.17,7.27,7.09,7.24,7.17,0.07000000000000028,0.9763,37171.0,26727.328
002581.SZ,20181102,7.06,7.19,7.03,7.17,7.01,0.16000000000000014,2.2825,35421.49,25214.938
002581.SZ,20181101,6.95,7.08,6.95,7.01,6.94,0.0699999999999994,1.0086,28890.63,20279.658
002581.SZ,20181031,6.8,6.98,6.78,6.94,6.79,0.15000000000000036,2.2091,23235.95,16041.402
002581.SZ,20181030,6.67,6.86,6.63,6.79,6.74,0.04999999999999982,0.7418,17094.39,11547.87
002581.SZ,20181029,6.75,6.8,6.62,6.74,6.75,-0.009999999999999787,-0.1481,12723.63,8577.663
002581.SZ,20181026,6.83,6.9,6.71,6.75,6.71,0.040000000000000036,0.5961,24944.71,16947.343
002581.SZ,20181025,6.5,6.77,6.46,6.71,6.78,-0.07000000000000028,-1.0324,27613.5,18261.638
002581.SZ,20181024,6.79,7.04,6.73,6.78,6.88,-0.09999999999999964,-1.4535,34629.0,23860.2
002581.SZ,20181023,7.0,7.15,6.86,6.88,7.2,-0.3200000000000003,-4.4444,56305.45,39295.438
002581.SZ,20181022,6.98,7.34,6.78,7.2,6.99,0.20999999999999996,3.0043,64410.39,46366.402
002581.SZ,20181019,6.09,6.99,6.09,6.99,6.35,0.6400000000000006,10.0787,55362.84,36827.878
002581.SZ,20181018,6.69,6.69,6.31,6.35,6.74,-0.39000000000000057,-5.7864,22572.9,14630.05
002581.SZ,20181017,6.75,6.76,6.58,6.74,6.63,0.11000000000000032,1.6591,20499.0,13688.616
002581.SZ,20181016,6.81,6.9,6.59,6.63,6.8,-0.16999999999999993,-2.5,19675.0,13298.226
002581.SZ,20181015,7.0,7.08,6.77,6.8,7.0,-0.20000000000000018,-2.8571,35849.47,24793.039
002581.SZ,20181012,7.21,7.28,6.76,7.0,7.29,-0.29000000000000004,-3.9781,60943.44,42716.856
002581.SZ,20181011,7.77,7.9,7.29,7.29,8.1,-0.8099999999999996,-10.0,55550.59,41912.379
002581.SZ,20181010,8.35,8.44,8.06,8.1,8.31,-0.21000000000000085,-2.5271,42347.1,34688.579
002581.SZ,20181009,8.01,8.42,8.0,8.31,8.13,0.17999999999999972,2.214,63644.34,52483.417
002581.SZ,20181008,7.8,8.49,7.71,8.13,7.9,0.23000000000000043,2.9114,75465.0,61366.874
002581.SZ,20180928,7.6,8.24,7.6,7.9,7.53,0.3700000000000001,4.9137,64232.1,50713.763
002581.SZ,20180927,7.63,7.68,7.52,7.53,7.66,-0.1299999999999999,-1.6971,32148.23,24386.145
002581.SZ,20180926,7.52,7.7,7.51,7.66,7.56,0.10000000000000053,1.3228,30616.5,23302.763
002581.SZ,20180925,7.61,7.67,7.53,7.56,7.62,-0.0600000000000005,-0.7874,23968.4,18211.826
002581.SZ,20180921,7.54,7.64,7.52,7.62,7.53,0.08999999999999986,1.1952,35733.1,27119.812
002581.SZ,20180920,7.56,7.61,7.46,7.53,7.59,-0.05999999999999961,-0.7905,19350.0,14583.83
002581.SZ,20180919,7.49,7.63,7.37,7.59,7.47,0.1200000000000001,1.6064,34651.99,25969.536
002581.SZ,20180918,7.44,7.52,7.3,7.47,7.43,0.040000000000000036,0.5384,25816.26,19121.472
002581.SZ,20180917,7.56,7.64,7.32,7.43,7.55,-0.1200000000000001,-1.5894,24785.26,18449.091
002581.SZ,20180914,7.82,7.83,7.51,7.55,7.85,-0.2999999999999998,-3.8217,31864.5,24466.528
002581.SZ,20180913,7.92,7.92,7.72,7.85,7.8,0.04999999999999982,0.641,32692.26,25560.507
002581.SZ,20180912,7.51,7.94,7.51,7.8,7.57,0.22999999999999954,3.0383,36413.0,28278.283
002581.SZ,20180911,7.4,7.63,7.3,7.57,7.43,0.14000000000000057,1.8843,30991.09,23274.463
002581.SZ,20180910,7.66,7.66,7.4,7.43,7.61,-0.1800000000000006,-2.3653,31880.0,24008.288
002581.SZ,20180907,7.76,7.83,7.6,7.61,7.74,-0.1299999999999999,-1.6796,41963.08,32304.159
002581.SZ,20180906,7.65,7.76,7.61,7.74,7.71,0.03000000000000025,0.3891,22268.0,17146.296
002581.SZ,20180905,7.73,7.97,7.69,7.71,7.74,-0.03000000000000025,-0.3876,28709.2,22460.69
002581.SZ,20180904,7.62,7.83,7.56,7.74,7.65,0.08999999999999986,1.1765,32379.0,24944.751
002581.SZ,20180903,7.74,7.78,7.45,7.65,7.68,-0.02999999999999936,-0.3906,29514.0,22336.068
002581.SZ,20180831,8.0,8.04,7.65,7.68,8.04,-0.35999999999999943,-4.4776,38730.2,30227.534
002581.SZ,20180830,8.18,8.18,8.0,8.04,8.15,-0.11000000000000121,-1.3497,21385.12,17304.58
002581.SZ,20180829,8.31,8.31,8.1,8.15,8.3,-0.15000000000000036,-1.8072,21296.0,17375.318
002581.SZ,20180828,8.32,8.48,8.24,8.3,8.37,-0.06999999999999851,-0.8363,18786.0,15562.535
002581.SZ,20180827,8.28,8.4,8.15,8.37,8.19,0.17999999999999972,2.1978,26012.02,21619.336
002581.SZ,20180824,8.14,8.43,8.14,8.19,8.16,0.02999999999999936,0.3676,30035.0,24883.86
002581.SZ,20180823,8.0,8.22,7.99,8.16,8.0,0.16000000000000014,2.0,28732.09,23388.355
002581.SZ,20180822,8.39,8.39,7.98,8.0,8.43,-0.4299999999999997,-5.1008,39194.04,31963.8
002581.SZ,20180821,8.36,8.5,8.3,8.43,8.38,0.049999999999998934,0.5967,20384.63,17190.771
002581.SZ,20180820,8.6,8.69,8.21,8.38,8.58,-0.1999999999999993,-2.331,28016.63,23525.515
002581.SZ,20180817,8.78,8.88,8.58,8.58,8.72,-0.14000000000000057,-1.6055,19364.49,16872.447
002581.SZ,20180816,8.81,8.91,8.6,8.72,8.94,-0.21999999999999886,-2.4609,22663.99,19880.791
002581.SZ,20180815,9.16,9.2,8.9,8.94,9.14,-0.20000000000000107,-2.1882,23379.0,21083.768
002581.SZ,20180814,9.0,9.23,8.93,9.14,9.06,0.08000000000000007,0.883,30441.69,27696.529
002581.SZ,20180813,8.88,9.07,8.75,9.06,9.1,-0.03999999999999915,-0.4396,36983.69,32901.735
002581.SZ,20180810,9.03,9.2,8.98,9.1,9.06,0.03999999999999915,0.4415,32155.97,29181.683
002581.SZ,20180809,8.88,9.1,8.8,9.06,8.93,0.13000000000000078,1.4558,37743.8,34009.234
002581.SZ,20180808,9.21,9.21,8.9,8.93,9.24,-0.3100000000000005,-3.355,41454.98,37423.484
002581.SZ,20180807,9.09,9.27,8.97,9.24,9.07,0.16999999999999993,1.8743,39774.42,36457.63
002581.SZ,20180806,9.37,9.38,9.03,9.07,9.52,-0.4499999999999993,-4.7269,36370.64,33371.101
002581.SZ,20180803,9.7,9.89,9.52,9.52,9.73,-0.21000000000000085,-2.1583,29485.64,28533.603
002581.SZ,20180802,10.15,10.15,9.5,9.73,10.32,-0.5899999999999999,-5.7171,71757.31,70217.199
002581.SZ,20180801,10.56,10.58,10.26,10.32,10.63,-0.3100000000000005,-2.9163,69599.76,72158.697
002581.SZ,20180731,10.72,10.73,10.33,10.63,10.74,-0.10999999999999943,-1.0242,57736.41,60778.108
002581.SZ,20180730,11.52,11.74,10.54,10.74,11.3,-0.5600000000000005,-4.9558,141015.29,155584.167
002581.SZ,20180727,10.22,11.3,10.22,11.3,10.27,1.0300000000000011,10.0292,107393.65,117270.881
002581.SZ,20180726,10.15,10.48,10.1,10.27,10.13,0.1399999999999988,1.382,62536.3,64446.692
002581.SZ,20180725,10.0,10.27,9.96,10.13,10.03,0.10000000000000142,0.997,50313.03,50999.814
002581.SZ,20180724,9.81,10.13,9.66,10.03,9.78,0.25,2.5562,46022.24,45642.975
002581.SZ,20180723,9.82,9.85,9.56,9.78,10.09,-0.3100000000000005,-3.0723,38699.0,37697.045
002581.SZ,20180720,9.79,10.12,9.76,10.09,9.75,0.33999999999999986,3.4872,35998.44,35827.528
002581.SZ,20180719,10.05,10.11,9.7,9.75,10.14,-0.39000000000000057,-3.8462,44494.67,43780.417
002581.SZ,20180718,10.3,10.39,10.1,10.14,10.33,-0.1899999999999995,-1.8393,30456.23,31031.105
002581.SZ,20180717,10.13,10.45,9.97,10.33,10.09,0.2400000000000002,2.3786,38166.42,38728.724
002581.SZ,20180716,9.88,10.13,9.86,10.09,10.45,-0.35999999999999943,-3.445,50938.66,50937.072
002581.SZ,20180713,10.28,10.76,10.12,10.45,10.25,0.1999999999999993,1.9512,51427.91,53812.527
002581.SZ,20180712,9.98,10.33,9.98,10.25,9.94,0.3100000000000005,3.1187,31598.0,32250.764
002581.SZ,20180711,10.27,10.27,9.79,9.94,10.38,-0.4400000000000013,-4.2389,38728.0,38593.051
002581.SZ,20180710,10.4,10.45,10.21,10.38,10.43,-0.049999999999998934,-0.4794,29310.0,30209.228
002581.SZ,20180709,10.2,10.5,10.15,10.43,10.05,0.379999999999999,3.7811,37163.15,38396.312
002581.SZ,20180706,9.64,10.29,9.6,10.05,9.61,0.4400000000000013,4.5786,69837.82,69210.785
002581.SZ,20180705,10.17,10.24,9.5,9.61,10.18,-0.5700000000000003,-5.5992,49019.09,48787.419
002581.SZ,20180704,10.52,10.57,10.11,10.18,10.52,-0.33999999999999986,-3.2319,28879.86,29861.224
002581.SZ,20180703,10.15,10.55,10.14,10.52,10.14,0.379999999999999,3.7475,38460.65,39645.36
002581.SZ,20180702,10.47,10.63,9.91,10.14,10.65,-0.5099999999999998,-4.7887,48305.39,49776.383
002581.SZ,20180629,10.43,10.68,10.11,10.65,10.35,0.3000000000000007,2.8986,32769.18,34256.535
002581.SZ,20180628,10.5,10.64,10.26,10.35,10.43,-0.08000000000000007,-0.767,23942.3,25064.918
002581.SZ,20180627,10.64,10.72,10.32,10.43,10.64,-0.21000000000000085,-1.9737,23550.0,24707.477
002581.SZ,20180626,10.19,10.75,10.12,10.64,10.44,0.20000000000000107,1.9157,25562.35,26944.577
002581.SZ,20180625,10.53,10.72,10.38,10.44,10.44,0.0,0.0,30923.48,32690.586
002581.SZ,20180622,9.92,10.47,9.92,10.44,10.09,0.34999999999999964,3.4688,43039.96,44205.776
002581.SZ,20180621,10.8,10.93,10.02,10.09,10.68,-0.5899999999999999,-5.5243,52551.35,54750.917
002581.SZ,20180620,10.29,10.86,10.26,10.68,10.29,0.39000000000000057,3.7901,42729.41,45045.084
002581.SZ,20180619,10.68,11.14,10.21,10.29,11.18,-0.8900000000000006,-7.9606,52640.15,55773.725
002581.SZ,20180615,12.41,12.51,11.17,11.18,12.41,-1.2300000000000004,-9.9114,87607.2,99647.318
002581.SZ,20180614,12.93,13.08,12.33,12.41,13.12,-0.7099999999999991,-5.4116,57208.2,72801.996
002581.SZ,20180613,13.21,13.28,12.93,13.12,13.28,-0.16000000000000014,-1.2048,26768.65,34932.301
002581.SZ,20180612,13.23,13.3,13.05,13.28,13.19,0.08999999999999986,0.6823,20514.3,27084.677
002581.SZ,20180611,13.33,13.4,13.1,13.19,13.4,-0.21000000000000085,-1.5672,22410.0,29537.85
002581.SZ,20180608,13.49,13.5,13.05,13.4,13.5,-0.09999999999999964,-0.7407,35022.0,46408.608
002581.SZ,20180607,13.83,13.83,13.39,13.5,13.78,-0.27999999999999936,-2.0319,34641.71,46960.31
002581.SZ,20180606,13.91,14.02,13.65,13.78,13.91,-0.13000000000000078,-0.9346,26640.5,36817.391
002581.SZ,20180605,13.78,13.99,13.6,13.91,13.74,0.16999999999999993,1.2373,32737.63,45330.424
002581.SZ,20180604,13.51,13.85,13.48,13.74,13.48,0.2599999999999998,1.9288,22421.02,30641.699
002581.SZ,20180601,13.98,13.98,13.32,13.48,13.91,-0.4299999999999997,-3.0913,39504.0,53894.25
002581.SZ,20180531,13.95,14.29,13.85,13.91,13.88,0.02999999999999936,0.2161,36316.02,50901.136
002581.SZ,20180530,14.25,14.46,13.8,13.88,14.65,-0.7699999999999996,-5.256,48828.0,68754.991
002581.SZ,20180529,15.5,15.5,14.6,14.65,15.53,-0.879999999999999,-5.6665,49599.88,74618.876
002581.SZ,20180528,15.38,15.79,15.09,15.53,15.53,0.0,0.0,32408.0,50031.572
002581.SZ,20180525,15.39,15.85,15.17,15.53,15.55,-0.02000000000000135,-0.1286,40497.45,62902.787
002581.SZ,20180524,15.6,15.63,14.85,15.55,15.78,-0.22999999999999865,-1.4575,54600.0,83581.083
002581.SZ,20180523,16.0,16.4,15.71,15.78,15.72,0.05999999999999872,0.3817,78021.69,124926.367
002581.SZ,20180522,15.61,15.82,15.47,15.72,15.54,0.1800000000000015,1.1583,52670.66,82668.139
002581.SZ,20180521,15.72,15.78,15.43,15.54,15.55,-0.010000000000001563,-0.0643,37922.2,58928.516
002581.SZ,20180518,15.37,15.85,15.37,15.55,15.55,0.0,0.0,29689.77,46308.471
002581.SZ,20180517,15.7,15.84,15.23,15.55,15.7,-0.14999999999999858,-0.9554,53560.16,83242.066
002581.SZ,20180516,15.68,16.25,15.53,15.7,15.91,-0.21000000000000085,-1.3199,52414.86,83104.127
002581.SZ,20180515,16.07,16.22,15.88,15.91,15.8,0.10999999999999943,0.6962,54804.95,87819.095
002581.SZ,20180514,16.54,16.56,15.71,15.8,16.77,-0.9699999999999989,-5.7841,86618.17,138339.204
002581.SZ,20180511,16.84,17.49,16.51,16.77,16.97,-0.1999999999999993,-1.1786,104109.98,176778.756
002581.SZ,20180510,15.75,17.26,15.7,16.97,15.69,1.2799999999999994,8.1581,141962.21,238198.987
002581.SZ,20180509,15.44,15.9,15.43,15.69,15.64,0.049999999999998934,0.3197,35407.47,55602.393
002581.SZ,20180508,15.55,15.88,15.31,15.64,15.42,0.22000000000000064,1.4267,44881.53,70061.967
002581.SZ,20180507,15.3,15.68,15.25,15.42,15.39,0.02999999999999936,0.1949,40474.02,62673.447
002581.SZ,20180504,14.4,15.5,14.38,15.39,14.52,0.870000000000001,5.9917,56966.48,85904.13
002581.SZ,20180503,14.65,14.66,14.12,14.52,14.66,-0.14000000000000057,-0.955,27294.3,39276.018
002581.SZ,20180502,15.07,15.16,14.5,14.66,15.09,-0.4299999999999997,-2.8496,36155.4,53328.413
002581.SZ,20180427,14.88,15.29,14.69,15.09,14.85,0.2400000000000002,1.6162,35357.02,53125.538
002581.SZ,20180426,14.98,15.17,14.82,14.85,15.27,-0.41999999999999993,-2.7505,32121.61,48020.246
002581.SZ,20180425,14.19,15.41,14.16,15.27,14.39,0.879999999999999,6.1154,60152.09,90275.984
002581.SZ,20180424,13.71,14.44,13.65,14.39,13.71,0.6799999999999997,4.9599,32075.49,45183.723
002581.SZ,20180423,14.1,14.1,13.31,13.71,14.3,-0.5899999999999999,-4.1259,46288.28,63429.39
002581.SZ,20180420,14.56,14.95,14.22,14.3,14.86,-0.5599999999999987,-3.7685,32578.06,47255.793
002581.SZ,20180419,14.8,15.13,14.5,14.86,14.88,-0.02000000000000135,-0.1344,33715.6,50067.774
002581.SZ,20180418,15.18,15.29,14.4,14.88,15.05,-0.16999999999999993,-1.1296,46381.8,68513.341
002581.SZ,20180417,15.8,16.35,14.97,15.05,16.44,-1.3900000000000006,-8.455,62053.92,96787.315
002581.SZ,20180416,16.48,16.54,15.81,16.44,16.67,-0.23000000000000043,-1.3797,54245.82,87843.593
002581.SZ,20180413,16.48,16.75,16.3,16.67,16.55,0.120000000000001,0.7251,58458.87,96731.784
002581.SZ,20180412,16.45,16.91,16.45,16.55,16.15,0.40000000000000213,2.4768,84284.22,140363.495
002581.SZ,20180411,16.25,16.36,16.05,16.15,16.16,-0.010000000000001563,-0.0619,30430.39,49109.024
002581.SZ,20180410,16.05,16.33,15.82,16.16,16.11,0.05000000000000071,0.3104,39350.27,63383.968
002581.SZ,20180409,15.75,16.3,15.63,16.11,15.98,0.129999999999999,0.8135,31763.56,51076.587
002581.SZ,20180404,16.39,16.81,15.91,15.98,16.16,-0.17999999999999972,-1.1139,51935.73,85131.597
002581.SZ,20180403,16.31,16.4,16.05,16.16,16.5,-0.33999999999999986,-2.0606,37638.63,60990.279
002581.SZ,20180402,16.5,16.68,16.25,16.5,16.22,0.28000000000000114,1.7263,56014.48,92508.445
002581.SZ,20180330,15.78,16.33,15.71,16.22,15.74,0.47999999999999865,3.0496,45138.99,72755.246
002581.SZ,20180329,15.65,15.86,15.5,15.74,15.72,0.019999999999999574,0.1272,32352.54,50812.145
002581.SZ,20180328,15.4,16.31,15.35,15.72,15.71,0.009999999999999787,0.0637,44152.91,70393.484
002581.SZ,20180327,15.43,15.89,15.43,15.71,15.25,0.46000000000000085,3.0164,47386.6,74104.011
002581.SZ,20180326,14.7,15.35,14.25,15.25,14.97,0.27999999999999936,1.8704,50353.18,74947.554
002581.SZ,20180323,15.9,16.14,14.97,14.97,16.63,-1.6599999999999984,-9.982,85584.35,132304.638
002581.SZ,20180322,16.61,16.97,16.59,16.63,16.84,-0.21000000000000085,-1.247,42571.6,71163.875
002581.SZ,20180321,16.74,16.98,16.45,16.84,16.85,-0.010000000000001563,-0.0593,66890.09,111583.976
002581.SZ,20180320,16.06,17.12,16.0,16.85,16.48,0.370000000000001,2.2451,92251.65,154464.269
002581.SZ,20180319,16.18,16.78,15.82,16.48,16.07,0.41000000000000014,2.5513,67645.61,110833.612
002581.SZ,20180316,15.73,17.24,15.67,16.07,15.67,0.40000000000000036,2.5526,96845.74,158704.178
002581.SZ,20180315,15.69,15.8,15.38,15.67,16.06,-0.3899999999999988,-2.4284,78956.67,123123.53
002581.SZ,20180314,16.35,16.48,16.0,16.06,16.66,-0.6000000000000014,-3.6014,98939.31,160389.564
002581.SZ,20180313,17.2,17.97,16.66,16.66,16.69,-0.030000000000001137,-0.1797,233876.7,404349.765
002581.SZ,20180312,16.13,16.69,16.0,16.69,15.17,1.5200000000000014,10.0198,126691.14,210277.684
002581.SZ,20180309,14.63,15.39,14.55,15.17,14.61,0.5600000000000005,3.833,61145.9,91879.112
002581.SZ,20180308,14.55,14.75,14.38,14.61,14.55,0.05999999999999872,0.4124,29632.05,43063.838
002581.SZ,20180307,14.75,14.87,14.45,14.55,14.99,-0.4399999999999995,-2.9353,40963.02,59868.818
002581.SZ,20180306,14.35,15.39,14.2,14.99,14.33,0.6600000000000001,4.6057,54242.27,79945.103
002581.SZ,20180305,14.6,14.7,14.17,14.33,14.47,-0.14000000000000057,-0.9675,22317.61,32022.826
002581.SZ,20180302,14.5,14.87,14.41,14.47,14.58,-0.10999999999999943,-0.7545,28337.03,41443.194
002581.SZ,20180301,14.2,14.63,14.03,14.58,14.23,0.34999999999999964,2.4596,32637.0,47051.684
002581.SZ,20180228,14.1,14.34,13.95,14.23,14.28,-0.049999999999998934,-0.3501,22178.0,31329.283
002581.SZ,20180227,14.13,14.66,14.03,14.28,14.15,0.129999999999999,0.9187,38863.0,55774.798
002581.SZ,20180226,13.61,14.3,13.56,14.15,13.56,0.5899999999999999,4.351,44123.01,61604.259
002581.SZ,20180223,13.53,13.68,13.47,13.56,13.57,-0.009999999999999787,-0.0737,15943.0,21620.542
002581.SZ,20180222,13.6,13.79,13.5,13.57,13.48,0.08999999999999986,0.6677,22617.01,30700.311
002581.SZ,20180214,13.69,13.89,13.46,13.48,13.68,-0.1999999999999993,-1.462,23025.0,31389.899
002581.SZ,20180213,13.74,14.14,13.57,13.68,13.67,0.009999999999999787,0.0732,30948.37,42865.241
002581.SZ,20180212,13.42,13.78,13.32,13.67,13.69,-0.019999999999999574,-0.1461,34644.93,47154.621
002581.SZ,20180209,13.11,13.99,12.75,13.69,13.51,0.17999999999999972,1.3323,74233.47,99442.793
002581.SZ,20180208,13.4,13.65,13.26,13.51,13.41,0.09999999999999964,0.7457,46040.32,62157.82
002581.SZ,20180207,13.56,13.65,12.73,13.41,13.11,0.3000000000000007,2.2883,113150.78,150961.256
002581.SZ,20180206,13.91,14.09,13.1,13.11,14.56,-1.450000000000001,-9.9588,159742.69,213285.891
002581.SZ,20180205,15.68,15.68,14.31,14.56,15.9,-1.3399999999999999,-8.4277,115506.18,168219.319
002581.SZ,20180202,17.78,17.78,15.9,15.9,17.67,-1.7700000000000014,-10.017,80074.54,131441.528
002581.SZ,20180201,18.4,18.4,17.6,17.67,18.4,-0.7299999999999969,-3.9674,22313.0,39967.228
002581.SZ,20180131,18.55,18.79,18.23,18.4,18.7,-0.3000000000000007,-1.6043,20528.0,38021.956
002581.SZ,20180130,18.41,18.78,18.41,18.7,18.52,0.17999999999999972,0.9719,27831.6,51950.524
002581.SZ,20180129,18.33,18.77,18.26,18.52,18.4,0.120000000000001,0.6522,32669.25,60729.314
002581.SZ,20180126,17.96,18.53,17.91,18.4,17.96,0.4399999999999977,2.4499,28402.56,52256.356
002581.SZ,20180125,17.92,18.06,17.86,17.96,17.92,0.03999999999999915,0.2232,12143.0,21823.043
002581.SZ,20180124,18.15,18.19,17.81,17.92,18.15,-0.22999999999999687,-1.2672,25038.08,44897.21
002581.SZ,20180123,18.18,18.32,18.04,18.15,18.27,-0.120000000000001,-0.6568,14532.66,26410.764
002581.SZ,20180122,18.18,18.39,17.96,18.27,18.23,0.03999999999999915,0.2194,16826.77,30491.093
002581.SZ,20180119,18.17,18.35,18.11,18.23,18.17,0.05999999999999872,0.3302,11848.0,21639.97
002581.SZ,20180118,18.21,18.3,18.16,18.17,18.21,-0.03999999999999915,-0.2197,8916.0,16239.618
002581.SZ,20180117,18.38,18.38,18.11,18.21,18.21,0.0,0.0,12613.68,22981.862
002581.SZ,20180116,18.11,18.4,18.08,18.21,18.19,0.019999999999999574,0.11,15701.77,28561.099
002581.SZ,20180115,18.76,18.92,18.1,18.19,18.85,-0.6600000000000001,-3.5013,23917.0,44080.031
002581.SZ,20180112,19.13,19.23,18.75,18.85,19.08,-0.22999999999999687,-1.2055,17286.0,32751.677
002581.SZ,20180111,18.85,19.18,18.84,19.08,18.85,0.22999999999999687,1.2202,17109.55,32586.939
002581.SZ,20180110,19.0,19.18,18.66,18.85,19.02,-0.16999999999999815,-0.8938,13376.42,25249.414
002581.SZ,20180109,18.79,19.28,18.69,19.02,18.79,0.23000000000000043,1.2241,17483.6,33274.836
002581.SZ,20180108,18.92,19.11,18.6,18.79,18.86,-0.07000000000000028,-0.3712,19749.63,36960.859
002581.SZ,20180105,19.19,19.33,18.86,18.86,19.1,-0.240000000000002,-1.2565,25138.1,48008.295
002581.SZ,20180104,19.29,19.34,19.08,19.1,19.35,-0.25,-1.292,20087.0,38496.211
002581.SZ,20180103,19.32,19.6,19.3,19.35,19.45,-0.09999999999999787,-0.5141,19499.6,37861.489
002581.SZ,20180102,18.84,19.7,18.84,19.45,19.17,0.2799999999999976,1.4606,33623.0,65416.184
002581.SZ,20171229,18.45,19.35,18.4,19.17,18.44,0.7300000000000004,3.9588,31906.22,60408.063
002581.SZ,20171228,18.54,18.95,18.4,18.44,18.78,-0.33999999999999986,-1.8104,31880.0,59349.545
002581.SZ,20171227,18.9,19.86,18.78,18.78,18.06,0.7200000000000024,3.9867,52394.67,100685.081
002581.SZ,20171226,17.94,18.06,17.77,18.06,18.05,0.00999999999999801,0.0554,12639.84,22667.823
002581.SZ,20171225,18.02,18.15,17.5,18.05,18.04,0.010000000000001563,0.0554,29678.82,52858.871
002581.SZ,20171222,18.34,18.38,18.0,18.04,18.37,-0.33000000000000185,-1.7964,13451.0,24374.097
002581.SZ,20171221,18.36,18.49,18.12,18.37,18.5,-0.129999999999999,-0.7027,9013.0,16497.383
002581.SZ,20171220,18.64,18.66,18.42,18.5,18.62,-0.120000000000001,-0.6445,8284.77,15336.678
002581.SZ,20171219,18.55,18.76,18.49,18.62,18.51,0.10999999999999943,0.5943,9850.63,18312.994
002581.SZ,20171218,18.6,18.7,18.5,18.51,18.62,-0.10999999999999943,-0.5908,13007.0,24191.164
002581.SZ,20171215,18.6,18.65,18.49,18.62,18.63,-0.00999999999999801,-0.0537,12306.96,22838.411
002581.SZ,20171214,18.5,18.65,18.43,18.63,18.5,0.129999999999999,0.7027,11855.29,21978.882
002581.SZ,20171213,18.38,18.55,18.3,18.5,18.4,0.10000000000000142,0.5435,10721.34,19755.856
002581.SZ,20171212,18.62,18.68,18.28,18.4,18.6,-0.20000000000000284,-1.0753,16176.27,29813.219
002581.SZ,20171211,18.52,18.73,18.43,18.6,18.65,-0.04999999999999716,-0.2681,21926.08,40636.149
002581.SZ,20171208,18.32,18.69,18.32,18.65,18.49,0.16000000000000014,0.8653,18783.17,34878.397
002581.SZ,20171207,18.44,18.65,18.17,18.49,18.5,-0.010000000000001563,-0.0541,17279.64,31899.265
002581.SZ,20171206,18.48,18.78,18.3,18.5,18.79,-0.28999999999999915,-1.5434,19613.0,36289.999
002581.SZ,20171205,18.96,19.33,18.38,18.79,18.89,-0.10000000000000142,-0.5294,14514.0,27332.609
002581.SZ,20171204,19.4,19.65,18.88,18.89,19.52,-0.629999999999999,-3.2275,17112.0,32967.321
002581.SZ,20171201,19.24,19.9,19.24,19.52,19.36,0.16000000000000014,0.8264,16856.0,33011.256
002581.SZ,20171130,19.69,19.73,19.25,19.36,19.53,-0.1700000000000017,-0.8705,17700.24,34519.701
002581.SZ,20171129,18.91,19.68,18.91,19.53,19.09,0.4400000000000013,2.3049,31853.7,61550.061
002581.SZ,20171128,18.22,19.64,18.22,19.09,17.95,1.1400000000000006,6.351,38537.76,73374.253
002581.SZ,20171127,18.51,18.51,17.91,17.95,18.5,-0.5500000000000007,-2.973,17768.0,32229.756
002581.SZ,20171124,18.9,18.97,18.42,18.5,19.0,-0.5,-2.6316,22144.29,41020.238
002581.SZ,20171123,19.38,19.38,18.84,19.0,19.4,-0.3999999999999986,-2.0619,25932.0,49380.616
002581.SZ,20171122,19.43,19.45,19.23,19.4,19.48,-0.08000000000000185,-0.4107,22359.0,43183.113
002581.SZ,20171121,19.44,19.55,19.25,19.48,19.56,-0.0799999999999983,-0.409,17905.0,34688.359
002581.SZ,20171120,19.55,19.56,19.17,19.56,19.55,0.00999999999999801,0.0512,22363.7,43150.891
002581.SZ,20171117,20.41,20.41,19.26,19.55,20.31,-0.759999999999998,-3.742,44369.94,86949.044
002581.SZ,20171116,20.3,20.55,20.3,20.31,20.35,-0.0400000000000027,-0.1966,19210.0,39202.124
002581.SZ,20171115,20.59,20.6,20.35,20.35,20.61,-0.259999999999998,-1.2615,15477.32,31600.168
002581.SZ,20171114,20.31,20.83,20.22,20.61,20.35,0.259999999999998,1.2776,19904.75,40864.334
002581.SZ,20171113,20.8,20.8,20.3,20.35,20.79,-0.4399999999999977,-2.1164,28750.42,58922.689
002581.SZ,20171110,21.0,21.01,20.72,20.79,21.08,-0.28999999999999915,-1.3757,15723.0,32717.754
002581.SZ,20171109,20.92,21.27,20.79,21.08,20.93,0.14999999999999858,0.7167,21239.4,44803.261
002581.SZ,20171108,20.3,20.95,20.27,20.93,20.41,0.5199999999999996,2.5478,24864.01,51436.842
002581.SZ,20171107,20.4,20.69,20.33,20.41,20.5,-0.08999999999999986,-0.439,16733.0,34209.535
002581.SZ,20171106,20.86,20.86,20.27,20.5,20.88,-0.379999999999999,-1.8199,27746.0,56783.244
002581.SZ,20171103,20.85,20.95,20.51,20.88,21.01,-0.13000000000000256,-0.6188,25587.09,52877.034
002581.SZ,20171102,21.25,21.25,20.66,21.01,21.28,-0.2699999999999996,-1.2688,24052.24,50191.91
002581.SZ,20171101,21.2,21.33,21.02,21.28,21.1,0.17999999999999972,0.8531,14630.82,30958.226
002581.SZ,20171031,21.55,21.55,21.0,21.1,21.05,0.05000000000000071,0.2375,12641.04,26731.576
002581.SZ,20171030,21.7,21.84,21.0,21.05,21.68,-0.629999999999999,-2.9059,21298.0,45273.609
002581.SZ,20171027,21.83,22.09,21.54,21.68,21.82,-0.14000000000000057,-0.6416,17472.0,38259.342
002581.SZ,20171026,21.6,21.89,21.6,21.82,21.59,0.23000000000000043,1.0653,15837.0,34449.317
002581.SZ,20171025,21.6,21.77,21.51,21.59,21.55,0.03999999999999915,0.1856,9447.95,20442.433
002581.SZ,20171024,21.74,21.83,21.43,21.55,21.73,-0.17999999999999972,-0.8283,11197.02,24160.845
002581.SZ,20171023,21.66,21.85,21.6,21.73,21.72,0.010000000000001563,0.046,10280.84,22314.236
002581.SZ,20171020,21.31,21.73,21.31,21.72,21.48,0.23999999999999844,1.1173,8110.04,17532.549
002581.SZ,20171019,21.59,21.88,21.41,21.48,21.59,-0.10999999999999943,-0.5095,13732.02,29702.773
002581.SZ,20171018,22.08,22.09,21.51,21.59,21.94,-0.3500000000000014,-1.5953,19528.15,42430.387
002581.SZ,20171017,22.06,22.18,21.8,21.94,22.12,-0.17999999999999972,-0.8137,19789.35,43484.824
002581.SZ,20171016,22.39,22.39,22.12,22.12,22.56,-0.4399999999999977,-1.9504,24362.92,54170.632
002581.SZ,20171013,22.2,22.79,22.14,22.56,22.21,0.34999999999999787,1.5759,31873.64,71759.711
002581.SZ,20171012,22.59,22.68,22.18,22.21,22.58,-0.36999999999999744,-1.6386,26351.88,58904.558
002581.SZ,20171011,22.9,23.09,22.54,22.58,22.85,-0.2700000000000031,-1.1816,21949.0,49877.417
002581.SZ,20171010,22.67,23.09,22.67,22.85,22.67,0.17999999999999972,0.794,29017.5,66472.639
002581.SZ,20171009,22.39,22.81,22.2,22.67,22.38,0.2900000000000027,1.2958,32774.4,73696.496
002581.SZ,20170929,22.4,22.44,22.18,22.38,22.29,0.08999999999999986,0.4038,17473.0,39009.307
002581.SZ,20170928,22.4,22.6,22.28,22.29,22.48,-0.19000000000000128,-0.8452,23317.68,52148.369
002581.SZ,20170927,22.33,22.64,22.33,22.48,22.5,-0.019999999999999574,-0.0889,21542.25,48437.925
002581.SZ,20170926,22.4,22.71,22.27,22.5,22.47,0.030000000000001137,0.1335,25944.3,58264.048
002581.SZ,20170925,23.0,23.34,22.45,22.47,23.18,-0.7100000000000009,-3.063,34918.0,79626.527
002581.SZ,20170922,22.9,23.3,22.45,23.18,23.0,0.17999999999999972,0.7826,61594.26,141054.834
002581.SZ,20170921,23.68,24.1,22.83,23.0,23.0,0.0,0.0,59992.65,139611.496
002581.SZ,20170920,23.49,23.49,22.69,23.0,22.99,0.010000000000001563,0.0435,65796.6,151648.36
002581.SZ,20170919,22.71,23.12,22.4,22.99,22.74,0.25,1.0994,98557.46,225249.293
002581.SZ,20170918,22.25,23.04,22.07,22.74,22.05,0.6899999999999977,3.1293,82160.53,186102.772
002581.SZ,20170915,21.48,22.49,21.48,22.05,21.46,0.5899999999999999,2.7493,76878.22,169513.438
002581.SZ,20170914,21.4,21.73,21.4,21.46,21.41,0.05000000000000071,0.2335,41149.13,88584.025
002581.SZ,20170913,21.63,21.88,21.18,21.41,21.65,-0.23999999999999844,-1.1085,46441.74,99561.775
002581.SZ,20170912,21.7,22.45,21.12,21.65,21.72,-0.07000000000000028,-0.3223,97832.22,213666.038
002581.SZ,20170911,20.83,21.87,20.76,21.72,20.85,0.8699999999999974,4.1727,89274.03,191901.251
002581.SZ,20170908,20.59,21.18,20.59,20.85,20.63,0.22000000000000242,1.0664,51571.98,107733.181
002581.SZ,20170907,20.59,20.78,20.53,20.63,20.58,0.05000000000000071,0.243,33187.57,68485.571
002581.SZ,20170906,20.38,20.67,20.32,20.58,20.44,0.13999999999999702,0.6849,51246.55,105199.786
002581.SZ,20170905,20.41,20.44,20.28,20.44,20.45,-0.00999999999999801,-0.0489,28691.85,58367.706
002581.SZ,20170904,20.48,20.48,20.23,20.45,20.49,-0.03999999999999915,-0.1952,41776.33,84940.774
002581.SZ,20170901,20.7,20.71,20.31,20.49,20.63,-0.14000000000000057,-0.6786,63051.68,129239.32
002581.SZ,20170831,20.5,20.97,20.4,20.63,21.48,-0.8500000000000014,-3.9572,135355.05,279890.126
002581.SZ,20170830,20.62,21.69,20.62,21.48,20.66,0.8200000000000003,3.969,79888.24,168640.982
002581.SZ,20170829,20.63,20.69,20.45,20.66,20.63,0.030000000000001137,0.1454,31664.0,65077.759
002581.SZ,20170828,20.49,20.7,20.39,20.63,20.5,0.129999999999999,0.6341,30846.97,63544.02
002581.SZ,20170825,20.43,20.55,20.35,20.5,20.46,0.03999999999999915,0.1955,22527.8,46158.33
002581.SZ,20170824,20.4,20.46,20.25,20.46,20.39,0.07000000000000028,0.3433,28585.51,58244.422
002581.SZ,20170823,20.47,20.67,20.36,20.39,20.47,-0.0799999999999983,-0.3908,33386.23,68366.109
002581.SZ,20170822,20.41,20.62,20.28,20.47,20.38,0.08999999999999986,0.4416,25554.08,52182.715
002581.SZ,20170821,20.38,20.48,20.3,20.38,20.45,-0.07000000000000028,-0.3423,26464.0,54015.208
002581.SZ,20170818,20.52,20.52,20.18,20.45,20.59,-0.14000000000000057,-0.6799,37992.18,77159.236
002581.SZ,20170817,20.6,20.68,20.49,20.59,20.62,-0.030000000000001137,-0.1455,34258.42,70532.484
002581.SZ,20170816,20.58,20.75,20.44,20.62,20.58,0.0400000000000027,0.1944,36903.0,76046.816
002581.SZ,20170815,20.59,20.77,20.4,20.58,20.58,0.0,0.0,49520.74,101722.051
002581.SZ,20170814,20.5,20.68,20.31,20.58,20.5,0.0799999999999983,0.3902,32224.29,66159.828
002581.SZ,20170811,20.33,20.97,20.2,20.5,20.38,0.120000000000001,0.5888,38219.88,78823.15
002581.SZ,20170810,20.26,20.39,20.14,20.38,20.4,-0.019999999999999574,-0.098,19423.57,39325.073
002581.SZ,20170809,20.38,20.46,20.28,20.4,20.43,-0.030000000000001137,-0.1468,19108.06,38886.783
002581.SZ,20170808,20.44,20.52,20.22,20.43,20.46,-0.030000000000001137,-0.1466,23356.85,47612.875
002581.SZ,20170807,20.18,20.46,20.16,20.46,20.15,0.3100000000000023,1.5385,26169.68,53025.417
002581.SZ,20170804,20.07,20.2,19.9,20.15,20.2,-0.05000000000000071,-0.2475,34941.16,69963.306
002581.SZ,20170803,19.79,20.8,19.68,20.2,20.2,0.0,0.0,45257.25,90848.108
002581.SZ,20170802,20.3,20.9,19.75,20.2,19.78,0.41999999999999815,2.1234,62985.48,127162.195
002581.SZ,20170719,20.0,20.0,19.4,19.78,20.07,-0.28999999999999915,-1.4449,40373.43,79436.798
002581.SZ,20170718,19.88,20.21,19.75,20.07,20.1,-0.030000000000001137,-0.1493,22484.25,44855.72
002581.SZ,20170717,20.36,20.44,19.5,20.1,20.46,-0.35999999999999943,-1.7595,33502.98,66595.408
002581.SZ,20170714,20.27,20.47,20.21,20.46,20.27,0.19000000000000128,0.9373,14292.7,29149.585
002581.SZ,20170713,20.33,20.37,20.18,20.27,20.33,-0.05999999999999872,-0.2951,9705.18,19681.255
002581.SZ,20170712,20.4,20.41,20.21,20.33,20.43,-0.10000000000000142,-0.4895,16231.49,32982.203
002581.SZ,20170711,20.44,20.46,20.31,20.43,20.43,0.0,0.0,14096.79,28723.238
002581.SZ,20170710,20.48,20.53,20.28,20.43,20.5,-0.07000000000000028,-0.3415,20787.0,42394.271
002581.SZ,20170707,20.33,20.54,20.29,20.5,20.44,0.05999999999999872,0.2935,25182.77,51385.645
002581.SZ,20170706,20.37,20.6,20.24,20.44,20.45,-0.00999999999999801,-0.0489,41852.39,85361.823
002581.SZ,20170705,20.32,20.46,20.23,20.45,20.43,0.019999999999999574,0.0979,25647.58,52188.732
002581.SZ,20170704,20.36,20.43,20.18,20.43,20.43,0.0,0.0,23064.32,46735.761
002581.SZ,20170703,20.44,20.45,20.09,20.43,20.45,-0.019999999999999574,-0.0978,29548.24,59788.183
002581.SZ,20170630,20.48,20.53,20.11,20.45,20.47,-0.019999999999999574,-0.0977,17757.43,36129.671
002581.SZ,20170629,20.47,20.55,20.35,20.47,20.45,0.019999999999999574,0.0978,13623.35,27885.829
002581.SZ,20170628,20.64,20.64,20.22,20.45,20.5,-0.05000000000000071,-0.2439,18564.67,37754.42
002581.SZ,20170627,20.8,21.13,20.4,20.5,20.68,-0.17999999999999972,-0.8704,40599.99,83875.828
002581.SZ,20170626,20.36,20.75,20.35,20.68,20.45,0.23000000000000043,1.1247,21902.98,45180.72
002581.SZ,20170623,20.49,20.54,20.21,20.45,20.49,-0.03999999999999915,-0.1952,14063.94,28640.554
002581.SZ,20170622,20.7,20.84,20.46,20.49,20.79,-0.3000000000000007,-1.443,21565.8,44560.656
002581.SZ,20170621,20.75,20.79,20.59,20.79,20.62,0.16999999999999815,0.8244,23268.34,48106.289
002581.SZ,20170620,20.49,20.87,20.39,20.62,20.47,0.15000000000000213,0.7328,26088.46,53811.755
002581.SZ,20170619,21.16,21.18,20.2,20.47,21.01,-0.5400000000000027,-2.5702,78588.49,160698.249
002581.SZ,20170616,20.65,21.29,20.65,21.01,20.63,0.38000000000000256,1.842,40780.96,85743.822
002581.SZ,20170615,20.15,20.74,20.15,20.63,20.43,0.1999999999999993,0.979,39275.49,80892.528
002581.SZ,20170614,20.33,20.61,20.15,20.43,20.65,-0.21999999999999886,-1.0654,39610.14,80524.207
002581.SZ,20170613,21.28,21.29,19.22,20.65,21.3,-0.6500000000000021,-3.0516,91341.05,183757.796
002581.SZ,20170612,21.65,21.75,21.3,21.3,21.78,-0.4800000000000004,-2.2039,29881.45,64090.479
002581.SZ,20170609,22.16,22.16,21.74,21.78,22.1,-0.3200000000000003,-1.448,22018.98,48179.271
002581.SZ,20170608,22.03,22.26,21.92,22.1,22.22,-0.11999999999999744,-0.5401,18273.24,40342.826
002581.SZ,20170607,21.73,22.3,21.71,22.22,21.79,0.4299999999999997,1.9734,21391.11,47277.469
002581.SZ,20170606,21.68,21.89,21.58,21.79,21.68,0.10999999999999943,0.5074,7796.05,16950.838
002581.SZ,20170605,21.54,22.13,21.54,21.68,21.72,-0.03999999999999915,-0.1842,13141.86,28670.428
002581.SZ,20170602,21.5,21.92,21.1,21.72,21.52,0.1999999999999993,0.9294,22177.27,47429.739
002581.SZ,20170601,21.81,22.11,21.5,21.52,22.01,-0.490000000000002,-2.2263,8910.0,19395.823
002581.SZ,20170531,22.3,22.4,21.89,22.01,22.04,-0.029999999999997584,-0.1361,9910.12,21965.863
002581.SZ,20170526,21.92,22.28,21.91,22.04,21.94,0.09999999999999787,0.4558,9976.08,22045.159
002581.SZ,20170525,21.98,22.19,21.41,21.94,22.09,-0.14999999999999858,-0.679,22444.77,48749.64
002581.SZ,20170524,21.8,22.1,21.51,22.09,21.85,0.23999999999999844,1.0984,10552.93,23073.651
002581.SZ,20170523,22.38,22.54,21.58,21.85,22.5,-0.6499999999999986,-2.8889,12804.72,28210.493
002581.SZ,20170522,22.66,22.71,22.26,22.5,22.57,-0.07000000000000028,-0.3101,9521.61,21414.426
002581.SZ,20170519,23.13,23.18,22.52,22.57,23.15,-0.5799999999999983,-2.5054,22286.03,50518.375
002581.SZ,20170518,22.98,23.3,22.84,23.15,22.94,0.2099999999999973,0.9154,14712.89,33922.487
002581.SZ,20170517,23.01,23.48,22.88,22.94,22.88,0.060000000000002274,0.2622,18752.18,43415.059
002581.SZ,20170516,22.1,22.94,22.01,22.88,22.17,0.7099999999999973,3.2025,18836.54,42287.33
002581.SZ,20170515,22.02,22.35,21.89,22.17,22.02,0.15000000000000213,0.6812,12642.98,27993.179
002581.SZ,20170512,22.05,22.4,21.53,22.02,22.15,-0.129999999999999,-0.5869,15833.26,34758.777
002581.SZ,20170511,21.25,22.17,21.25,22.15,21.63,0.5199999999999996,2.4041,21924.83,47673.308
002581.SZ,20170510,22.21,22.5,21.54,21.63,22.22,-0.5899999999999999,-2.6553,15377.81,33822.057
002581.SZ,20170509,21.98,22.3,21.82,22.22,22.0,0.21999999999999886,1.0,8539.0,18879.87
002581.SZ,20170508,21.82,22.27,21.53,22.0,21.8,0.1999999999999993,0.9174,17655.63,38943.853
002581.SZ,20170505,23.1,23.36,21.0,21.8,23.16,-1.3599999999999994,-5.8722,37210.39,82753.186
002581.SZ,20170504,23.36,23.63,23.07,23.16,23.45,-0.28999999999999915,-1.2367,11269.09,26274.603
002581.SZ,20170503,23.65,23.8,23.3,23.45,23.52,-0.07000000000000028,-0.2976,16266.69,38195.963
002581.SZ,20170502,23.55,23.8,23.22,23.52,23.7,-0.17999999999999972,-0.7595,18510.12,43586.521
002581.SZ,20170428,22.8,23.77,22.69,23.7,22.53,1.1699999999999982,5.1931,52153.7,121418.312
002581.SZ,20170427,23.7,23.97,21.71,22.53,24.12,-1.5899999999999999,-6.592,83689.5,187387.567
002581.SZ,20170426,24.23,24.65,23.77,24.12,24.31,-0.18999999999999773,-0.7816,27238.53,65752.497
002581.SZ,20170425,25.28,25.35,24.3,24.31,25.2,-0.8900000000000006,-3.5317,23641.75,59098.67
002581.SZ,20170424,25.16,25.3,24.66,25.2,25.1,0.09999999999999787,0.3984,30184.65,75350.566
002581.SZ,20170421,24.56,25.5,24.5,25.1,24.57,0.5300000000000011,2.1571,34983.71,88106.046
002581.SZ,20170420,24.85,25.09,24.41,24.57,24.74,-0.16999999999999815,-0.6871,21093.54,52296.147
002581.SZ,20170419,24.97,25.13,23.88,24.74,25.06,-0.3200000000000003,-1.2769,31609.43,77427.27
002581.SZ,20170418,25.17,25.35,24.93,25.06,25.16,-0.10000000000000142,-0.3975,18045.52,45411.365
002581.SZ,20170417,25.16,25.5,24.88,25.16,25.3,-0.14000000000000057,-0.5534,31719.16,79942.122
002581.SZ,20170414,25.38,25.54,25.0,25.3,25.41,-0.10999999999999943,-0.4329,25094.72,63375.007
002581.SZ,20170413,25.25,25.64,24.72,25.41,25.25,0.16000000000000014,0.6337,41759.78,105643.742
002581.SZ,20170412,25.3,25.55,24.92,25.25,25.4,-0.14999999999999858,-0.5906,23949.7,60346.246
002581.SZ,20170411,25.7,26.37,24.91,25.4,25.6,-0.20000000000000284,-0.7813,74159.99,189848.094
002581.SZ,20170410,25.05,25.79,24.63,25.6,24.91,0.6900000000000013,2.77,61413.56,155697.973
002581.SZ,20170407,24.06,25.17,24.06,24.91,24.15,0.7600000000000016,3.147,35747.23,88323.839
002581.SZ,20170406,24.74,24.78,24.11,24.15,24.52,-0.370000000000001,-1.509,19826.93,48424.965
002581.SZ,20170405,23.75,24.7,23.73,24.52,23.68,0.8399999999999999,3.5473,26398.56,64012.139
002581.SZ,20170331,23.3,23.74,23.3,23.68,23.31,0.370000000000001,1.5873,14565.36,34411.559
002581.SZ,20170330,24.39,24.39,23.26,23.31,24.2,-0.8900000000000006,-3.6777,29106.17,68941.116
002581.SZ,20170329,24.44,24.85,23.83,24.2,24.52,-0.3200000000000003,-1.3051,21612.19,52443.565
002581.SZ,20170328,24.87,24.94,24.5,24.52,24.99,-0.46999999999999886,-1.8808,21253.81,52467.413
002581.SZ,20170327,25.05,25.44,24.61,24.99,25.0,-0.010000000000001563,-0.04,19553.93,48567.991
002581.SZ,20170324,24.56,25.31,24.56,25.0,24.62,0.379999999999999,1.5435,29895.08,74791.083
002581.SZ,20170323,24.8,25.47,24.23,24.62,25.0,-0.379999999999999,-1.52,29469.88,73238.025
002581.SZ,20170322,24.99,25.24,24.7,25.0,25.16,-0.16000000000000014,-0.6359,25316.98,63090.408
002581.SZ,20170321,24.55,25.38,24.32,25.16,24.58,0.5800000000000018,2.3596,56152.39,140365.095
002581.SZ,20170320,24.02,24.77,24.02,24.58,24.0,0.5799999999999983,2.4167,34109.23,83419.93
002581.SZ,20170317,24.47,24.58,23.9,24.0,24.47,-0.46999999999999886,-1.9207,24742.05,60014.608
002581.SZ,20170316,23.88,24.69,23.75,24.47,23.88,0.5899999999999999,2.4707,53426.62,129399.376
002581.SZ,20170315,23.38,23.9,23.14,23.88,23.38,0.5,2.1386,28919.24,67907.933
002581.SZ,20170314,23.5,23.59,23.34,23.38,23.46,-0.08000000000000185,-0.341,15823.01,37097.433
002581.SZ,20170313,23.6,23.6,23.16,23.46,23.45,0.010000000000001563,0.0426,18602.47,43372.087
002581.SZ,20170310,23.41,23.61,23.33,23.45,23.48,-0.030000000000001137,-0.1278,12873.88,30195.569
002581.SZ,20170309,23.94,23.94,23.33,23.48,23.94,-0.46000000000000085,-1.9215,25065.7,58869.565
002581.SZ,20170308,24.16,24.25,23.56,23.94,24.15,-0.2099999999999973,-0.8696,24505.58,58534.786
002581.SZ,20170307,24.01,24.3,23.85,24.15,23.99,0.16000000000000014,0.6669,24835.92,59759.261
002581.SZ,20170306,23.68,24.1,23.55,23.99,23.68,0.3099999999999987,1.3091,29935.76,71701.471
002581.SZ,20170303,23.49,23.9,23.41,23.68,23.64,0.03999999999999915,0.1692,21973.33,52061.031
002581.SZ,20170302,23.71,23.79,23.43,23.64,23.65,-0.00999999999999801,-0.0423,18277.95,43133.575
002581.SZ,20170301,23.79,24.1,23.62,23.65,23.91,-0.26000000000000156,-1.0874,31850.11,76058.559
002581.SZ,20170228,23.67,23.94,23.5,23.91,23.54,0.370000000000001,1.5718,34044.25,80790.028
002581.SZ,20170227,23.48,24.31,23.37,23.54,23.28,0.259999999999998,1.1168,61044.2,145646.006
002581.SZ,20170224,23.6,23.83,23.04,23.28,23.6,-0.3200000000000003,-1.3559,51963.63,121001.902
002581.SZ,20170223,23.8,24.0,23.03,23.6,24.11,-0.509999999999998,-2.1153,86414.0,203480.892
002581.SZ,20170222,21.92,24.11,21.92,24.11,21.92,2.1899999999999977,9.9909,111986.26,264868.029
002581.SZ,20170221,21.6,21.98,21.51,21.92,21.6,0.3200000000000003,1.4815,23758.26,51752.647
002581.SZ,20170220,21.96,22.09,21.43,21.6,21.95,-0.34999999999999787,-1.5945,32422.3,70014.967
002581.SZ,20170217,21.94,22.09,21.8,21.95,21.94,0.00999999999999801,0.0456,19221.46,42235.67
002581.SZ,20170216,22.22,22.34,21.91,21.94,22.22,-0.2799999999999976,-1.2601,20956.63,46094.796
002581.SZ,20170215,22.05,22.33,22.05,22.22,22.17,0.04999999999999716,0.2255,21119.79,46856.522
002581.SZ,20170214,22.09,22.41,22.09,22.17,22.09,0.08000000000000185,0.3622,23708.34,52816.926
002581.SZ,20170213,22.1,22.14,21.8,22.09,22.08,0.010000000000001563,0.0453,26160.19,57430.594
002581.SZ,20170210,22.44,22.44,21.95,22.08,22.31,-0.23000000000000043,-1.0309,23015.28,50855.126
002581.SZ,20170209,22.0,22.46,22.0,22.31,22.08,0.23000000000000043,1.0417,21996.77,49002.644
002581.SZ,20170208,21.95,22.13,21.74,22.08,21.95,0.129999999999999,0.5923,17286.41,37930.131
002581.SZ,20170207,21.79,21.98,21.71,21.95,21.87,0.0799999999999983,0.3658,18954.54,41439.573
002581.SZ,20170206,21.81,21.95,21.66,21.87,21.82,0.05000000000000071,0.2291,19895.24,43388.061
002581.SZ,20170203,22.0,22.2,21.46,21.82,22.24,-0.41999999999999815,-1.8885,16241.87,35384.129
002581.SZ,20170126,22.22,22.37,22.11,22.24,22.15,0.08999999999999986,0.4063,7377.24,16414.44
002581.SZ,20170125,21.95,22.28,21.79,22.15,21.95,0.1999999999999993,0.9112,16362.84,36132.312
002581.SZ,20170124,22.18,22.27,21.75,21.95,22.05,-0.10000000000000142,-0.4535,9988.76,21983.722
002581.SZ,20170123,22.25,22.82,22.0,22.05,22.48,-0.4299999999999997,-1.9128,18971.45,42283.283
002581.SZ,20170120,21.79,22.5,21.6,22.48,21.59,0.8900000000000006,4.1223,22967.58,50984.694
002581.SZ,20170119,21.99,21.99,21.4,21.59,22.08,-0.48999999999999844,-2.2192,20138.0,43480.79
002581.SZ,20170118,22.05,22.25,21.65,22.08,22.05,0.029999999999997584,0.1361,10703.8,23638.496
002581.SZ,20170117,21.9,22.08,21.29,22.05,21.85,0.1999999999999993,0.9153,27592.8,59874.272
002581.SZ,20170116,23.01,23.01,20.84,21.85,23.15,-1.2999999999999972,-5.6156,37815.88,83455.738
002581.SZ,20170113,23.54,23.55,23.1,23.15,23.59,-0.4400000000000013,-1.8652,11505.12,26836.29
002581.SZ,20170112,23.84,23.84,23.2,23.59,23.89,-0.3000000000000007,-1.2558,17634.18,41377.569
002581.SZ,20170111,24.16,24.27,23.43,23.89,24.31,-0.41999999999999815,-1.7277,18269.11,43561.522
002581.SZ,20170110,24.3,24.37,24.2,24.31,24.31,0.0,0.0,8832.21,21447.248
002581.SZ,20170109,24.23,24.45,23.9,24.31,24.09,0.21999999999999886,0.9132,19105.3,46150.197
002581.SZ,20170106,24.49,24.73,24.01,24.09,24.74,-0.6499999999999986,-2.6273,13699.03,33148.189
002581.SZ,20170105,24.27,25.08,24.17,24.74,24.25,0.48999999999999844,2.0206,18902.76,46872.518
002581.SZ,20170104,24.42,24.42,24.02,24.25,24.28,-0.030000000000001137,-0.1236,12646.0,30597.643
002581.SZ,20170103,24.09,24.46,23.97,24.28,24.27,0.010000000000001563,0.0412,20471.04,49542.057
002581.SZ,20161230,24.16,24.3,23.81,24.27,24.2,0.07000000000000028,0.2893,21418.13,51787.597
002581.SZ,20161229,24.08,24.23,23.8,24.2,24.18,0.019999999999999574,0.0827,20328.61,49000.52
002581.SZ,20161228,23.98,24.3,23.4,24.18,24.03,0.14999999999999858,0.6242,34416.05,82088.454
002581.SZ,20161227,22.84,24.3,22.84,24.03,22.8,1.2300000000000004,5.3947,49068.72,116224.486
002581.SZ,20161226,22.33,23.04,21.76,22.8,22.33,0.4700000000000024,2.1048,23818.0,53670.759
002581.SZ,20161223,23.47,23.58,22.2,22.33,23.5,-1.1700000000000017,-4.9787,54650.22,124144.59
002581.SZ,20161222,23.8,23.89,23.42,23.5,23.8,-0.3000000000000007,-1.2605,12102.69,28493.73
002581.SZ,20161221,23.5,23.94,23.5,23.8,23.48,0.3200000000000003,1.3629,17688.04,42079.376
002581.SZ,20161220,23.56,23.59,23.32,23.48,23.52,-0.03999999999999915,-0.1701,14894.02,34913.698
002581.SZ,20161219,23.62,23.77,23.38,23.52,23.67,-0.15000000000000213,-0.6337,16301.52,38301.842
002581.SZ,20161216,23.59,23.86,23.4,23.67,23.75,-0.0799999999999983,-0.3368,21331.21,50347.111
002581.SZ,20161215,23.4,24.0,23.3,23.75,23.47,0.28000000000000114,1.193,18730.32,44375.539
002581.SZ,20161214,24.07,24.07,23.38,23.47,24.12,-0.6500000000000021,-2.6949,29356.66,69353.679
002581.SZ,20161213,25.07,25.26,23.98,24.12,25.3,-1.1799999999999997,-4.664,58077.75,142163.01
002581.SZ,20161212,25.5,25.68,24.94,25.3,25.48,-0.17999999999999972,-0.7064,35072.24,88961.279
002581.SZ,20161209,25.58,25.76,25.35,25.48,25.52,-0.03999999999999915,-0.1567,12542.71,32072.583
002581.SZ,20161208,25.66,25.66,25.47,25.52,25.59,-0.07000000000000028,-0.2735,11904.07,30408.18
002581.SZ,20161207,25.66,25.66,25.26,25.59,25.6,-0.010000000000001563,-0.0391,12935.89,32892.378
002581.SZ,20161206,25.59,25.7,25.49,25.6,25.6,0.0,0.0,12311.87,31525.702
002581.SZ,20161205,25.41,25.68,25.32,25.6,25.58,0.020000000000003126,0.0782,19867.92,50728.744
002581.SZ,20161202,25.99,25.99,25.52,25.58,26.03,-0.45000000000000284,-1.7288,22617.18,58022.369
002581.SZ,20161201,25.45,26.1,25.36,26.03,25.45,0.5800000000000018,2.279,37549.07,96559.204
002581.SZ,20161130,25.39,25.8,25.28,25.45,25.39,0.05999999999999872,0.2363,29784.56,76107.579
002581.SZ,20161129,25.65,25.77,25.28,25.39,25.53,-0.14000000000000057,-0.5484,26391.14,67244.934
002581.SZ,20161128,25.72,25.97,25.46,25.53,25.71,-0.17999999999999972,-0.7001,27167.35,69584.169
002581.SZ,20161125,25.61,25.73,25.01,25.71,25.56,0.15000000000000213,0.5869,25989.92,66111.296
002581.SZ,20161124,26.41,26.54,25.34,25.56,26.53,-0.9700000000000024,-3.6562,56382.65,145895.235
002581.SZ,20161123,26.9,26.95,26.48,26.53,26.9,-0.36999999999999744,-1.3755,26821.4,71544.434
002581.SZ,20161122,26.7,26.97,26.66,26.9,26.72,0.17999999999999972,0.6737,19982.04,53630.822
002581.SZ,20161121,26.52,26.82,26.29,26.72,26.5,0.21999999999999886,0.8302,19470.24,51790.707
002581.SZ,20161118,26.49,26.66,26.33,26.5,26.55,-0.05000000000000071,-0.1883,19069.2,50483.799
002581.SZ,20161117,26.84,26.84,26.3,26.55,26.85,-0.3000000000000007,-1.1173,23025.94,60965.616
002581.SZ,20161116,26.9,27.01,26.8,26.85,26.93,-0.0799999999999983,-0.2971,16020.96,43062.361
002581.SZ,20161115,26.84,27.2,26.76,26.93,26.95,-0.019999999999999574,-0.0742,17234.75,46507.348
002581.SZ,20161114,27.26,27.34,26.81,26.95,27.3,-0.3500000000000014,-1.2821,27643.35,74733.496
002581.SZ,20161111,27.14,27.34,26.9,27.3,27.34,-0.03999999999999915,-0.1463,31284.68,84702.958
002581.SZ,20161110,27.18,27.59,26.99,27.34,26.85,0.48999999999999844,1.825,47452.91,129340.505
002581.SZ,20161109,26.3,27.25,26.3,26.85,26.4,0.45000000000000284,1.7045,71183.18,191776.993
002581.SZ,20161108,26.15,26.52,26.0,26.4,26.26,0.13999999999999702,0.5331,29730.46,78377.322
002581.SZ,20161107,25.64,26.62,25.64,26.26,25.69,0.5700000000000003,2.2188,71931.64,189506.588
002581.SZ,20161104,25.59,25.8,25.53,25.69,25.51,0.17999999999999972,0.7056,29308.39,75246.612
002581.SZ,20161103,25.42,25.68,25.26,25.51,25.47,0.0400000000000027,0.157,24046.17,61228.54
002581.SZ,20161102,25.58,25.65,25.37,25.47,25.57,-0.10000000000000142,-0.3911,20818.18,53179.336
002581.SZ,20161101,25.3,25.63,25.25,25.57,25.25,0.3200000000000003,1.2673,25414.07,64812.821
002581.SZ,20161031,25.18,25.38,25.17,25.25,25.3,-0.05000000000000071,-0.1976,16755.28,42323.967
002581.SZ,20161028,25.55,25.64,25.13,25.3,25.62,-0.3200000000000003,-1.249,32129.21,81400.8854
002581.SZ,20161027,25.67,25.74,25.48,25.62,25.66,-0.03999999999999915,-0.1559,16959.81,43350.5138
002581.SZ,20161026,25.89,25.89,25.55,25.66,25.8,-0.14000000000000057,-0.5426,25037.62,64375.0665
002581.SZ,20161025,25.86,25.96,25.63,25.8,25.82,-0.019999999999999574,-0.0775,28161.07,72677.6373
002581.SZ,20161024,25.56,25.92,25.51,25.82,25.52,0.3000000000000007,1.1755,32408.75,83467.8127
002581.SZ,20161021,25.65,25.8,25.41,25.52,25.6,-0.08000000000000185,-0.3125,26322.51,67365.7316
002581.SZ,20161020,25.66,25.78,25.48,25.6,25.71,-0.10999999999999943,-0.4278,27615.37,70656.6419
002581.SZ,20161019,25.86,25.88,25.43,25.71,25.91,-0.1999999999999993,-0.7719,36809.75,94346.3991
002581.SZ,20161018,25.59,25.95,25.41,25.91,25.49,0.4200000000000017,1.6477,23691.33,60804.7831
002581.SZ,20161017,26.01,26.35,25.35,25.49,26.01,-0.5200000000000031,-1.9992,37759.84,97720.104
002581.SZ,20161014,26.25,26.38,25.77,26.01,26.3,-0.28999999999999915,-1.1027,25111.59,65402.8121
002581.SZ,20161013,26.3,26.78,26.26,26.3,26.33,-0.029999999999997584,-0.1139,23032.75,60938.2444
002581.SZ,20161012,26.56,26.56,26.17,26.33,26.58,-0.25,-0.9406,32419.08,85215.4163
002581.SZ,20161011,25.59,26.98,25.56,26.58,25.58,1.0,3.9093,78571.44,207447.8336
002581.SZ,20161010,25.33,25.68,25.3,25.58,25.33,0.25,0.987,38532.83,98130.6559
002581.SZ,20160930,25.36,25.37,24.88,25.33,25.41,-0.08000000000000185,-0.3148,45072.06,113421.4867
002581.SZ,20160929,25.78,25.78,25.26,25.41,25.78,-0.370000000000001,-1.4352,24542.52,62513.7972
002581.SZ,20160928,25.83,25.84,25.46,25.78,25.77,0.010000000000001563,0.0388,17806.82,45604.8296
002581.SZ,20160927,25.7,25.97,25.5,25.77,25.75,0.019999999999999574,0.0777,24074.86,61806.4851
002581.SZ,20160926,25.39,26.34,25.26,25.75,25.48,0.2699999999999996,1.0597,49988.98,129353.5732
002581.SZ,20160923,25.49,25.55,25.16,25.48,25.5,-0.019999999999999574,-0.0784,25687.01,65064.3823
002581.SZ,20160922,25.5,25.78,25.2,25.5,25.53,-0.030000000000001137,-0.1175,26946.01,68539.1709
002581.SZ,20160921,25.25,25.7,25.25,25.53,25.21,0.3200000000000003,1.2693,31300.07,79888.0145
002581.SZ,20160920,26.16,26.16,25.1,25.21,26.2,-0.9899999999999984,-3.7786,42911.87,109453.2531
002581.SZ,20160919,26.23,26.27,25.9,26.2,26.28,-0.08000000000000185,-0.3044,27750.56,72466.5832
002581.SZ,20160914,25.87,26.3,25.86,26.28,26.1,0.17999999999999972,0.6897,26329.31,68785.6072
002581.SZ,20160913,26.23,26.27,25.72,26.1,26.22,-0.11999999999999744,-0.4577,24468.47,63469.3793
002581.SZ,20160912,25.8,26.3,25.38,26.22,26.04,0.17999999999999972,0.6912,43001.85,111735.7184
002581.SZ,20160909,25.75,26.1,25.58,26.04,25.75,0.28999999999999915,1.1262,30041.75,77837.6301
002581.SZ,20160908,25.9,25.97,25.56,25.75,25.97,-0.21999999999999886,-0.8471,18699.11,48081.5184
002581.SZ,20160907,25.6,25.97,25.5,25.97,25.59,0.379999999999999,1.485,45082.74,116250.7844
002581.SZ,20160906,24.98,25.64,24.81,25.59,24.88,0.7100000000000009,2.8537,41696.09,105323.3363
002581.SZ,20160905,25.15,25.32,24.78,24.88,25.15,-0.2699999999999996,-1.0736,44438.88,111386.7443
002581.SZ,20160902,25.75,25.87,24.98,25.15,26.1,-0.9500000000000028,-3.6398,57584.56,145587.5071
002581.SZ,20160901,26.85,26.98,26.1,26.1,26.81,-0.7099999999999973,-2.6483,39375.05,104118.9958
002581.SZ,20160831,26.94,27.06,26.58,26.81,26.94,-0.13000000000000256,-0.4826,14844.61,39773.3662
002581.SZ,20160830,26.78,27.03,26.78,26.94,26.72,0.22000000000000242,0.8234,16043.03,43154.9956
002581.SZ,20160829,26.64,27.27,26.64,26.72,26.64,0.0799999999999983,0.3003,29780.83,80113.4141
002581.SZ,20160826,27.0,27.1,26.56,26.64,26.77,-0.129999999999999,-0.4856,28983.0,77977.7022
002581.SZ,20160825,26.98,26.98,26.4,26.77,27.09,-0.3200000000000003,-1.1812,26768.01,71468.1669
002581.SZ,20160824,27.62,27.87,27.01,27.09,27.65,-0.5599999999999987,-2.0253,40003.58,109230.7169
002581.SZ,20160823,27.65,27.94,27.5,27.65,27.65,0.0,0.0,20931.76,57985.7451
002581.SZ,20160822,28.46,28.64,27.6,27.65,28.36,-0.7100000000000009,-2.5035,26280.45,73701.5806
002581.SZ,20160819,27.85,28.58,27.48,28.36,27.83,0.5300000000000011,1.9044,29914.82,83498.4715
002581.SZ,20160818,27.72,28.16,27.72,27.83,27.79,0.03999999999999915,0.1439,18160.89,50651.1018
002581.SZ,20160817,27.8,28.15,27.67,27.79,27.71,0.0799999999999983,0.2887,20515.96,57117.8199
002581.SZ,20160816,28.01,28.08,27.66,27.71,28.0,-0.28999999999999915,-1.0357,29212.65,81085.647
002581.SZ,20160815,26.8,28.06,26.74,28.0,26.92,1.0799999999999983,4.0119,39680.99,109272.5741
002581.SZ,20160812,26.99,27.07,26.48,26.92,26.79,0.13000000000000256,0.4853,16035.96,42962.7325
002581.SZ,20160811,27.44,27.44,26.64,26.79,27.48,-0.6900000000000013,-2.5109,19007.99,51220.2593
002581.SZ,20160810,27.2,27.75,27.2,27.48,27.25,0.23000000000000043,0.844,23521.45,64790.3145
002581.SZ,20160809,26.86,27.35,26.86,27.25,27.04,0.21000000000000085,0.7766,25667.92,69747.1215
002581.SZ,20160808,26.87,27.04,25.97,27.04,26.88,0.16000000000000014,0.5952,36686.81,96888.4821
002581.SZ,20160805,27.51,27.68,26.79,26.88,27.57,-0.6900000000000013,-2.5027,39680.56,107890.4034
002581.SZ,20160804,27.81,27.93,27.35,27.57,27.88,-0.3099999999999987,-1.1119,22169.95,61092.3698
002581.SZ,20160803,28.12,28.12,27.7,27.88,27.89,-0.010000000000001563,-0.0359,11653.45,32520.6335
002581.SZ,20160802,27.5,28.18,27.39,27.89,27.55,0.33999999999999986,1.2341,14991.86,41757.695
002581.SZ,20160801,27.59,27.92,27.0,27.55,27.53,0.019999999999999574,0.0726,15916.8,43438.4461
002581.SZ,20160729,28.0,28.2,27.45,27.53,27.91,-0.379999999999999,-1.3615,16488.31,45816.2589
002581.SZ,20160728,28.22,28.42,27.5,27.91,28.2,-0.28999999999999915,-1.0284,23499.0,65873.3658
002581.SZ,20160727,29.85,29.94,28.0,28.2,29.56,-1.3599999999999994,-4.6008,43908.91,127643.3085
002581.SZ,20160726,29.18,29.56,29.15,29.56,29.1,0.4599999999999973,1.5808,17427.78,51251.7961
002581.SZ,20160725,29.11,29.56,28.91,29.1,29.25,-0.14999999999999858,-0.5128,20069.48,58619.0459
002581.SZ,20160722,29.6,29.6,28.81,29.25,29.66,-0.41000000000000014,-1.3823,35208.86,102563.0033
002581.SZ,20160721,29.65,30.2,29.61,29.66,29.66,0.0,0.0,22057.62,65813.5025
002581.SZ,20160720,30.3,30.47,29.65,29.66,30.29,-0.629999999999999,-2.0799,29889.47,89318.2376
002581.SZ,20160719,30.36,30.78,29.9,30.29,30.34,-0.05000000000000071,-0.1648,25702.16,77452.136
002581.SZ,20160718,30.0,31.31,29.72,30.34,30.07,0.2699999999999996,0.8979,45570.99,140244.1746
002581.SZ,20160715,29.33,30.15,29.09,30.07,29.43,0.6400000000000006,2.1747,34407.7,102380.1367
002581.SZ,20160714,29.95,29.95,29.2,29.43,29.95,-0.5199999999999996,-1.7362,30267.4,89267.8277
002581.SZ,20160713,29.18,30.35,29.18,29.95,29.18,0.7699999999999996,2.6388,58134.91,173354.4419
002581.SZ,20160712,28.45,29.5,28.38,29.18,28.51,0.6699999999999982,2.3501,35874.55,104409.5232
002581.SZ,20160711,28.98,29.2,28.5,28.51,28.88,-0.36999999999999744,-1.2812,20906.59,60226.5071
002581.SZ,20160708,29.2,29.22,28.8,28.88,29.27,-0.39000000000000057,-1.3324,23372.84,67697.581
002581.SZ,20160707,28.7,29.46,28.56,29.27,28.75,0.5199999999999996,1.8087,47184.52,136891.8584
002581.SZ,20160706,27.83,28.9,27.75,28.75,27.96,0.7899999999999991,2.8255,43394.53,123892.6731
002581.SZ,20160705,28.05,28.22,27.82,27.96,28.03,-0.07000000000000028,-0.2497,31352.01,87831.6088
002581.SZ,20160704,27.5,28.25,27.3,28.03,27.49,0.5400000000000027,1.9644,39721.52,110978.0262
002581.SZ,20160701,27.3,28.0,27.16,27.49,27.25,0.23999999999999844,0.8807,33803.4,93476.9119
002581.SZ,20160630,27.37,27.54,27.2,27.25,27.36,-0.10999999999999943,-0.402,22336.93,61056.4154
002581.SZ,20160629,27.56,27.83,27.21,27.36,27.5,-0.14000000000000057,-0.5091,23752.99,65051.7578
002581.SZ,20160628,26.95,27.58,26.7,27.5,27.04,0.46000000000000085,1.7012,30666.32,84014.9685
002581.SZ,20160627,26.26,27.14,26.21,27.04,26.5,0.5399999999999991,2.0377,24364.46,65716.1371
002581.SZ,20160624,27.29,27.53,25.95,26.5,27.5,-1.0,-3.6364,34402.7,92221.7344
002581.SZ,20160623,27.56,27.71,27.0,27.5,27.74,-0.23999999999999844,-0.8652,26330.78,72080.0171
002581.SZ,20160622,26.94,27.9,26.72,27.74,27.1,0.639999999999997,2.3616,43680.01,119869.9533
002581.SZ,20160621,28.0,28.0,26.62,27.1,27.81,-0.7099999999999973,-2.553,36871.0,100630.0961
002581.SZ,20160620,26.8834,27.8217,26.2545,27.8117,26.9832,0.8284999999999982,3.0704,54807.03,148643.0693
002581.SZ,20160617,25.6555,27.4424,25.5856,26.9832,25.5856,1.3976000000000006,5.4624,51190.83,135895.7183
002581.SZ,20160616,25.955,26.1446,25.4459,25.5856,26.0847,-0.4991000000000021,-1.9134,24651.64,63480.0784
002581.SZ,20160615,25.4059,26.1746,25.3061,26.0847,25.356,0.7286999999999999,2.8739,29300.68,76014.2396
002581.SZ,20160614,25.1663,25.5956,24.9867,25.356,25.1364,0.21960000000000335,0.8736,21772.1,55199.6128
002581.SZ,20160613,25.8352,25.945,25.0366,25.1364,25.8352,-0.6988000000000021,-2.7048,31968.59,81857.5293
002581.SZ,20160608,26.3243,26.3243,25.6056,25.8352,26.3343,-0.49909999999999854,-1.8952,31224.73,80918.4981
002581.SZ,20160607,25.356,26.6338,25.356,26.3343,25.1164,1.2179000000000002,4.849,55277.89,144265.6682
002581.SZ,20160606,25.4658,25.5457,25.0266,25.1164,25.5457,-0.42930000000000135,-1.6805,19546.68,49471.673
002581.SZ,20160603,25.2063,25.7653,25.0366,25.5457,25.1464,0.3993000000000002,1.5879,24519.23,62247.9849
002581.SZ,20160602,25.0865,25.346,24.9567,25.1464,25.0865,0.059899999999998954,0.2388,17832.44,44975.0153
002581.SZ,20160601,25.2861,25.386,25.0765,25.0865,25.2562,-0.16969999999999885,-0.6719,24169.05,61005.821
002581.SZ,20160531,24.2579,25.336,24.2579,25.2562,24.198,1.0581999999999994,4.3731,24878.53,62290.0758
002581.SZ,20160530,24.0583,24.3378,24.0083,24.198,24.1481,0.049900000000000944,0.2066,12103.16,29375.6824
002581.SZ,20160527,24.1681,24.3378,23.9984,24.1481,24.2779,-0.12979999999999947,-0.5346,12882.4,31260.2394
002581.SZ,20160526,24.3078,24.3478,23.7688,24.2779,24.3577,-0.07980000000000231,-0.3276,14955.01,36040.7143
002581.SZ,20160525,24.5075,24.5175,23.9884,24.3577,24.228,0.1296999999999997,0.5353,15057.09,36651.391
002581.SZ,20160524,24.5175,24.5474,24.1481,24.228,24.5274,-0.29939999999999856,-1.2207,11768.02,28582.2604
002581.SZ,20160523,24.4875,24.6472,24.4576,24.5274,24.1581,0.3692999999999991,1.5287,13709.44,33722.8579
002581.SZ,20160520,23.9584,24.2579,23.8087,24.1581,24.0483,0.1097999999999999,0.4566,9971.25,24075.9695
002581.SZ,20160519,23.7588,24.3677,23.7588,24.0483,23.8686,0.17970000000000041,0.7529,18922.3,45866.42
002581.SZ,20160518,24.5574,24.5774,23.7588,23.8686,24.767,-0.8983999999999988,-3.6274,18452.84,44480.1086
002581.SZ,20160517,24.6872,25.0366,24.2379,24.767,24.767,0.0,0.0,20893.49,51503.3236
002581.SZ,20160516,24.3178,24.8569,24.0383,24.767,24.3378,0.429199999999998,1.7635,19623.74,48394.9007
002581.SZ,20160513,24.3677,24.787,24.0383,24.3378,24.3677,-0.029899999999997817,-0.1227,13432.66,32881.2699
002581.SZ,20160512,24.6472,24.6472,23.9684,24.3677,24.8169,-0.44920000000000115,-1.8101,21387.01,51933.0536
002581.SZ,20160511,24.9667,25.336,24.6872,24.8169,24.9268,-0.10989999999999966,-0.4409,18877.76,47331.8383
002581.SZ,20160510,24.9567,25.2562,24.797,24.9268,24.9867,-0.059899999999998954,-0.2397,18170.9,45465.6794
002581.SZ,20160509,26.3942,26.3942,24.8768,24.9867,26.5539,-1.5671999999999997,-5.902,39802.52,101453.3509
002581.SZ,20160506,27.5821,27.8317,26.4541,26.5539,27.7319,-1.1780000000000008,-4.2478,37763.37,102170.9286
002581.SZ,20160505,27.7319,27.8317,27.3525,27.7319,27.7119,0.019999999999999574,0.0722,26003.72,71810.2474
002581.SZ,20160504,27.3426,28.0713,27.2527,27.7119,27.5023,0.20959999999999823,0.7621,43118.78,120208.7684
002581.SZ,20160503,27.1329,27.5622,26.3842,27.5023,26.9033,0.5990000000000002,2.2265,31182.7,85053.0988
002581.SZ,20160429,26.7835,27.1529,26.5539,26.9033,26.8334,0.06990000000000052,0.2605,21622.17,58417.8008
002581.SZ,20160428,26.8334,27.2028,26.1646,26.8334,26.504,0.3293999999999997,1.2428,21484.26,57587.9279
002581.SZ,20160427,26.9532,27.1529,26.4841,26.504,26.9033,-0.3993000000000002,-1.4842,16024.53,42996.992
002581.SZ,20160426,27.063,27.2727,26.534,26.9033,26.9333,-0.029999999999997584,-0.1114,24382.53,65862.8415
002581.SZ,20160425,26.0947,27.3226,25.7553,26.9333,26.0947,0.8385999999999996,3.2137,37968.83,101704.5202
002581.SZ,20160422,25.5157,26.1047,25.2562,26.0947,25.6056,0.48910000000000053,1.9101,16466.01,42533.8425
002581.SZ,20160421,25.7254,26.2345,25.386,25.6056,25.7154,-0.1097999999999999,-0.427,24191.87,62589.4271
002581.SZ,20160420,27.8317,27.9515,25.1963,25.7154,27.7219,-2.0065000000000026,-7.238,52081.18,137253.9061
002581.SZ,20160419,27.7519,28.1312,27.5023,27.7219,27.7019,0.020000000000003126,0.0722,23220.37,64481.6397
002581.SZ,20160418,28.2011,28.2011,27.5023,27.7019,27.9715,-0.2696000000000005,-0.9638,24548.71,68279.6158
002581.SZ,20160415,28.2011,28.2011,27.7818,27.9715,28.1012,-0.1296999999999997,-0.4615,26684.46,74690.1617
002581.SZ,20160414,27.8517,28.1312,27.7419,28.1012,27.7618,0.3393999999999977,1.2225,30143.41,84325.6254
002581.SZ,20160413,27.7818,28.1911,27.5522,27.7618,27.5023,0.2594999999999992,0.9436,39182.83,109848.9894
002581.SZ,20160412,28.0513,28.3009,27.2028,27.5023,28.0014,-0.49909999999999854,-1.7824,36107.9,99885.3041
002581.SZ,20160411,27.4524,28.221,27.3525,28.0014,27.1529,0.8485000000000014,3.1249,33894.06,94486.733
002581.SZ,20160408,27.5522,27.5821,26.7736,27.1529,27.5921,-0.4391999999999996,-1.5918,35029.19,94827.2985
002581.SZ,20160407,28.7002,28.7501,27.5522,27.5921,28.7002,-1.1081000000000003,-3.8609,48042.71,135152.8296
002581.SZ,20160406,28.5205,29.1394,28.3808,28.7002,28.9198,-0.2195999999999998,-0.7593,50270.71,144424.9973
002581.SZ,20160405,28.0214,29.8382,28.0214,28.9198,27.9615,0.9582999999999977,3.4272,86254.57,251448.6998
002581.SZ,20160401,27.3026,28.5505,26.9532,27.9615,27.6021,0.35940000000000083,1.3021,69009.71,191302.1944
002581.SZ,20160331,27.0331,27.8916,26.6538,27.6021,26.8534,0.7486999999999995,2.7881,69366.97,189841.4159
002581.SZ,20160330,26.0648,26.9932,26.0648,26.8534,25.935,0.9184000000000019,3.5412,34744.88,92288.1462
002581.SZ,20160329,26.4641,26.5939,25.7054,25.935,26.4641,-0.5290999999999997,-1.9993,28607.05,74849.9806
002581.SZ,20160328,26.1247,27.1928,26.1247,26.4641,26.1147,0.34939999999999927,1.3379,44645.64,119706.1401
002581.SZ,20160325,26.0149,26.3543,25.6555,26.1147,26.1247,-0.010000000000001563,-0.0383,26516.9,69022.4546
002581.SZ,20160324,26.7436,26.9333,26.1147,26.1247,26.9333,-0.8085999999999984,-3.0022,43275.37,114740.7308
002581.SZ,20160323,26.6737,27.0531,26.5739,26.9333,26.7636,0.16969999999999885,0.6341,32537.46,87390.6851
002581.SZ,20160322,26.9433,27.2228,26.6238,26.7636,26.9632,-0.19960000000000022,-0.7403,40074.68,108038.2818
002581.SZ,20160321,26.7736,27.103,26.5539,26.9632,26.5539,0.4093000000000018,1.5414,54293.14,145872.299
002581.SZ,20160318,25.7753,26.8933,25.7753,26.5539,25.7853,0.7685999999999993,2.9808,53119.86,140591.4849
002581.SZ,20160317,25.1164,25.935,24.9567,25.7853,25.1364,0.6489000000000011,2.5815,45454.52,116572.7918
002581.SZ,20160316,25.6056,25.8951,25.1264,25.1364,25.3959,-0.25950000000000273,-1.0218,29284.13,74748.5474
002581.SZ,20160315,25.1564,25.7453,24.9867,25.3959,25.2262,0.1697000000000024,0.6727,35014.3,89315.3009
002581.SZ,20160314,24.7371,25.7354,24.7371,25.2262,24.4576,0.7685999999999993,3.1426,33422.47,84920.5808
002581.SZ,20160311,23.9584,24.5374,23.9584,24.4576,24.3378,0.11979999999999791,0.4922,18020.77,43868.0346
002581.SZ,20160310,25.366,25.7553,24.2579,24.3378,25.336,-0.9981999999999971,-3.9398,29673.34,73652.9033
002581.SZ,20160309,24.9567,25.7453,24.787,25.336,25.5457,-0.20970000000000155,-0.8209,41392.69,105064.9541
002581.SZ,20160308,24.4676,25.7453,23.609,25.5457,24.5474,0.9983000000000004,4.0668,58734.58,146386.2239
002581.SZ,20160307,24.188,25.1164,24.188,24.5474,24.2879,0.2594999999999992,1.0684,29803.83,73872.9517
002581.SZ,20160304,24.757,24.9567,23.4793,24.2879,24.9567,-0.668800000000001,-2.6798,39715.78,96641.3387
002581.SZ,20160303,24.4576,25.4558,24.4077,24.9567,24.787,0.1697000000000024,0.6846,42125.37,105236.1663
002581.SZ,20160302,23.7588,24.787,23.7388,24.787,23.5991,1.187899999999999,5.0337,46531.58,113715.1204
002581.SZ,20160301,22.8603,23.8087,22.7605,23.5991,22.9202,0.6788999999999987,2.962,41123.08,96283.6008
002581.SZ,20160229,23.8686,23.9485,22.0118,22.9202,23.7588,-0.8385999999999996,-3.5296,57402.41,132039.735
002581.SZ,20160226,24.3378,24.807,23.4593,23.7588,24.3278,-0.5689999999999991,-2.3389,48910.71,117370.3047
002581.SZ,20160225,26.7835,27.0331,24.3278,24.3278,27.0331,-2.705300000000001,-10.0074,70219.05,178276.3146
002581.SZ,20160224,26.9133,27.2527,25.955,27.0331,27.2527,-0.2195999999999998,-0.8058,51018.42,136637.9548
002581.SZ,20160223,27.0032,27.692,26.7536,27.2527,26.9433,0.3094000000000001,1.1483,57788.63,157272.331
002581.SZ,20160222,26.9532,27.4224,26.7835,26.9433,26.6637,0.27960000000000207,1.0486,47337.11,127966.2123
002581.SZ,20160219,26.8534,27.103,26.1047,26.6637,26.7436,-0.07990000000000208,-0.2988,43444.87,115544.9764
002581.SZ,20160218,27.0032,28.0513,26.6837,26.7436,26.9832,-0.23959999999999937,-0.888,77776.45,213282.5877
002581.SZ,20160217,27.1529,27.1529,26.2844,26.9832,27.2028,-0.2195999999999998,-0.8073,74125.11,198818.6198
002581.SZ,20160216,25.4059,27.4424,25.4059,27.2028,25.4558,1.7469999999999999,6.8629,79795.12,212605.6956
002581.SZ,20160215,25.5057,25.7853,24.4376,25.4558,26.2644,-0.8085999999999984,-3.0787,71260.28,180112.1653
002581.SZ,20160205,27.7219,27.9914,26.0648,26.2644,25.4459,0.8184999999999967,3.2166,135637.49,367191.5555
002581.SZ,20160204,24.6173,25.4459,24.4775,25.4459,23.1299,2.3160000000000025,10.013,34160.64,86358.9168
002581.SZ,20160203,22.7605,23.2596,22.3113,23.1299,23.1598,-0.02990000000000137,-0.1291,44446.43,101341.9749
002581.SZ,20160202,22.7605,23.4593,22.5609,23.1598,22.3113,0.8485000000000014,3.803,57798.42,133748.9501
002581.SZ,20160201,22.9602,23.1798,21.7722,22.3113,23.1898,-0.8785000000000025,-3.7883,62493.69,140196.1504
002581.SZ,20160129,21.5626,23.5292,21.5626,23.1898,22.3612,0.8286000000000016,3.7055,88101.46,200546.5627
002581.SZ,20160128,23.8386,24.2579,22.1616,22.3612,23.8287,-1.4675000000000011,-6.1585,139373.62,328061.8938
002581.SZ,20160127,21.7622,23.8287,21.3629,23.8287,21.6624,2.1662999999999997,10.0003,166297.07,388471.6726
002581.SZ,20160126,23.03,23.4593,21.5426,21.6624,23.5392,-1.8767999999999994,-7.9731,41434.09,94442.7341
002581.SZ,20160125,24.0383,24.1381,23.2097,23.5392,23.5891,-0.04989999999999739,-0.2115,32795.3,78020.3174
002581.SZ,20160122,23.3894,24.2379,22.7805,23.5891,23.2696,0.3194999999999979,1.373,35229.98,82647.7986
002581.SZ,20160121,23.4593,24.5574,23.1798,23.2696,23.8886,-0.6189999999999998,-2.5912,49194.18,117502.5443
002581.SZ,20160120,23.5691,24.7071,23.5691,23.8886,23.9285,-0.03989999999999938,-0.1667,58575.4,141650.8363
002581.SZ,20160119,22.8603,24.208,22.7605,23.9285,22.7705,1.1580000000000013,5.0855,59563.55,140527.5838
002581.SZ,20160118,21.5626,23.3595,21.2631,22.7705,22.1616,0.6088999999999984,2.7475,57911.02,130976.5282
002581.SZ,20160115,23.2596,23.4793,21.9619,22.1616,23.4992,-1.3375999999999983,-5.6921,49580.84,112849.4524
002581.SZ,20160114,21.0335,23.8786,20.8438,23.4992,22.1316,1.3675999999999995,6.1794,61764.55,138284.3072
002581.SZ,20160113,23.8486,24.0383,22.0018,22.1316,23.639,-1.5074000000000005,-6.3768,44578.0,104199.9961
002581.SZ,20160112,23.5392,24.0483,22.5708,23.639,23.659,-0.019999999999999574,-0.0845,62695.43,147110.7249
002581.SZ,20160111,25.4558,25.4558,23.659,23.659,26.2844,-2.6254000000000026,-9.9884,72324.63,177108.0409
002581.SZ,20160108,27.3925,27.8217,24.3577,26.2844,27.0531,-0.768699999999999,-2.8414,67786.81,179830.9721
002581.SZ,20160107,28.9997,29.419,27.0531,27.0531,30.0579,-3.0047999999999995,-9.9967,15252.0,43096.209
002581.SZ,20160106,29.419,30.2375,28.9498,30.0579,29.369,0.6889000000000003,2.3457,47781.94,142463.7948
002581.SZ,20160105,29.1694,30.9263,28.1811,29.369,31.2358,-1.8668000000000013,-5.9765,73404.23,217411.4368
002581.SZ,20160104,34.7397,34.7397,31.2358,31.2358,34.7098,-3.474,-10.0087,58743.93,190069.3822
002581.SZ,20151231,34.9593,35.6282,34.56,34.7098,35.139,-0.4292000000000016,-1.2214,30730.77,107778.2833
002581.SZ,20151230,34.3404,35.728,34.3404,35.139,34.3304,0.8086000000000055,2.3553,44633.25,157405.3294
002581.SZ,20151229,34.5501,34.8895,33.8513,34.3304,34.5501,-0.21970000000000312,-0.6359,41184.37,140974.9006
002581.SZ,20151228,35.4585,35.8179,34.5401,34.5501,35.3387,-0.7886000000000024,-2.2315,51665.25,181921.5446
002581.SZ,20151225,35.0093,35.7979,34.9494,35.3387,35.3287,0.010000000000005116,0.0283,37382.53,132286.6817
002581.SZ,20151224,36.2072,36.4068,34.0709,35.3287,36.2271,-0.8984000000000023,-2.4799,64775.85,228747.6651
002581.SZ,20151223,37.4351,37.7146,36.1373,36.2271,37.3752,-1.1480999999999995,-3.0718,65006.53,238852.9478
002581.SZ,20151222,36.337,37.4351,36.2371,37.3752,36.5765,0.7986999999999966,2.1836,64081.36,236547.3027
002581.SZ,20151221,36.4667,37.2653,36.0375,36.5765,36.4667,0.1097999999999999,0.3011,57676.17,211077.3741
002581.SZ,20151218,37.5149,37.8743,35.9576,36.4667,37.485,-1.0182999999999964,-2.7166,73815.46,271335.2071
002581.SZ,20151217,36.9958,37.9841,36.9958,37.485,36.9759,0.5090999999999966,1.3768,76068.7,286634.2776
002581.SZ,20151216,36.8361,37.5449,36.5965,36.9759,36.906,0.06990000000000407,0.1894,55909.9,206888.6095
002581.SZ,20151215,35.748,37.5249,35.6382,36.906,35.738,1.1679999999999993,3.2682,71361.72,263690.8324
002581.SZ,20151214,35.0991,35.8179,34.8296,35.738,35.5982,0.13980000000000103,0.3927,50600.53,178701.77
002581.SZ,20151211,35.0791,36.0175,34.9494,35.5982,34.9394,0.6587999999999994,1.8856,59016.73,210321.555
002581.SZ,20151210,34.9394,36.0375,34.6599,34.9394,35.1291,-0.18970000000000198,-0.54,59089.03,209669.4029
002581.SZ,20151209,36.4368,36.4867,34.9893,35.1291,36.6265,-1.497399999999999,-4.0883,86912.55,309704.8846
002581.SZ,20151208,36.9359,38.1937,36.5466,36.6265,37.0258,-0.39929999999999666,-1.0784,77083.59,287650.0462
002581.SZ,20151207,37.4351,37.4351,36.0475,37.0258,37.5449,-0.5191000000000017,-1.3826,74999.28,276560.6782
002581.SZ,20151204,38.2337,38.6529,36.9459,37.5449,38.5431,-0.9982000000000042,-2.5898,95099.62,359659.3572
002581.SZ,20151203,37.2055,38.6829,37.1356,38.5431,37.0258,1.5173000000000059,4.098,93503.95,354848.8774
002581.SZ,20151202,38.9325,39.5115,35.6382,37.0258,39.5115,-2.4857000000000014,-6.2911,145185.74,543555.0459
002581.SZ,20151201,40.8092,42.4164,39.3417,39.5115,39.8608,-0.3492999999999995,-0.8763,244526.65,1003060.5339
002581.SZ,20151130,36.5166,39.8608,36.4867,39.8608,36.2371,3.6236999999999995,10.0,198044.13,762644.566
002581.SZ,20151127,38.633,40.4997,34.9394,36.2371,38.5431,-2.3060000000000045,-5.9829,222713.62,864120.5354
002581.SZ,20151126,35.3187,38.5431,35.0692,38.5431,35.0392,3.5039000000000016,9.9999,131639.51,491403.6954
002581.SZ,20151125,33.991,35.4385,33.8213,35.0392,34.1707,0.8685000000000045,2.5417,101177.64,354702.9385
002581.SZ,20151124,33.9611,34.4802,32.9329,34.1707,34.1707,0.0,0.0,74161.16,249196.8765
002581.SZ,20151123,32.843,34.9394,32.7432,34.1707,33.3122,0.8584999999999994,2.5771,108847.84,372322.012
002581.SZ,20151120,32.3439,34.1108,32.2441,33.3122,32.4437,0.8684999999999974,2.6769,90939.26,304187.4603
002581.SZ,20151119,32.4437,32.9428,31.7449,32.4437,32.3439,0.09980000000000189,0.3086,70016.27,226045.0325
002581.SZ,20151118,32.7432,33.5817,32.294,32.3439,32.8231,-0.47919999999999874,-1.4599,64798.81,213827.0507
002581.SZ,20151117,34.1907,34.3903,32.7532,32.8231,33.7914,-0.9683000000000064,-2.8655,93034.64,313239.6143
002581.SZ,20151116,32.1442,34.1108,31.8847,33.7914,33.2523,0.5391000000000048,1.6212,87537.62,291141.2309
002581.SZ,20151113,32.0544,34.8296,31.4654,33.2523,32.3139,0.9384000000000015,2.904,149103.54,500971.825
002581.SZ,20151112,32.7532,33.1824,32.0744,32.3139,32.9528,-0.6389000000000067,-1.9388,90448.81,293881.1112
002581.SZ,20151111,32.8231,33.412,31.7649,32.9528,32.9528,0.0,0.0,119186.57,389777.1337
002581.SZ,20151110,30.9463,33.442,30.7467,32.9528,31.2458,1.7070000000000043,5.4631,157810.38,505882.3784
002581.SZ,20151109,30.3474,31.685,29.9081,31.2458,30.7467,0.49909999999999854,1.6233,114075.08,352414.5864
002581.SZ,20151106,29.1894,30.9463,28.5505,30.7467,29.2493,1.497399999999999,5.1194,111897.53,339720.3819
002581.SZ,20151105,29.1494,29.2493,28.251,29.2493,28.9098,0.339500000000001,1.1743,103793.94,299039.0839
002581.SZ,20151104,27.5422,28.9298,27.5322,28.9098,27.3725,1.5373000000000019,5.6162,89038.67,252389.9442
002581.SZ,20151103,28.4506,28.7302,27.0531,27.3725,28.241,-0.8685000000000009,-3.0753,75232.64,209483.2089
002581.SZ,20151102,28.9498,29.6785,28.0214,28.241,29.9381,-1.697099999999999,-5.6687,89045.26,257746.8149
002581.SZ,20151030,29.948,30.8465,29.6585,29.9381,29.7783,0.15979999999999706,0.5366,69581.67,210617.4195
002581.SZ,20151029,30.2475,30.4372,29.1794,29.7783,29.8881,-0.1097999999999999,-0.3674,64423.41,193180.3733
002581.SZ,20151028,31.0162,31.4454,29.6286,29.8881,31.5153,-1.6271999999999984,-5.1632,88587.4,271411.0721
002581.SZ,20151027,31.4454,31.8647,29.5487,31.5153,31.8448,-0.32949999999999946,-1.0347,110683.82,341788.1789
002581.SZ,20151026,32.833,32.9229,31.0062,31.8448,32.8031,-0.9583000000000013,-2.9214,188466.65,601241.3689
002581.SZ,20151023,30.2775,32.8031,30.2775,32.8031,29.8183,2.9848,10.01,202645.23,655937.7757
002581.SZ,20151022,28.6303,30.2974,28.6303,29.8183,28.6004,1.2179000000000002,4.2583,114700.77,339121.0592
002581.SZ,20151021,31.7749,32.2241,28.6004,28.6004,31.7749,-3.1744999999999983,-9.9906,180385.11,553029.8722
002581.SZ,20151020,28.9198,31.7749,28.9098,31.7749,28.8899,2.884999999999998,9.9862,137927.46,412212.6139
002581.SZ,20151019,29.4489,29.6685,28.4806,28.8899,29.5487,-0.6587999999999994,-2.2295,98196.79,285087.7262
002581.SZ,20151016,29.8582,30.3474,28.9598,29.5487,29.8582,-0.3094999999999999,-1.0366,94707.3,281096.4115
002581.SZ,20151015,28.4806,29.8782,28.4806,29.8582,28.7501,1.1081000000000003,3.8542,78569.77,230965.5481
002581.SZ,20151014,29.8482,30.3773,28.5904,28.7501,29.948,-1.1979000000000006,-3.9999,95462.74,278910.0561
002581.SZ,20151013,28.8599,30.6967,28.81,29.948,29.389,0.559000000000001,1.9021,101927.56,303026.2189
002581.SZ,20151012,27.9216,29.8981,27.6021,29.389,27.5322,1.8567999999999998,6.7441,107866.49,312118.8167
002581.SZ,20151009,27.1828,27.6321,26.514,27.5322,27.1828,0.34939999999999927,1.2854,100761.3,273546.1929
002581.SZ,20151008,27.2527,27.7918,26.7736,27.1828,26.2744,0.9084000000000003,3.4574,113480.43,310595.0047
002581.SZ,20150930,27.1429,27.2627,25.935,26.2744,26.8634,-0.5889999999999986,-2.1926,85902.2,227407.9839
002581.SZ,20150929,25.2562,27.113,25.0565,26.8634,26.0548,0.8085999999999984,3.1035,129128.09,340005.152
002581.SZ,20150928,24.5075,26.4341,23.9584,26.0548,24.4576,1.5972000000000008,6.5305,114136.08,289879.0611
002581.SZ,20150925,26.514,27.2128,23.7787,24.4576,26.4142,-1.9566000000000017,-7.4074,136680.69,350564.8174
002581.SZ,20150924,26.2145,26.5839,25.8651,26.4142,26.1446,0.2696000000000005,1.0312,97470.91,255999.4625
002581.SZ,20150923,24.9567,26.8434,24.9567,26.1446,25.5656,0.5790000000000006,2.2648,137630.27,359051.5185
002581.SZ,20150922,26.1546,26.5839,24.6672,25.5656,25.5656,0.0,0.0,159161.59,411326.5058
002581.SZ,20150921,22.2614,25.5656,22.1616,25.5656,23.2397,2.3259000000000007,10.0083,150271.51,365511.743
002581.SZ,20150918,22.7505,23.5092,22.2714,23.2397,22.1715,1.0681999999999974,4.8179,91386.26,210392.8452
002581.SZ,20150917,22.4111,24.0682,22.1216,22.1715,21.9619,0.20960000000000178,0.9544,139331.0,323651.0487
002581.SZ,20150916,20.4944,21.9619,20.185,21.9619,19.9654,1.996500000000001,9.9998,111640.34,236877.0071
002581.SZ,20150915,20.4944,21.6325,19.7158,19.9654,21.8221,-1.8567,-8.5083,102161.71,211159.1838
002581.SZ,20150914,24.4476,24.8369,21.8221,21.8221,24.2479,-2.4258000000000024,-10.0042,153436.97,355397.6617
002581.SZ,20150911,23.5192,24.4975,23.5192,24.2479,23.9085,0.33940000000000126,1.4196,104050.02,251489.5792
002581.SZ,20150910,23.9584,25.3061,23.659,23.9085,24.2379,-0.3293999999999997,-1.359,174704.94,429322.9418
002581.SZ,20150909,23.2397,24.2379,22.9602,24.2379,22.0318,2.2060999999999993,10.0133,225346.49,539624.6084
002581.SZ,20150908,19.7957,22.0318,19.7957,22.0318,20.0253,2.006499999999999,10.0198,174079.77,375602.6991
002581.SZ,20150907,19.4862,20.8938,19.1168,20.0253,18.997,1.0283000000000015,5.413,130835.79,263836.2974
002581.SZ,20150902,19.2666,21.2831,18.997,18.997,21.1034,-2.1064000000000007,-9.9813,150046.1,293817.6007
002581.SZ,20150901,22.2614,22.2714,21.1034,21.1034,23.4493,-2.3459000000000003,-10.0041,94526.98,202055.0475
002581.SZ,20150831,25.4558,25.4558,23.4493,23.4493,26.0548,-2.6054999999999993,-10.0001,99856.25,244381.5123
002581.SZ,20150828,24.5574,26.0947,23.4693,26.0548,23.9385,2.116299999999999,8.8406,137621.96,338922.8972
002581.SZ,20150827,25.4558,26.4441,22.9302,23.9385,25.4758,-1.5372999999999983,-6.0344,152452.01,371131.9428
002581.SZ,20150826,25.4758,27.1529,25.4758,25.4758,28.3009,-2.825099999999999,-9.9824,188689.12,490481.3789
002581.SZ,20150825,28.3009,28.3009,28.3009,28.3009,31.4454,-3.1445000000000007,-9.9999,15006.0,42542.01
002581.SZ,20150824,31.4554,32.3439,31.4454,31.4454,34.9394,-3.4939999999999998,-10.0002,30412.0,96044.7227
002581.SZ,20150821,37.2853,37.7645,34.8396,34.9394,38.2836,-3.3442000000000007,-8.7353,89477.58,326772.5699
002581.SZ,20150820,37.5349,40.0805,37.1356,38.2836,38.2337,0.049900000000000944,0.1305,112725.42,437537.3371
002581.SZ,20150819,36.9459,38.7328,34.9194,38.2337,38.7727,-0.5390000000000015,-1.3902,139125.71,517929.8262
002581.SZ,20150818,39.4016,42.9255,38.4333,38.7727,39.2319,-0.4592000000000027,-1.1705,225100.4,909755.1758
002581.SZ,20150817,37.0357,39.2319,36.1373,39.2319,37.6247,1.607200000000006,4.2717,112287.57,423171.2317
002581.SZ,20150814,37.2254,38.4233,36.8161,37.6247,36.916,0.7087000000000003,1.9198,82038.83,308229.8146
002581.SZ,20150813,35.9476,37.1156,35.4884,36.916,36.4967,0.4192999999999998,1.1489,65551.59,239184.0545
002581.SZ,20150812,37.4251,38.4333,36.2471,36.4967,37.7944,-1.297700000000006,-3.4336,74421.14,279487.7003
002581.SZ,20150811,38.4333,38.9125,37.4351,37.7944,38.5831,-0.7886999999999986,-2.0442,94114.84,357745.9353
002581.SZ,20150810,37.0357,39.3817,37.0357,38.5831,36.906,1.677100000000003,4.5442,106523.59,406561.7947
002581.SZ,20150807,36.0375,37.3552,36.0375,36.906,35.7779,1.1280999999999963,3.1531,99992.01,368146.4845
002581.SZ,20150806,39.761,39.761,35.738,35.7779,38.8726,-3.094699999999996,-7.9611,182498.95,691113.6445
002581.SZ,20150805,35.2888,38.8726,34.7397,38.8726,35.3387,3.5338999999999956,10.0001,137251.73,508237.3237
002581.SZ,20150804,32.2441,35.5084,32.1542,35.3387,32.284,3.054700000000004,9.462,107580.37,367996.7394
002581.SZ,20150803,31.6551,33.6217,30.9463,32.284,31.3456,0.9383999999999979,2.9937,90233.47,291780.9761
002581.SZ,20150731,32.1442,32.2241,30.1177,31.3456,32.3938,-1.0481999999999978,-3.2358,83677.64,262639.1639
002581.SZ,20150730,33.9211,35.0692,31.695,32.3938,33.8912,-1.497399999999999,-4.4183,104429.92,355905.6439
002581.SZ,20150729,35.0392,35.5383,30.9563,33.8912,34.2805,-0.38930000000000575,-1.1356,155059.91,508368.5857
002581.SZ,20150728,34.2905,36.896,34.2805,34.2805,38.0939,-3.8133999999999943,-10.0105,142166.25,492936.0377
002581.SZ,20150727,40.7094,41.9273,38.0939,38.0939,42.3266,-4.232700000000001,-10.0001,100552.02,403833.1112
002581.SZ,20150724,43.7341,44.383,41.9273,42.3266,43.6742,-1.3476,-3.0856,123233.11,535599.3333
002581.SZ,20150723,40.7493,44.9121,40.7493,43.6742,41.6477,2.0264999999999986,4.8658,122009.98,527812.3899
002581.SZ,20150722,42.8257,43.5045,39.9307,41.6477,42.656,-1.0082999999999984,-2.3638,151645.85,636903.3728
002581.SZ,20150721,38.9225,42.8856,37.9442,42.656,38.9824,3.6736000000000004,9.4237,162403.24,674052.6029
002581.SZ,20150720,37.9342,40.0306,37.3452,38.9824,37.9542,1.0281999999999982,2.7091,129526.66,502035.9491
002581.SZ,20150717,36.287,39.3318,34.8595,37.9542,35.9876,1.9665999999999997,5.4647,171346.53,638003.1493
002581.SZ,20150716,35.9876,39.5115,35.9876,35.9876,39.9806,-3.993000000000002,-9.9873,201987.28,739648.2309
002581.SZ,20150715,42.4264,42.4264,39.9806,39.9806,44.4229,-4.442299999999996,-10.0,40934.56,167453.792
002581.SZ,20150714,44.9221,47.0184,42.7359,44.4229,42.8057,1.6171999999999969,3.778,169133.98,763211.9531
002581.SZ,20150713,40.929,42.8057,39.7111,42.8057,38.9125,3.8932,10.005,162647.11,688796.7876
002581.SZ,20150707,38.9125,38.9125,38.9125,38.9125,43.235,-4.322499999999998,-9.9977,312.0,2432.352
002581.SZ,20150706,43.235,46.9186,43.235,43.235,48.0367,-4.801700000000004,-9.9959,48208.09,421996.222
002581.SZ,20150703,48.0367,48.0367,48.0367,48.0367,53.3724,-5.335699999999996,-9.9971,1841.0,17717.784
002581.SZ,20150702,53.3724,53.3724,53.3724,53.3724,59.3021,-5.929700000000004,-9.9991,234.0,2502.162
002581.SZ,20150701,59.3021,59.3021,59.3021,59.3021,65.8907,-6.5885999999999925,-9.9993,1938.0,23025.378
002581.SZ,20150617,66.5695,66.5695,63.1405,65.8907,66.28,-0.38930000000000575,-0.5874,16374.56,212874.9906
002581.SZ,20150616,66.8291,69.18,65.2718,66.28,68.3764,-2.0964000000000027,-3.066,16778.91,224607.7617
002581.SZ,20150615,69.8189,71.7755,67.3831,68.3764,69.8189,-1.4424999999999955,-2.0661,20569.44,287115.1667
002581.SZ,20150612,65.3866,70.3779,65.3267,69.8189,64.009,5.809899999999999,9.0767,23465.41,321643.2798
002581.SZ,20150611,58.3987,64.009,57.9894,64.009,58.189,5.82,10.0019,22419.6,271816.0782
002581.SZ,20150610,58.3488,59.7164,56.7515,58.189,57.9894,0.19959999999999667,0.3442,17011.46,199843.707
002581.SZ,20150609,58.6483,61.3436,56.9512,57.9894,60.0458,-2.0563999999999965,-3.4247,19024.96,224652.0232
002581.SZ,20150608,60.3952,61.3885,57.8995,60.0458,61.8926,-1.8468000000000018,-2.9839,25009.04,299966.2815
002581.SZ,20150605,58.4835,61.8926,58.4835,61.8926,58.4835,3.4091000000000022,5.8292,27597.79,333370.5258
002581.SZ,20150604,56.6517,58.8878,50.4674,58.4835,55.7782,2.705300000000001,4.8501,32942.67,375547.8521
002581.SZ,20150603,57.5502,58.3937,55.6784,55.7782,58.9627,-3.1845,-5.4009,31574.14,357390.6983
002581.SZ,20150602,57.6949,59.8312,57.4004,58.9627,55.6185,3.3442000000000007,6.0127,29687.44,348332.7518
002581.SZ,20150601,51.9099,55.6534,50.9167,55.6185,50.6671,4.9514,9.7724,31251.88,337425.6773
002581.SZ,20150529,50.4175,52.0148,45.6708,50.6671,49.4143,1.2528000000000006,2.5353,35767.71,355917.7397
002581.SZ,20150528,49.005,53.3624,48.995,49.4143,48.5108,0.903499999999994,1.8625,51154.61,520593.7689
002581.SZ,20150527,43.9238,48.5108,43.3648,48.5108,44.0985,4.412300000000002,10.0056,48251.34,448719.9985
002581.SZ,20150526,42.067,44.3131,41.4531,44.0985,41.6278,2.470700000000001,5.9352,42577.07,367884.4454
002581.SZ,20150525,41.478,42.9255,40.4299,41.6278,41.9672,-0.3393999999999977,-0.8087,26943.13,224904.3384
002581.SZ,20150522,44.1734,44.4229,41.2285,41.9672,43.1252,-1.1580000000000013,-2.6852,28059.72,238726.2875
002581.SZ,20150521,41.6178,43.1402,41.4181,43.1252,41.5679,1.557299999999998,3.7464,24303.45,205332.5498
002581.SZ,20150520,40.914,42.9006,40.914,41.5679,40.6195,0.9483999999999995,2.3348,20211.52,169610.7691
002581.SZ,20150519,41.8574,42.067,39.4366,40.6195,41.6428,-1.023299999999999,-2.4573,37213.44,300833.1679
002581.SZ,20150518,42.1768,42.9205,41.493,41.6428,43.1451,-1.5022999999999982,-3.482,25402.36,213538.3793
002581.SZ,20150515,45.3413,45.4412,42.4264,43.1451,45.3214,-2.1762999999999977,-4.8019,28608.93,248181.0353
002581.SZ,20150514,41.488,45.4212,41.4281,45.3214,41.7326,3.588799999999999,8.5995,28743.27,255066.2519
002581.SZ,20150513,40.1903,42.9255,39.3617,41.7326,40.1404,1.5921999999999983,3.9666,28236.78,232907.2568
002581.SZ,20150512,41.4281,41.6777,39.8309,40.1404,41.1037,-0.9633000000000038,-2.3436,24425.63,198222.7504
002581.SZ,20150511,40.33,41.5479,39.5264,41.1037,39.9806,1.1231000000000009,2.8091,21229.87,172030.416
002581.SZ,20150508,39.9307,40.2252,39.2469,39.9806,39.2419,0.7387000000000015,1.8824,12449.13,99340.7295
002581.SZ,20150507,40.8292,41.2285,38.9374,39.2419,40.7443,-1.5024000000000015,-3.6874,11786.56,93844.5378
002581.SZ,20150506,40.929,42.2267,40.4299,40.7443,40.4299,0.3143999999999991,0.7776,15609.59,129009.1141
002581.SZ,20150505,42.9255,42.9255,40.0355,40.4299,39.9207,0.509200000000007,1.2755,18006.46,149307.8812
002581.SZ,20150504,40.4299,40.4299,39.4316,39.9207,39.9307,-0.010000000000005116,-0.025,10081.65,80722.9613
002581.SZ,20150430,39.5214,40.7293,39.4316,39.9307,40.1753,-0.24459999999999837,-0.6088,12709.34,102043.1814
002581.SZ,20150429,39.172,40.7044,35.9377,40.1753,39.182,0.9932999999999979,2.5351,20229.06,156821.6394
002581.SZ,20150428,42.4863,42.4863,38.9824,39.182,42.4863,-3.304299999999998,-7.7773,25332.92,204668.8854
002581.SZ,20150427,43.4247,44.1734,41.9323,42.4863,42.8107,-0.32439999999999714,-0.7578,18502.01,159385.7009
002581.SZ,20150424,41.2035,43.819,41.2035,42.8107,43.8988,-1.0881000000000043,-2.4787,27630.84,235240.8698
002581.SZ,20150423,39.8509,43.8988,39.4416,43.8988,39.9058,3.993000000000002,10.0061,22808.96,193364.9701
002581.SZ,20150422,37.7495,40.7593,37.7345,39.9058,37.7345,2.1713000000000022,5.7542,20797.38,165167.2834
002581.SZ,20150421,36.6814,37.8743,36.0874,37.7345,36.6814,1.0531000000000006,2.8709,17458.36,129562.1894
002581.SZ,20150420,36.9359,38.1838,35.2389,36.6814,36.3619,0.3194999999999979,0.8787,20241.62,149221.1728
002581.SZ,20150417,37.0357,38.2337,35.9426,36.3619,37.2354,-0.8734999999999999,-2.3459,17913.47,131639.8996
002581.SZ,20150416,37.0008,38.6579,36.4368,37.2354,37.0357,0.1997,0.5392,21708.77,163776.7986
002581.SZ,20150415,34.8995,38.7628,34.59,37.0357,35.2788,1.7569000000000017,4.98,35201.27,258863.8999
002581.SZ,20150414,33.8862,36.2771,32.4836,35.2788,33.9311,1.3476999999999961,3.9719,23124.58,160593.0444
002581.SZ,20150413,32.3888,34.58,31.7649,33.9311,32.0145,1.9166000000000025,5.9867,32468.7,215697.075
002581.SZ,20150410,29.5487,32.0145,28.9598,32.0145,29.1045,2.9099999999999966,9.9985,30340.26,187962.273
002581.SZ,20150409,29.4489,29.6985,28.0863,29.1045,29.6985,-0.5939999999999976,-2.0001,17033.74,98148.7359
002581.SZ,20150408,30.4572,30.6967,29.1993,29.6985,30.2974,-0.5989000000000004,-1.9767,18851.7,113109.7709
002581.SZ,20150407,30.0978,30.6967,30.0978,30.2974,30.0978,0.19960000000000022,0.6632,17459.69,106121.6756
002581.SZ,20150403,29.7035,30.3523,29.5487,30.0978,30.1227,-0.024899999999998812,-0.0827,18719.72,112405.1382
002581.SZ,20150402,29.948,31.5852,29.4489,30.1227,30.1227,0.0,0.0,26545.82,161432.5208
002581.SZ,20150401,28.9498,30.4422,28.9448,30.1227,28.84,1.2826999999999984,4.4476,21568.53,129591.4506
002581.SZ,20150331,28.9448,29.399,28.5505,28.84,28.8499,-0.009900000000001796,-0.0343,21768.85,126545.5763
002581.SZ,20150330,29.998,30.2425,28.3508,28.8499,29.6536,-0.8036999999999992,-2.7103,22936.14,133729.5747
002581.SZ,20150327,29.0047,30.1976,29.0047,29.6536,29.6486,0.005000000000002558,0.0169,20748.19,123251.3397
002581.SZ,20150326,27.6271,30.3074,26.9582,29.6486,27.5522,2.096399999999999,7.6088,45477.76,268689.0733
002581.SZ,20150325,27.9266,27.9266,26.7935,27.5522,28.0014,-0.44920000000000115,-1.6042,20019.6,110012.9288
002581.SZ,20150324,28.4506,28.6004,26.6538,28.0014,28.4456,-0.4441999999999986,-1.5616,32615.46,180336.9691
002581.SZ,20150323,27.6221,28.9498,27.093,28.4456,27.078,1.3675999999999995,5.0506,31221.18,175134.1623
002581.SZ,20150320,25.6555,28.251,25.2961,27.078,25.8551,1.2228999999999992,4.7298,49874.55,270264.943
002581.SZ,20150319,23.5641,25.8551,23.5142,25.8551,23.5042,2.3508999999999993,10.002,37269.25,183057.2752
002581.SZ,20150318,23.4992,23.7837,23.2596,23.5042,23.4294,0.07479999999999976,0.3193,19711.37,92817.518
002581.SZ,20150317,23.9584,24.1381,23.1598,23.4294,23.609,-0.17960000000000065,-0.7607,23825.18,112885.1108
002581.SZ,20150316,22.9103,23.7588,22.7605,23.609,23.1448,0.4642000000000017,2.0056,26991.27,126914.7989
002581.SZ,20150313,23.4593,23.7588,22.8703,23.1448,23.1299,0.014900000000000801,0.0644,24060.66,112488.7514
002581.SZ,20150312,23.5442,23.8436,22.461,23.1299,23.4593,-0.3293999999999997,-1.4041,20793.4,96257.1742
002581.SZ,20150311,24.3577,24.7021,23.2097,23.4593,24.4077,-0.9483999999999995,-3.8857,28825.34,137800.0755
002581.SZ,20150310,24.208,24.757,23.9584,24.4077,23.9584,0.44929999999999737,1.8753,24522.96,120079.9206
002581.SZ,20150309,24.0882,24.8419,23.3794,23.9584,24.4476,-0.4892000000000003,-2.001,32443.67,155836.4351
002581.SZ,20150306,23.3096,24.8619,23.2097,24.4476,23.5591,0.8885000000000005,3.7714,34143.49,166377.9595
002581.SZ,20150305,23.8985,24.787,23.4743,23.5591,23.5741,-0.015000000000000568,-0.0636,49963.21,239765.9625
002581.SZ,20150304,21.4628,23.5741,20.9686,23.5741,21.4328,2.141300000000001,9.9908,53492.59,245488.0458
002581.SZ,20150303,21.912,22.3512,21.3629,21.4328,22.0767,-0.6438999999999986,-2.9166,29171.16,127353.1818
002581.SZ,20150302,21.8521,22.4111,21.6874,22.0767,22.0617,0.015000000000000568,0.068,22289.26,98630.2643
002581.SZ,20150227,21.5576,22.5109,21.343,22.0617,21.5127,0.5489999999999995,2.552,21765.83,96272.2682
002581.SZ,20150226,21.9719,22.2863,21.2781,21.5127,22.1815,-0.668800000000001,-3.0151,21096.09,91516.6423
002581.SZ,20150225,20.759,22.3961,20.5643,22.1815,20.759,1.4224999999999994,6.8524,38258.92,166074.697
002581.SZ,20150217,20.1201,20.759,19.9654,20.759,20.0153,0.7437000000000005,3.7157,23136.6,94845.2937
002581.SZ,20150216,19.6509,20.1201,19.5611,20.0153,19.606,0.4092999999999982,2.0876,16341.96,65308.0812
002581.SZ,20150213,19.7158,19.8506,19.3963,19.606,19.5361,0.06990000000000052,0.3578,15061.07,59297.5318
002581.SZ,20150212,19.1418,19.9005,19.012,19.5361,19.2466,0.2895000000000003,1.5042,12785.47,50210.7037
002581.SZ,20150211,19.3115,19.4063,18.9172,19.2466,19.1618,0.08480000000000132,0.4425,12124.14,46540.7507
002581.SZ,20150210,19.3165,19.4612,18.9322,19.1618,19.2566,-0.09479999999999933,-0.4923,11736.64,45117.6832
002581.SZ,20150209,19.2416,19.4413,19.0669,19.2566,19.2616,-0.005000000000002558,-0.026,7842.38,30257.8431
002581.SZ,20150206,19.9604,19.9604,19.1168,19.2616,19.7657,-0.5040999999999976,-2.5504,16059.31,62237.1621
002581.SZ,20150205,20.4495,20.6043,19.7158,19.7657,20.3148,-0.5491000000000028,-2.703,16702.55,67203.9942
002581.SZ,20150204,20.5444,20.8588,20.3148,20.3148,20.6542,-0.3393999999999977,-1.6432,14660.83,60278.3706
002581.SZ,20150203,19.571,21.0036,19.4313,20.6542,19.5611,1.0930999999999997,5.5881,31264.88,128614.3201
002581.SZ,20150202,19.7657,19.7907,19.3664,19.5611,19.4063,0.15479999999999805,0.7977,13432.36,52669.1421
002581.SZ,20150130,19.621,19.8655,19.2965,19.4063,19.6409,-0.2345999999999968,-1.1944,11840.37,46259.7637
002581.SZ,20150129,19.616,20.0402,19.3664,19.6409,19.6409,0.0,0.0,14931.34,59397.0852
002581.SZ,20150128,19.2915,19.8655,19.2865,19.6409,19.1168,0.5240999999999971,2.7416,23997.91,93990.1306
002581.SZ,20150127,19.2067,19.3165,18.8174,19.1168,19.1917,-0.07489999999999952,-0.3903,14674.89,56140.6785
002581.SZ,20150126,19.022,19.3365,18.9471,19.1917,18.9521,0.23959999999999937,1.2642,17575.62,67382.1441
002581.SZ,20150123,19.9404,19.9454,18.7924,18.9521,19.8605,-0.9083999999999968,-4.5739,31257.46,120242.8811
002581.SZ,20150122,19.9654,20.0652,19.7208,19.8605,19.8955,-0.03500000000000014,-0.1759,18904.79,75198.4622
002581.SZ,20150121,20.2599,20.2599,19.7457,19.8955,20.2648,-0.3693000000000026,-1.8224,18428.92,73602.3479
002581.SZ,20150120,19.9105,20.3846,19.3664,20.2648,19.5111,0.753700000000002,3.8629,18237.24,72581.1907
002581.SZ,20150119,18.9122,20.0153,18.7325,19.5111,19.2915,0.2195999999999998,1.1383,24293.19,95503.0025
002581.SZ,20150116,18.7724,19.2965,18.5878,19.2915,18.7175,0.5739999999999981,3.0666,16045.33,61446.1255
002581.SZ,20150115,18.7724,18.9022,18.4779,18.7175,18.7475,-0.029999999999997584,-0.16,9263.68,34552.1581
002581.SZ,20150114,18.3681,18.8872,18.0986,18.7475,18.3132,0.43430000000000035,2.3715,16452.15,61419.9585
002581.SZ,20150113,17.7592,18.3931,17.5795,18.3132,17.7193,0.5938999999999979,3.3517,14561.26,52728.6148
002581.SZ,20150112,17.6194,17.9539,17.2601,17.7193,17.5196,0.1997,1.1399,11926.69,42417.9047
002581.SZ,20150109,17.9489,18.2683,17.4847,17.5196,17.7941,-0.27449999999999974,-1.5426,14899.02,53727.6315
002581.SZ,20150108,17.4647,17.869,17.2601,17.7941,17.4697,0.3244000000000007,1.8569,14388.48,50874.9582
002581.SZ,20150107,17.3599,17.6893,17.1702,17.4697,17.4298,0.03989999999999938,0.2289,9279.38,32448.4394
002581.SZ,20150106,17.6144,17.6144,16.8607,17.4298,17.7193,-0.2895000000000003,-1.6338,19506.91,67395.3815
002581.SZ,20150105,18.458,18.458,17.3299,17.7193,17.0704,0.6489000000000011,3.8013,23487.23,83966.3854
002581.SZ,20141231,16.9206,17.2551,16.6711,17.0704,16.8158,0.25459999999999994,1.5141,13829.15,47058.2136
002581.SZ,20141230,16.4714,16.8607,16.3067,16.8158,16.4714,0.34440000000000026,2.0909,15290.72,50738.929
002581.SZ,20141229,17.869,17.869,16.1969,16.4714,17.8989,-1.427500000000002,-7.9754,36928.9,124566.1122
002581.SZ,20141226,17.9738,18.453,17.8091,17.8989,18.2334,-0.33449999999999847,-1.8345,12877.63,46499.8435
002581.SZ,20141225,18.3132,18.5428,18.0038,18.2334,18.4031,-0.16969999999999885,-0.9221,11846.35,43231.7701
002581.SZ,20141224,17.5346,18.453,17.5346,18.4031,17.27,1.1330999999999989,6.5611,19970.3,72096.5009
002581.SZ,20141223,17.2201,18.1086,17.1902,17.27,18.3582,-1.0882000000000005,-5.9276,31012.13,108992.3397
002581.SZ,20141222,19.9654,19.9803,18.3582,18.3582,20.3996,-2.0413999999999994,-10.0071,27500.8,102632.6807
002581.SZ,20141219,21.2931,21.6874,19.9654,20.3996,20.9137,-0.5140999999999991,-2.4582,21681.41,89500.8297
002581.SZ,20141218,21.338,21.7423,20.6142,20.9137,21.4877,-0.5740000000000016,-2.6713,23369.58,98833.1496
002581.SZ,20141217,21.8321,21.8321,21.303,21.4877,21.8321,-0.34440000000000026,-1.5775,18548.56,79696.0926
002581.SZ,20141216,21.1184,21.912,20.7041,21.8321,21.1184,0.7136999999999993,3.3795,28920.38,123742.1384
002581.SZ,20141215,20.7141,21.5027,20.5893,21.1184,21.3629,-0.2444999999999986,-1.1445,19246.24,81409.7241
002581.SZ,20141212,20.9686,21.4628,20.744,21.3629,21.0934,0.26950000000000074,1.2777,19399.44,82024.1651
002581.SZ,20141211,19.9154,21.338,19.7208,21.0934,19.9654,1.1280000000000001,5.6498,26941.98,111695.159
002581.SZ,20141210,19.1418,20.4645,19.1268,19.9654,19.4163,0.5490999999999993,2.828,20801.52,82478.1274
002581.SZ,20141209,20.3098,20.3098,19.2167,19.4163,20.3647,-0.9483999999999995,-4.6571,32560.84,129441.8151
002581.SZ,20141208,19.9654,20.4695,19.7158,20.3647,20.5543,-0.1896000000000022,-0.9224,30076.4,121527.029
002581.SZ,20141205,20.5444,21.0635,19.9654,20.5543,21.0235,-0.4691999999999972,-2.2318,38039.2,156963.1036
002581.SZ,20141204,21.2132,21.5726,20.8438,21.0235,21.338,-0.31450000000000244,-1.4739,30766.11,130580.2
002581.SZ,20141203,22.2614,22.3612,20.3697,21.338,22.0318,-0.6937999999999995,-3.1491,64331.95,273628.746
002581.SZ,20141202,21.9469,22.5609,21.7123,22.0318,21.877,0.1548000000000016,0.7076,35217.21,155534.9736
002581.SZ,20141201,21.1982,23.4343,21.0784,21.877,21.3629,0.5140999999999991,2.4065,54240.25,240375.113
002581.SZ,20141128,20.2848,22.2115,20.19,21.3629,20.2898,1.0731000000000002,5.2889,61483.5,262035.6703
002581.SZ,20141127,20.2898,20.5893,20.0802,20.2898,20.2698,0.019999999999999574,0.0987,21841.02,88976.6234
002581.SZ,20141126,20.6043,20.759,20.0302,20.2698,20.724,-0.45420000000000016,-2.1917,32744.91,133377.5335
002581.SZ,20141125,20.6592,21.1533,20.2149,20.724,20.6592,0.06480000000000175,0.3137,42521.01,176450.4281
002581.SZ,20141124,20.739,20.9536,20.4096,20.6592,20.764,-0.10480000000000089,-0.5047,38847.07,160768.1552
002581.SZ,20141121,20.9686,21.2481,20.2049,20.764,21.3929,-0.6289000000000016,-2.9398,83918.17,347887.6056
002581.SZ,20141120,19.2566,21.3929,19.2466,21.3929,19.4463,1.9466,10.0101,93342.58,388980.3541
002581.SZ,20141119,18.5478,20.3148,18.5478,19.4463,18.5428,0.9035000000000011,4.8725,57582.71,226237.7372
002581.SZ,20141118,18.9621,19.0569,18.4929,18.5428,18.997,-0.45420000000000016,-2.3909,17935.53,67226.1511
002581.SZ,20141117,18.0886,19.0669,17.879,18.997,18.0637,0.9332999999999991,5.1667,26937.66,100229.033
002581.SZ,20141114,17.9638,18.1136,17.7243,18.0637,17.9638,0.09990000000000165,0.5561,16435.83,58985.1718
002581.SZ,20141113,18.7724,18.8623,17.869,17.9638,18.8673,-0.9035000000000011,-4.7887,33840.48,123346.1825
002581.SZ,20141112,18.9072,18.9072,18.4979,18.8673,18.5578,0.3094999999999999,1.6678,18713.98,69977.7634
002581.SZ,20141111,19.0519,19.2566,18.3182,18.5578,19.0519,-0.49409999999999954,-2.5934,26518.87,99450.5791
002581.SZ,20141110,19.2466,19.3764,18.7325,19.0519,19.3115,-0.25959999999999894,-1.3443,22911.57,87467.2194
002581.SZ,20141107,19.4163,19.7158,19.1019,19.3115,19.3165,-0.005000000000002558,-0.0259,41268.3,160661.9972
002581.SZ,20141106,18.8723,19.3564,18.8573,19.3165,18.8673,0.44920000000000115,2.3808,26203.62,100759.523
002581.SZ,20141105,18.7425,19.2566,18.5678,18.8673,18.7924,0.07489999999999952,0.3986,20867.79,79093.2864
002581.SZ,20141104,19.0919,19.4912,18.7674,18.7924,19.2915,-0.49909999999999854,-2.5871,27804.84,105740.2346
002581.SZ,20141103,18.8473,19.596,18.8174,19.2915,18.9172,0.3742999999999981,1.9786,40322.83,156205.729
002581.SZ,20141031,19.0919,19.2117,18.6476,18.9172,19.1418,-0.2245999999999988,-1.1733,23596.07,89205.4413
002581.SZ,20141030,19.3115,19.601,19.017,19.1418,19.3664,-0.2245999999999988,-1.1597,32473.61,125388.5671
002581.SZ,20141029,19.1468,19.7008,19.1168,19.3664,19.0869,0.27949999999999875,1.4644,51536.83,200659.6744
002581.SZ,20141028,18.8723,19.1518,18.7674,19.0869,18.8024,0.2845000000000013,1.5131,29197.7,111132.5113
002581.SZ,20141027,18.6177,19.0569,18.4131,18.8024,18.5977,0.204699999999999,1.1007,16803.51,63391.1371
002581.SZ,20141024,18.6576,18.9172,18.5179,18.5977,18.5378,0.059899999999998954,0.3231,16382.46,61444.5071
002581.SZ,20141023,18.458,18.7175,18.2234,18.5378,18.4829,0.05489999999999995,0.297,18272.77,67468.7206
002581.SZ,20141022,18.7026,18.8922,18.473,18.4829,18.7475,-0.26459999999999795,-1.4114,21017.0,78611.589
002581.SZ,20141021,19.3215,19.4113,18.5578,18.7475,19.4612,-0.7137000000000029,-3.6673,39285.29,149324.1586
002581.SZ,20141020,18.9222,19.7857,18.7175,19.4612,18.9172,0.5440000000000005,2.8757,50888.79,197851.8647
002581.SZ,20141017,18.5179,19.0519,18.4131,18.9172,18.5878,0.3293999999999997,1.7721,36905.81,138602.285
002581.SZ,20141016,18.8074,19.0769,18.473,18.5878,18.8673,-0.27949999999999875,-1.4814,43328.65,163178.0019
002581.SZ,20141015,19.7408,19.8905,18.8523,18.8673,19.6659,-0.7986000000000004,-4.0608,63427.41,244622.2866
002581.SZ,20141014,19.1667,19.6659,18.9172,19.6659,19.1368,0.5290999999999997,2.7648,54851.65,212269.2331
002581.SZ,20141013,19.007,19.3564,18.9671,19.1368,19.017,0.11980000000000146,0.63,39873.09,153466.3368
002581.SZ,20141010,18.9172,19.1368,18.6427,19.017,19.0919,-0.07489999999999952,-0.3923,36211.42,137105.5326
002581.SZ,20141009,19.4912,19.611,18.8673,19.0919,19.4912,-0.3993000000000002,-2.0486,62321.43,238829.3563
002581.SZ,20141008,19.1717,19.7507,18.9921,19.4912,19.4413,0.049900000000000944,0.2567,61732.34,240345.9361
002581.SZ,20140930,19.5161,19.7607,18.9721,19.4413,19.2117,0.2295999999999978,1.1951,74211.26,288701.4022
002581.SZ,20140929,21.8621,22.1216,19.2117,19.2117,21.348,-2.1362999999999985,-10.007,171122.46,692987.612
002581.SZ,20140926,19.5161,21.348,19.1168,21.348,19.4063,1.9416999999999973,10.0055,95451.89,388745.4829
002581.SZ,20140925,19.1667,20.4146,19.1168,19.4063,19.022,0.3843000000000032,2.0203,98571.24,383723.5878
002581.SZ,20140924,18.5878,19.8256,18.5678,19.022,18.5428,0.47919999999999874,2.5843,100708.1,387279.8189
002581.SZ,20140923,18.2483,18.8223,18.0986,18.5428,18.473,0.06980000000000075,0.3778,67936.25,251756.2699
002581.SZ,20140922,18.2633,18.6576,18.0836,18.473,18.2384,0.23460000000000036,1.2863,69717.86,256526.7763
002581.SZ,20140919,17.8191,18.6127,17.7442,18.2384,18.1835,0.05489999999999995,0.3019,74714.44,273176.7943
002581.SZ,20140918,18.5079,18.7575,17.9239,18.1835,19.0919,-0.9084000000000003,-4.758,106563.36,390976.2668
002581.SZ,20140917,18.8922,19.4912,18.7225,19.0919,18.7475,0.34440000000000026,1.837,67661.24,258854.813
002581.SZ,20140916,20.5444,20.7091,18.7475,18.7475,20.8289,-2.081400000000002,-9.9928,136582.24,532690.5491
002581.SZ,20140915,19.7108,21.4378,19.2167,20.8289,19.8605,0.9684000000000026,4.876,133218.14,544071.6603
002581.SZ,20140912,19.7158,20.5643,19.7158,19.8605,19.8605,0.0,0.0,84911.2,340765.4187
002581.SZ,20140911,20.16,20.3647,19.3165,19.8605,20.4246,-0.5641000000000034,-2.7619,120105.02,477353.8223
002581.SZ,20140910,19.606,20.6691,19.606,20.4246,19.6659,0.758700000000001,3.8579,138962.22,558923.7564
002581.SZ,20140909,19.576,20.2049,18.7275,19.6659,19.606,0.059899999999998954,0.3055,167946.03,655372.1333
002581.SZ,20140905,19.4612,19.606,19.0919,19.606,17.8241,1.7819000000000003,9.9971,122349.72,479227.4475
002581.SZ,20140901,17.4697,17.8241,17.2301,17.8241,16.2019,1.622200000000003,10.0124,248436.99,880074.2418
002581.SZ,20140829,16.2019,16.2019,16.2019,16.2019,14.7294,1.4724999999999984,9.997,43839.81,142304.0233
002581.SZ,20140828,14.7294,14.7294,14.7294,14.7294,13.3918,1.3376000000000001,9.9882,2409.94,7111.7329
002581.SZ,20140827,13.3918,13.3918,13.3918,13.3918,12.1739,1.2179000000000002,10.0042,1624.96,4359.7677
002581.SZ,20140826,12.1739,12.1739,12.1739,12.1739,11.0658,1.1081000000000003,10.0137,952.25,2322.5378
002581.SZ,20140825,11.0658,11.0658,11.0658,11.0658,10.0576,1.0081999999999987,10.0243,462.4,1025.1408
002581.SZ,20140822,10.0576,10.0576,10.0576,10.0576,9.1441,0.9135000000000009,9.99,178.68,360.0402
002581.SZ,20140821,9.1441,9.1441,9.1441,9.1441,8.3106,0.833499999999999,10.0294,436.03,798.807
002581.SZ,20140418,8.2186,8.3688,8.0684,8.3107,8.1895,0.12119999999999997,1.4799,29156.84,49441.4118
002581.SZ,20140417,7.8745,8.33,7.8745,8.1895,7.8503,0.33920000000000083,4.3209,45483.44,76796.2634
002581.SZ,20140416,7.8648,7.9666,7.7679,7.8503,7.8697,-0.019400000000000084,-0.2465,18956.25,30696.4563
002581.SZ,20140415,7.986,8.1314,7.86,7.8697,8.0441,-0.17440000000000033,-2.168,32194.72,53252.9321
002581.SZ,20140414,7.8115,8.0441,7.6613,8.0441,7.8067,0.23740000000000006,3.041,28693.94,46864.4264
002581.SZ,20140411,7.7631,8.0587,7.7631,7.8067,7.8164,-0.009699999999999598,-0.1241,28506.09,46469.1682
002581.SZ,20140410,7.8745,7.9375,7.8115,7.8164,7.8745,-0.058100000000000485,-0.7378,28592.36,46458.5024
002581.SZ,20140409,7.8988,7.923,7.7195,7.8745,7.8988,-0.024299999999999322,-0.3076,32472.45,52464.5443
002581.SZ,20140408,7.2446,7.9375,7.1816,7.8988,7.293,0.6057999999999995,8.3066,49393.94,78280.935
002581.SZ,20140404,7.2446,7.3415,7.075,7.293,7.3124,-0.019400000000000084,-0.2653,8045.31,12013.1344
002581.SZ,20140403,7.3415,7.4336,7.2591,7.3124,7.3318,-0.019400000000000084,-0.2646,9697.44,14681.5771
002581.SZ,20140402,7.4239,7.4626,7.2833,7.3318,7.4626,-0.1307999999999998,-1.7527,10820.36,16475.8833
002581.SZ,20140401,7.167,7.4675,7.167,7.4626,7.1622,0.3003999999999998,4.1942,11483.43,17439.7429
002581.SZ,20140331,7.3172,7.3415,7.1283,7.1622,7.293,-0.1307999999999998,-1.7935,8927.14,13298.2974
002581.SZ,20140328,7.1961,7.3172,7.1913,7.293,7.2106,0.0823999999999998,1.1428,12327.04,18438.6725
002581.SZ,20140327,7.3657,7.3706,7.2106,7.2106,7.3899,-0.17929999999999957,-2.4263,17656.81,26467.232
002581.SZ,20140326,7.5111,7.5741,7.3657,7.3899,7.5111,-0.12119999999999997,-1.6136,19061.53,29354.7987
002581.SZ,20140325,7.734,7.7437,7.4869,7.5111,7.7534,-0.24230000000000018,-3.1251,23189.74,36240.5641
002581.SZ,20140324,7.608,7.8503,7.5692,7.7534,7.6468,0.10660000000000025,1.394,24372.3,38959.5745
002581.SZ,20140321,7.5499,7.6807,7.2688,7.6468,7.5838,0.06299999999999972,0.8307,25991.32,39989.8746
002581.SZ,20140320,7.6565,7.8745,7.5838,7.5838,7.6613,-0.07749999999999968,-1.0116,32129.23,51426.8021
002581.SZ,20140319,7.5741,7.7582,7.4529,7.6613,7.5595,0.10179999999999989,1.3466,27371.41,43145.8685
002581.SZ,20140318,7.3221,7.8406,7.3221,7.5595,7.3027,0.25680000000000014,3.5165,40076.72,62808.3408
002581.SZ,20140317,7.1913,7.3269,7.1622,7.3027,7.1816,0.12109999999999932,1.6863,13949.67,20875.4055
002581.SZ,20140314,7.1525,7.2397,7.075,7.1816,7.1816,0.0,0.0,9902.35,14646.9478
002581.SZ,20140313,7.075,7.2349,7.0265,7.1816,7.075,0.10660000000000025,1.5067,19545.02,28824.1371
002581.SZ,20140312,7.075,7.1234,6.949,7.075,7.075,0.0,0.0,12627.47,18353.3444
002581.SZ,20140311,6.9926,7.0992,6.9344,7.075,7.0023,0.07270000000000021,1.0382,13176.47,19127.9579
002581.SZ,20140310,7.2785,7.3076,6.9683,7.0023,7.3851,-0.3828000000000005,-5.1834,21037.07,30853.8296
002581.SZ,20140307,7.4045,7.5402,7.3366,7.3851,7.4287,-0.04359999999999964,-0.5869,21832.59,33537.9078
002581.SZ,20140306,7.5111,7.5692,7.3027,7.4287,7.5741,-0.14539999999999953,-1.9197,28678.56,43862.2621
002581.SZ,20140305,7.671,7.7873,7.5595,7.5741,7.671,-0.09690000000000065,-1.2632,27224.61,42996.7255
002581.SZ,20140304,7.7534,7.8212,7.5644,7.671,7.8794,-0.20840000000000014,-2.6449,37428.92,59086.6463
002581.SZ,20140303,7.608,7.9714,7.608,7.8794,7.734,0.14540000000000042,1.88,50152.12,81218.9114
002581.SZ,20140228,7.8503,7.9472,7.5353,7.734,8.0829,-0.34890000000000043,-4.3165,62639.36,100087.7126
002581.SZ,20140227,7.7534,8.3349,7.7195,8.0829,7.734,0.34890000000000043,4.5112,139527.19,228803.6813
002581.SZ,20140226,7.2203,7.734,7.2203,7.734,7.0313,0.7027000000000001,9.9939,102764.41,162951.9059
002581.SZ,20140225,7.482,7.6468,7.0313,7.0313,7.5111,-0.4798,-6.3879,42054.2,64530.6923
002581.SZ,20140224,7.3657,7.5256,7.2252,7.5111,7.3754,0.13569999999999993,1.8399,22134.42,33696.7785
002581.SZ,20140221,7.1816,7.3899,7.1719,7.3754,7.2349,0.1405000000000003,1.942,18611.32,27925.9688
002581.SZ,20140220,7.4626,7.5499,7.2349,7.2349,7.4529,-0.21799999999999997,-2.925,28533.04,43149.8035
002581.SZ,20140219,7.5935,7.6322,7.4432,7.4529,7.5644,-0.11150000000000038,-1.474,23426.42,36315.6144
002581.SZ,20140218,7.4093,7.6855,7.356,7.5644,7.3948,0.16959999999999997,2.2935,41618.08,65058.0124
002581.SZ,20140217,7.4142,7.4384,7.2882,7.3948,7.3754,0.019400000000000084,0.263,25970.65,39358.5565
002581.SZ,20140214,7.3221,7.4045,7.2058,7.3754,7.3269,0.048499999999999766,0.6619,25847.66,39049.8595
002581.SZ,20140213,7.1476,7.5111,7.0943,7.3269,7.1573,0.16959999999999997,2.3696,47690.94,72360.6475
002581.SZ,20140212,7.1961,7.3366,7.0992,7.1573,7.1428,0.014499999999999957,0.203,33396.2,49463.0431
002581.SZ,20140211,7.0362,7.1525,6.9441,7.1428,7.0459,0.09690000000000065,1.3753,33515.35,49005.8511
002581.SZ,20140210,6.6776,7.1573,6.6776,7.0459,6.5807,0.4651999999999994,7.0692,40288.81,58082.0123
002581.SZ,20140207,6.4014,6.5807,6.3142,6.5807,6.3965,0.18420000000000059,2.8797,11989.52,15918.4063
002581.SZ,20140130,6.5031,6.5274,6.3529,6.3965,6.5322,-0.13569999999999993,-2.0774,10969.42,14480.9146
002581.SZ,20140129,6.6921,6.7454,6.3481,6.5322,6.697,-0.1648000000000005,-2.4608,27735.47,37348.5902
002581.SZ,20140128,6.7454,6.7551,6.6146,6.697,6.7503,-0.053300000000000125,-0.7896,5522.99,7628.1783
002581.SZ,20140127,6.823,6.8714,6.6485,6.7503,6.8714,-0.12110000000000021,-1.7624,9365.86,13018.0915
002581.SZ,20140124,6.7357,6.9102,6.7357,6.8714,6.8036,0.06780000000000008,0.9965,11776.65,16704.8797
002581.SZ,20140123,6.76,6.8133,6.6728,6.8036,6.7551,0.048500000000000654,0.718,14450.37,20076.7179
002581.SZ,20140122,6.6243,6.8181,6.5904,6.7551,6.6679,0.08719999999999928,1.3078,7496.6,10431.7023
002581.SZ,20140121,6.5322,6.6873,6.5322,6.6679,6.5904,0.07750000000000057,1.176,6703.3,9188.4759
002581.SZ,20140120,6.5904,6.6776,6.5274,6.5904,6.6728,-0.0823999999999998,-1.2349,5279.21,7174.7983
002581.SZ,20140117,6.6631,6.7261,6.6291,6.6728,6.6631,0.009699999999999598,0.1456,3294.59,4540.9823
002581.SZ,20140116,6.7164,6.76,6.6485,6.6631,6.6921,-0.028999999999999915,-0.4333,4304.68,5942.276
002581.SZ,20140115,6.6873,6.7261,6.6001,6.6921,6.6679,0.024199999999999555,0.3629,4923.83,6756.9688
002581.SZ,20140114,6.445,6.6679,6.4401,6.6679,6.4401,0.22780000000000022,3.5372,6002.92,8163.017
002581.SZ,20140113,6.3868,6.4886,6.3432,6.4401,6.4208,0.019300000000000317,0.3006,6455.0,8540.7022
002581.SZ,20140110,6.4595,6.5371,6.4208,6.4208,6.508,-0.08720000000000017,-1.3399,4827.97,6445.209
002581.SZ,20140109,6.6388,6.7164,6.4741,6.508,6.6388,-0.1307999999999998,-1.9702,4878.1,6678.7092
002581.SZ,20140108,6.5564,6.7503,6.5419,6.6388,6.5952,0.04359999999999964,0.6611,6193.74,8522.591
002581.SZ,20140107,6.5274,6.6631,6.4983,6.5952,6.5322,0.06300000000000061,0.9645,5117.76,6974.1904
002581.SZ,20140106,6.7357,6.7357,6.5274,6.5322,6.7794,-0.2472000000000003,-3.6463,9170.39,12474.265
002581.SZ,20140103,7.0362,7.0943,6.7648,6.7794,7.0604,-0.2809999999999997,-3.9799,13814.19,19665.815
002581.SZ,20140102,7.0653,7.0701,6.9683,7.0604,7.0701,-0.009700000000000486,-0.1372,11681.96,16951.6056
002581.SZ,20131231,7.041,7.1186,6.9199,7.0701,7.0992,-0.02909999999999968,-0.4099,10559.47,15258.9223
002581.SZ,20131230,6.9587,7.1331,6.9441,7.0992,6.9829,0.11629999999999985,1.6655,10659.23,15574.2847
002581.SZ,20131227,6.9199,7.0556,6.8327,6.9829,6.8327,0.1501999999999999,2.1983,10960.2,15781.285
002581.SZ,20131226,6.9926,7.0653,6.7987,6.8327,6.9587,-0.12600000000000033,-1.8107,7498.26,10724.8179
002581.SZ,20131225,6.8714,6.9974,6.8327,6.9587,6.8569,0.10179999999999989,1.4846,7828.63,11210.4427
002581.SZ,20131224,6.7503,6.9247,6.5904,6.8569,6.6291,0.22780000000000022,3.4364,13895.09,19604.8769
002581.SZ,20131223,6.6437,6.7357,6.4595,6.6291,6.6437,-0.014599999999999724,-0.2198,9328.0,12681.1997
002581.SZ,20131220,6.9054,6.9635,6.571,6.6437,6.9054,-0.26170000000000027,-3.7898,11099.5,15368.9376
002581.SZ,20131219,6.9296,7.0217,6.8811,6.9054,6.9199,-0.014499999999999957,-0.2095,5610.79,8022.3933
002581.SZ,20131218,6.8424,7.041,6.8424,6.9199,6.8763,0.04360000000000053,0.6341,7731.47,11074.3735
002581.SZ,20131217,7.0701,7.138,6.8084,6.8763,7.075,-0.19870000000000054,-2.8085,15062.19,21586.1775
002581.SZ,20131216,7.482,7.5402,7.012,7.075,7.482,-0.40700000000000003,-5.4397,20279.88,30145.5868
002581.SZ,20131213,7.5741,7.7049,7.4287,7.482,7.6468,-0.1647999999999996,-2.1551,12936.83,20167.7037
002581.SZ,20131212,7.6613,7.7049,7.5692,7.6468,7.6516,-0.0048000000000003595,-0.0627,12492.41,19684.6065
002581.SZ,20131211,7.419,7.6662,7.3802,7.6516,7.5499,0.10170000000000012,1.347,16026.88,24779.8676
002581.SZ,20131210,7.6128,7.6807,7.4336,7.5499,7.6128,-0.06289999999999996,-0.8262,16806.83,26111.2742
002581.SZ,20131209,7.3366,7.6371,7.3366,7.6128,7.3366,0.2762000000000002,3.7647,24950.85,38684.6213
002581.SZ,20131206,7.3802,7.4384,7.3027,7.3366,7.3851,-0.048500000000000654,-0.6567,19705.27,30057.2432
002581.SZ,20131205,7.3076,7.4093,7.1767,7.3851,7.2688,0.11630000000000074,1.6,15666.26,23622.1596
002581.SZ,20131204,7.0556,7.4239,7.0265,7.2688,7.075,0.19379999999999953,2.7392,22450.62,33766.098
002581.SZ,20131203,6.9344,7.075,6.7067,7.075,6.9732,0.10179999999999989,1.4599,25697.7,36617.8909
002581.SZ,20131202,7.3124,7.5499,6.9683,6.9732,7.6032,-0.6299999999999999,-8.286,36718.47,54611.4648
002581.SZ,20131129,7.2397,7.6855,7.2397,7.6032,7.2688,0.3344000000000005,4.6005,44193.86,68449.8807
002581.SZ,20131128,7.2397,7.3269,7.1476,7.2688,7.1961,0.07269999999999932,1.0103,18622.82,27852.4433
002581.SZ,20131127,7.2106,7.2106,7.0556,7.1961,7.2106,-0.014499999999999957,-0.2011,13483.13,19880.9407
002581.SZ,20131126,7.1767,7.2446,7.0943,7.2106,7.1719,0.0387000000000004,0.5396,15108.97,22294.0448
002581.SZ,20131125,6.9635,7.2155,6.852,7.1719,6.9441,0.22780000000000022,3.2805,34578.79,50760.0809
002581.SZ,20131122,6.852,7.0071,6.852,6.9441,6.9199,0.024199999999999555,0.3497,11427.03,16375.5821
002581.SZ,20131121,7.0265,7.0507,6.8181,6.9199,7.0459,-0.12599999999999945,-1.7883,18962.54,27008.0457
002581.SZ,20131120,7.1234,7.1476,6.9587,7.0459,7.1622,-0.11630000000000074,-1.6238,18548.38,26944.8677
002581.SZ,20131119,6.886,7.1719,6.852,7.1622,6.8763,0.2859000000000007,4.1578,33525.6,48357.6382
002581.SZ,20131118,6.9344,6.9344,6.7357,6.8763,6.8036,0.07269999999999932,1.0686,20319.16,28742.6189
002581.SZ,20131115,6.6194,6.8714,6.6194,6.8036,6.6146,0.18900000000000006,2.8573,22227.8,31192.3593
002581.SZ,20131114,6.5952,6.6582,6.4741,6.6146,6.6194,-0.004799999999999471,-0.0725,8118.68,11041.7494
002581.SZ,20131113,6.5855,6.6776,6.4595,6.6194,6.6001,0.01929999999999943,0.2924,11911.88,16178.2997
002581.SZ,20131112,6.6776,6.6873,6.5661,6.6001,6.5952,0.0049000000000001265,0.0743,6125.53,8339.3808
002581.SZ,20131111,6.7842,6.7842,6.5274,6.5952,6.6291,-0.03390000000000004,-0.5114,5422.61,7382.5139
002581.SZ,20131108,6.5516,6.76,6.5419,6.6291,6.7261,-0.09699999999999953,-1.4421,4651.3,6394.2266
002581.SZ,20131107,6.7212,6.9974,6.6679,6.7261,6.697,0.02909999999999968,0.4345,12170.52,16955.0028
002581.SZ,20131106,6.7067,6.7648,6.6049,6.697,6.7261,-0.02909999999999968,-0.4326,10845.65,14928.747
002581.SZ,20131105,6.6921,6.7842,6.6098,6.7261,6.7212,0.0049000000000001265,0.0729,11058.16,15289.5088
002581.SZ,20131104,6.7261,6.8084,6.6679,6.7212,6.7261,-0.0049000000000001265,-0.0729,8886.24,12390.3744
002581.SZ,20131101,6.7503,6.7842,6.5274,6.7261,6.7745,-0.0484,-0.7144,10257.21,14042.9077
002581.SZ,20131031,6.8084,6.8617,6.7018,6.7745,6.7987,-0.024200000000000443,-0.356,7878.72,10962.0008
002581.SZ,20131030,6.697,6.8327,6.697,6.7987,6.7987,0.0,0.0,10786.38,15108.9516
002581.SZ,20131029,6.8036,6.8375,6.3529,6.7987,6.7987,0.0,0.0,17837.29,24351.0067
002581.SZ,20131028,6.6534,7.1961,6.5904,6.7987,6.634,0.16469999999999985,2.4827,15197.78,21235.6803
002581.SZ,20131025,6.5419,6.6776,6.3965,6.634,6.5371,0.09690000000000065,1.4823,13709.77,18551.1303
002581.SZ,20131024,6.823,6.8908,6.5274,6.5371,6.8424,-0.3052999999999999,-4.4619,27436.43,37647.2984
002581.SZ,20131023,6.9587,7.2106,6.8327,6.8424,6.9587,-0.11630000000000074,-1.6713,27159.24,39374.6893
002581.SZ,20131022,7.0023,7.0459,6.9199,6.9587,7.0168,-0.058099999999999596,-0.828,29705.35,42754.5643
002581.SZ,20131021,6.9732,7.0313,6.7842,7.0168,6.9877,0.02909999999999968,0.4164,32580.29,46563.202
002581.SZ,20131018,7.1622,7.3124,6.9102,6.9877,7.1476,-0.1598999999999995,-2.2371,18126.39,26181.4667
002581.SZ,20131017,7.0556,7.4045,7.0556,7.1476,7.0653,0.08230000000000004,1.1648,31626.06,47427.5987
002581.SZ,20131016,7.4239,7.4384,6.9587,7.0653,7.4529,-0.38759999999999994,-5.2007,32638.18,47910.1754
002581.SZ,20131015,7.1719,7.5547,7.1137,7.4529,7.1864,0.26649999999999974,3.7084,36806.07,55939.8359
002581.SZ,20131014,7.2543,7.2543,7.104,7.1864,7.2349,-0.048499999999999766,-0.6704,24905.66,36814.5077
002581.SZ,20131011,7.2058,7.3076,7.0507,7.2349,7.2009,0.03399999999999981,0.4722,38333.44,56625.0378
002581.SZ,20131010,7.3269,7.4384,7.1719,7.2009,7.3657,-0.1648000000000005,-2.2374,29105.07,43738.3276
002581.SZ,20131009,6.9635,7.3706,6.9538,7.3657,7.0653,0.30040000000000067,4.2518,45760.81,67741.5445
002581.SZ,20131008,6.9538,7.0701,6.7939,7.0653,6.9538,0.11149999999999949,1.6034,29578.07,42269.1733
002581.SZ,20130930,6.8617,6.978,6.6776,6.9538,6.8375,0.11629999999999985,1.7009,31303.09,44032.3495
002581.SZ,20130927,6.7357,6.9683,6.7018,6.8375,6.7891,0.0484,0.7129,23791.59,33547.6228
002581.SZ,20130926,6.949,7.1234,6.7891,6.7891,6.9683,-0.1791999999999998,-2.5716,32825.65,47055.9817
002581.SZ,20130925,6.9538,7.1476,6.8666,6.9683,7.0701,-0.10179999999999989,-1.4399,49693.61,72134.0104
002581.SZ,20130924,6.5419,7.1137,6.4935,7.0701,6.5807,0.48939999999999984,7.4369,72204.55,103367.4014
002581.SZ,20130923,6.5516,6.6243,6.3675,6.5807,6.5128,0.06789999999999985,1.0426,56195.95,75172.5563
002581.SZ,20130918,6.4062,6.7261,6.3287,6.5128,6.3868,0.12600000000000033,1.9728,70504.14,94400.5153
002581.SZ,20130917,6.3868,6.5952,6.2027,6.3868,6.1736,0.2131999999999996,3.4534,106673.09,140908.771
002581.SZ,20130916,5.6212,6.1736,5.6212,6.1736,5.6115,0.5621,10.0169,55017.67,68217.7157
002581.SZ,20130913,5.4807,5.6842,5.4807,5.6115,5.4758,0.13570000000000082,2.4782,27433.57,31739.2417
002581.SZ,20130912,5.4758,5.5146,5.4371,5.4758,5.4516,0.024199999999999555,0.4439,9415.88,10640.2596
002581.SZ,20130911,5.5049,5.5146,5.4177,5.4516,5.5001,-0.048499999999999766,-0.8818,12659.43,14255.3329
002581.SZ,20130910,5.5194,5.5291,5.471,5.5001,5.5049,-0.0048000000000003595,-0.0872,8519.21,9660.301
002581.SZ,20130909,5.4177,5.5194,5.3304,5.5049,5.4419,0.06299999999999972,1.1577,16944.41,19025.525
002581.SZ,20130906,5.4225,5.4613,5.3789,5.4419,5.4564,-0.014499999999999957,-0.2657,6130.85,6866.097
002581.SZ,20130905,5.4904,5.4904,5.4225,5.4564,5.4613,-0.004899999999999238,-0.0897,7047.72,7924.5497
002581.SZ,20130904,5.5243,5.5388,5.4322,5.4613,5.5243,-0.06300000000000061,-1.1404,9092.3,10277.5529
002581.SZ,20130903,5.4807,5.534,5.4371,5.5243,5.4758,0.048500000000000654,0.8857,9464.13,10721.8926
002581.SZ,20130902,5.3789,5.5097,5.3595,5.4758,5.3789,0.09689999999999976,1.8015,7679.42,8608.9548
002581.SZ,20130830,5.4758,5.4758,5.3741,5.3789,5.471,-0.09210000000000029,-1.6834,12576.25,14046.7656
002581.SZ,20130829,5.5097,5.5146,5.4371,5.471,5.4661,0.0049000000000001265,0.0896,7566.05,8543.5669
002581.SZ,20130828,5.5243,5.5485,5.4613,5.4661,5.5582,-0.09210000000000029,-1.657,10738.62,12216.1759
002581.SZ,20130827,5.4613,5.5679,5.4274,5.5582,5.4661,0.09210000000000029,1.6849,11654.3,13217.3379
002581.SZ,20130826,5.4031,5.4855,5.3789,5.4661,5.3595,0.10660000000000025,1.989,8959.5,10070.5763
002581.SZ,20130823,5.4807,5.5001,5.2868,5.3595,5.4807,-0.12119999999999997,-2.2114,12999.11,14478.2192
002581.SZ,20130822,5.563,5.563,5.4371,5.4807,5.5437,-0.06300000000000061,-1.1364,11932.67,13530.0694
002581.SZ,20130821,5.4371,5.5437,5.3644,5.5437,5.4274,0.11630000000000074,2.1428,12287.08,13903.69
002581.SZ,20130820,5.3886,5.4322,5.3692,5.4274,5.408,0.019399999999999196,0.3587,8634.26,9618.1671
002581.SZ,20130819,5.2917,5.4225,5.282,5.408,5.2917,0.11630000000000074,2.1978,7750.19,8551.446
002581.SZ,20130816,5.408,5.5776,5.2917,5.2917,5.4661,-0.17440000000000033,-3.1906,13715.65,15355.4417
002581.SZ,20130815,5.6406,5.6745,5.4661,5.4661,5.6406,-0.1745000000000001,-3.0936,13084.43,15001.8772
002581.SZ,20130814,5.5921,5.7908,5.5921,5.6406,5.597,0.04359999999999964,0.779,22769.05,26785.0897
002581.SZ,20130813,5.5388,5.6067,5.4758,5.597,5.5243,0.07270000000000021,1.316,12733.29,14606.4296
002581.SZ,20130812,5.4516,5.5388,5.4322,5.5243,5.4758,0.048500000000000654,0.8857,12089.56,13687.7654
002581.SZ,20130809,5.4031,5.5146,5.3838,5.4758,5.4031,0.07269999999999932,1.3455,11540.71,12994.561
002581.SZ,20130808,5.3934,5.4564,5.282,5.4031,5.3934,0.009700000000000486,0.1798,10661.56,11896.5981
002581.SZ,20130807,5.4807,5.5146,5.3498,5.3934,5.5097,-0.11629999999999985,-2.1108,15609.24,17443.2569
002581.SZ,20130806,5.5097,5.5727,5.4371,5.5097,5.5388,-0.02910000000000057,-0.5254,16195.53,18379.7324
002581.SZ,20130805,5.2578,5.6454,5.2045,5.5388,5.2335,0.3052999999999999,5.8336,33167.01,37351.2167
002581.SZ,20130802,5.1948,5.2335,5.156,5.2335,5.1948,0.0387000000000004,0.745,12794.55,13709.2507
002581.SZ,20130801,5.03,5.2093,5.0058,5.1948,5.03,0.1647999999999996,3.2763,13051.05,13885.003
002581.SZ,20130731,5.1269,5.1366,4.9912,5.03,5.0882,-0.05819999999999936,-1.1438,6699.36,7010.4844
002581.SZ,20130730,5.0397,5.1124,4.9428,5.0882,5.0785,0.009699999999999598,0.191,7501.37,7805.243
002581.SZ,20130729,5.093,5.2141,5.0106,5.0785,5.093,-0.014499999999999957,-0.2847,12544.65,13222.7781
002581.SZ,20130726,5.0639,5.1511,5.0252,5.093,5.0591,0.03390000000000004,0.6701,9711.68,10214.5669
002581.SZ,20130725,5.2335,5.2335,5.0494,5.0591,5.219,-0.15990000000000038,-3.0638,13209.23,13961.7394
002581.SZ,20130724,5.03,5.2432,5.0252,5.219,5.0155,0.20350000000000001,4.0574,21015.58,22437.6444
002581.SZ,20130723,4.8652,5.0591,4.8652,5.0155,4.8992,0.11629999999999985,2.3739,10157.26,10488.5725
002581.SZ,20130722,4.7829,4.9234,4.7005,4.8992,4.8216,0.07760000000000034,1.6094,7172.09,7150.2175
002581.SZ,20130719,4.9719,5.0252,4.8168,4.8216,4.967,-0.14539999999999953,-2.9273,9360.19,9512.6279
002581.SZ,20130718,4.9864,5.03,4.9282,4.967,4.9912,-0.024200000000000443,-0.4849,6114.38,6258.9601
002581.SZ,20130717,5.1511,5.1608,4.9864,4.9912,5.1415,-0.15029999999999966,-2.9233,9075.49,9490.6139
002581.SZ,20130716,5.0155,5.1754,5.0009,5.1415,4.9961,0.14539999999999953,2.9103,15116.35,15936.0453
002581.SZ,20130715,4.8459,5.0058,4.8459,4.9961,4.9428,0.053300000000000125,1.0783,7215.86,7401.9611
002581.SZ,20130712,4.9428,5.0591,4.8459,4.9428,4.9525,-0.009699999999999598,-0.1959,9764.03,9968.9168
002581.SZ,20130711,4.7489,4.9912,4.7489,4.9525,4.7635,0.18900000000000006,3.9677,9981.31,10153.8739
002581.SZ,20130710,4.6617,4.7635,4.6375,4.7635,4.6278,0.13569999999999993,2.9323,5410.75,5268.5994
002581.SZ,20130709,4.652,4.7441,4.5939,4.6278,4.6666,-0.03880000000000017,-0.8314,6309.6,6054.1986
002581.SZ,20130708,4.8943,4.8943,4.6666,4.6666,5.0009,-0.3342999999999998,-6.6848,9645.0,9511.7126
002581.SZ,20130705,5.0639,5.0785,4.9864,5.0009,5.0397,-0.03880000000000017,-0.7699,7065.43,7332.2848
002581.SZ,20130704,4.9185,5.1269,4.8701,5.0397,4.9428,0.09689999999999976,1.9604,10220.0,10610.1625
002581.SZ,20130703,4.9815,4.9912,4.8216,4.9428,5.03,-0.08720000000000017,-1.7336,9396.45,9490.3271
002581.SZ,20130702,5.0882,5.0882,4.8943,5.03,4.8798,0.1501999999999999,3.078,9091.81,9427.8134
002581.SZ,20130701,4.7635,4.8895,4.7005,4.8798,4.7877,0.09210000000000029,1.9237,5470.9,5466.147
002581.SZ,20130628,4.7296,4.8943,4.652,4.7877,4.7732,0.014499999999999957,0.3038,4291.1,4221.4218
002581.SZ,20130627,4.9525,4.9815,4.7683,4.7732,4.904,-0.1307999999999998,-2.6672,6174.5,6223.1733
002581.SZ,20130626,4.904,4.9622,4.8265,4.904,4.904,0.0,0.0,6196.09,6266.7829
002581.SZ,20130625,4.967,4.9912,4.5406,4.904,4.9767,-0.07270000000000021,-1.4608,7108.62,7068.8901
002581.SZ,20130624,5.3208,5.3208,4.9767,4.9767,5.3353,-0.35860000000000003,-6.7213,6919.17,7266.8435
002581.SZ,20130621,5.3304,5.3644,5.2335,5.3353,5.3838,-0.048499999999999766,-0.9009,6645.68,7235.1519
002581.SZ,20130620,5.5582,5.5582,5.3789,5.3838,5.5824,-0.1985999999999999,-3.5576,5219.1,5887.4585
002581.SZ,20130619,5.6939,5.6939,5.4661,5.5824,5.6939,-0.11150000000000038,-1.9582,6543.59,7488.6239
002581.SZ,20130618,5.7811,5.8053,5.6697,5.6939,5.7811,-0.08720000000000017,-1.5084,5874.65,6916.5973
002581.SZ,20130617,5.7472,5.8053,5.7036,5.7811,5.7181,0.06300000000000061,1.1018,4776.94,5688.8038
002581.SZ,20130614,5.6745,5.7423,5.66,5.7181,5.6357,0.0823999999999998,1.4621,4554.22,5358.6436
002581.SZ,20130613,5.8247,5.8247,5.6212,5.6357,5.8538,-0.21809999999999974,-3.7258,5158.49,6058.251
002581.SZ,20130607,5.9798,6.0428,5.8102,5.8538,5.9846,-0.1308000000000007,-2.1856,6361.52,7766.1511
002581.SZ,20130606,6.0476,6.1446,5.9846,5.9846,6.0525,-0.06789999999999985,-1.1219,5015.6,6272.0492
002581.SZ,20130605,6.0525,6.0912,6.0089,6.0525,6.0573,-0.004799999999999471,-0.0792,4908.32,6122.8848
002581.SZ,20130604,6.1639,6.2318,6.0137,6.0573,6.1639,-0.10660000000000025,-1.7294,9328.73,11787.2892
002581.SZ,20130603,6.1542,6.2366,6.1494,6.1639,6.1785,-0.014599999999999724,-0.2363,7141.76,9109.1185
002581.SZ,20130531,6.2124,6.2609,6.1591,6.1785,6.2124,-0.03390000000000004,-0.5457,10960.61,14036.5478
002581.SZ,20130530,6.3045,6.3045,6.1979,6.2124,6.3578,-0.14540000000000042,-2.287,20491.48,26394.4684
002581.SZ,20130529,6.2948,6.4062,6.2512,6.3578,6.2996,0.05820000000000025,0.9239,20804.44,27140.8189
002581.SZ,20130528,6.2609,6.3238,6.2075,6.2996,6.2463,0.053300000000000125,0.8533,10082.24,13061.5567
002581.SZ,20130527,6.3481,6.3529,6.2269,6.2463,6.3578,-0.11150000000000038,-1.7538,18285.84,23657.1858
002581.SZ,20130524,6.1446,6.3965,6.0961,6.3578,6.1446,0.2132000000000005,3.4697,18229.22,23558.1863
002581.SZ,20130523,6.13,6.2172,6.0573,6.1446,6.2269,-0.08230000000000004,-1.3217,20211.56,25532.2903
002581.SZ,20130522,6.3481,6.4353,6.1542,6.2269,6.3675,-0.14060000000000006,-2.2081,18697.3,24275.396
002581.SZ,20130521,6.3586,6.384,6.2064,6.3695,6.3876,-0.01809999999999956,-0.2834,22296.64,38754.3068
002581.SZ,20130520,6.239,6.4347,6.2354,6.3876,6.1702,0.2173999999999996,3.5234,14980.58,26250.7652
002581.SZ,20130517,6.1231,6.1847,6.1231,6.1702,6.1557,0.014499999999999957,0.2356,9389.42,15967.7068
002581.SZ,20130516,6.1992,6.2101,6.1122,6.1557,6.1521,0.0036000000000004917,0.0585,7344.7,12481.1176
002581.SZ,20130515,5.989,6.1956,5.9746,6.1521,5.8912,0.26089999999999947,4.4286,12020.59,20288.2694
002581.SZ,20130514,6.0506,6.0506,5.8695,5.8912,6.018,-0.12679999999999936,-2.107,4642.43,7604.4901
002581.SZ,20130513,6.0289,6.0289,5.9601,6.018,6.0253,-0.007299999999999862,-0.1212,4767.5,7887.8537
002581.SZ,20130510,5.8767,6.047,5.8477,6.0253,5.8695,0.15579999999999927,2.6544,9503.42,15592.066
002581.SZ,20130509,5.7898,5.9057,5.7644,5.8695,5.8079,0.06160000000000032,1.0606,6808.09,10988.2787
002581.SZ,20130508,5.797,5.8369,5.7789,5.8079,5.7789,0.028999999999999915,0.5018,4354.15,6976.8347
002581.SZ,20130507,5.7934,5.8079,5.7282,5.7789,5.797,-0.01809999999999956,-0.3122,3345.28,5322.7997
002581.SZ,20130506,5.7137,5.8296,5.6702,5.797,5.6883,0.1086999999999998,1.9109,5852.16,9312.321
002581.SZ,20130503,5.6159,5.7209,5.6086,5.6883,5.5905,0.09780000000000033,1.7494,5383.03,8449.1965
002581.SZ,20130502,5.576,5.6086,5.5434,5.5905,5.5543,0.03620000000000001,0.6517,2316.5,3564.7303
002581.SZ,20130426,5.6376,5.6775,5.547,5.5543,5.6159,-0.06160000000000032,-1.0969,4203.59,6509.242
002581.SZ,20130425,5.6883,5.7209,5.6159,5.6159,5.6992,-0.08330000000000037,-1.4616,5239.0,8186.3918
002581.SZ,20130424,5.5651,5.7246,5.5651,5.6992,5.6448,0.054400000000000226,0.9637,6822.44,10672.1451
002581.SZ,20130423,5.9238,5.9311,5.6231,5.6448,5.9311,-0.2862999999999998,-4.8271,9201.4,14623.163
002581.SZ,20130422,5.9347,5.9673,5.8912,5.9311,6.0434,-0.11230000000000029,-1.8582,9717.37,15906.7506
002581.SZ,20130419,5.9057,6.0506,5.7572,6.0434,5.9746,0.06880000000000042,1.1515,23508.31,38123.6333
002581.SZ,20130418,5.9347,6.0035,5.9311,5.9746,5.9492,0.025399999999999423,0.4269,3194.4,5257.5867
002581.SZ,20130417,5.8441,5.9564,5.8151,5.9492,5.8477,0.10150000000000059,1.7357,3436.85,5582.8321
002581.SZ,20130416,5.8043,5.8767,5.7535,5.8477,5.8079,0.03979999999999961,0.6853,2918.59,4682.6561
002581.SZ,20130415,5.8876,5.9275,5.7934,5.8079,5.8767,-0.06879999999999953,-1.1707,2466.61,3970.9641
002581.SZ,20130412,5.8695,5.9238,5.797,5.8767,5.8659,0.010799999999999699,0.1841,2320.89,3774.5043
002581.SZ,20130411,5.9601,5.9637,5.8622,5.8659,5.9275,-0.06160000000000032,-1.0392,3561.0,5792.295
002581.SZ,20130410,6.0506,6.0796,5.8405,5.9275,6.076,-0.1484999999999994,-2.444,6573.8,10761.2465
002581.SZ,20130409,6.105,6.1231,6.0144,6.076,6.076,0.0,0.0,5232.3,8773.8784
002581.SZ,20130408,6.0869,6.105,5.9818,6.076,6.1231,-0.047100000000000364,-0.7692,3850.36,6419.1691
002581.SZ,20130403,6.2064,6.2064,6.0832,6.1231,6.1195,0.0035999999999996035,0.0588,2729.22,4599.8302
002581.SZ,20130402,6.2644,6.2898,6.0832,6.1195,6.1702,-0.05069999999999997,-0.8217,3990.24,6830.9572
002581.SZ,20130401,6.018,6.1956,6.0144,6.1702,6.1086,0.06160000000000032,1.0084,2823.83,4796.9103
002581.SZ,20130329,6.0796,6.1448,6.0434,6.1086,6.076,0.032600000000000406,0.5365,3096.29,5209.3045
002581.SZ,20130328,6.2318,6.2354,6.076,6.076,6.2644,-0.18840000000000057,-3.0075,7115.27,12028.9853
002581.SZ,20130327,6.2861,6.3332,6.2318,6.2644,6.2753,-0.010899999999999466,-0.1737,3686.41,6388.9822
002581.SZ,20130326,6.3514,6.3514,6.163,6.2753,6.3622,-0.08689999999999998,-1.3659,5250.92,9059.3166
002581.SZ,20130325,6.3767,6.384,6.3369,6.3622,6.3586,0.0035999999999996035,0.0566,5075.58,8904.287
002581.SZ,20130322,6.3622,6.4057,6.3079,6.3586,6.3622,-0.0035999999999996035,-0.0566,7343.88,12886.506
002581.SZ,20130321,6.3369,6.4492,6.3115,6.3622,6.3369,0.025299999999999656,0.3992,9143.39,16105.6676
002581.SZ,20130320,6.1847,6.3405,6.1666,6.3369,6.1847,0.15219999999999967,2.4609,11238.71,19506.0003
002581.SZ,20130319,6.2354,6.2499,6.0688,6.1847,6.3224,-0.1376999999999997,-2.178,10090.37,17173.9101
002581.SZ,20130318,6.1919,6.3659,6.163,6.3224,6.2173,0.1051000000000002,1.6904,9877.52,17115.9784
002581.SZ,20130315,6.2137,6.297,6.0144,6.2173,6.1956,0.021700000000000053,0.3502,8798.48,15073.9076
002581.SZ,20130314,6.1883,6.2572,6.1448,6.1956,6.1919,0.0036999999999993705,0.0598,4999.07,8529.469
002581.SZ,20130313,6.3115,6.3405,6.1376,6.1919,6.3151,-0.12319999999999975,-1.9509,6679.95,11446.3728
002581.SZ,20130312,6.7173,6.7245,6.2246,6.3151,6.7064,-0.3913000000000002,-5.8347,17237.9,30526.2077
002581.SZ,20130311,6.7245,6.7535,6.634,6.7064,6.7318,-0.025399999999999423,-0.3773,5416.8,10016.1027
002581.SZ,20130308,6.7499,6.7934,6.5941,6.7318,6.739,-0.007200000000000095,-0.1068,11010.05,20306.1331
002581.SZ,20130307,6.9166,6.9782,6.6811,6.739,6.9021,-0.16310000000000002,-2.363,12710.36,23971.3174
002581.SZ,20130306,6.8296,6.9745,6.7753,6.9021,6.8332,0.06890000000000018,1.0083,21309.74,40424.5593
002581.SZ,20130305,6.6231,6.8332,6.5687,6.8332,6.6231,0.21009999999999973,3.1722,16722.69,31158.2853
002581.SZ,20130304,6.6738,6.8296,6.5253,6.6231,6.7064,-0.08330000000000037,-1.2421,19874.22,36744.5542
002581.SZ,20130301,6.5035,6.7101,6.5035,6.7064,6.5035,0.20290000000000052,3.1199,14964.03,27454.8555
002581.SZ,20130228,6.4854,6.5216,6.3803,6.5035,6.3876,0.11589999999999989,1.8145,9062.33,16204.9466
002581.SZ,20130227,6.4492,6.5398,6.3659,6.3876,6.4564,-0.06880000000000042,-1.0656,7401.12,13143.3464
002581.SZ,20130226,6.5216,6.5724,6.4492,6.4564,6.5506,-0.09419999999999984,-1.438,7364.54,13257.9458
002581.SZ,20130225,6.5035,6.576,6.4854,6.5506,6.5035,0.047100000000000364,0.7242,7147.89,12906.5554
002581.SZ,20130222,6.5108,6.576,6.4673,6.5035,6.5361,-0.032600000000000406,-0.4988,6764.8,12198.4845
002581.SZ,20130221,6.5651,6.5724,6.4673,6.5361,6.6231,-0.08699999999999974,-1.3136,10411.2,18751.2284
002581.SZ,20130220,6.4927,6.6412,6.413,6.6231,6.489,0.1341000000000001,2.0666,11711.79,21181.1993
002581.SZ,20130219,6.6666,6.7173,6.4347,6.489,6.6738,-0.18480000000000008,-2.769,9758.52,17643.2828
002581.SZ,20130218,6.6485,6.7245,6.634,6.6738,6.6521,0.021700000000000053,0.3262,13537.23,24918.8785
002581.SZ,20130208,6.5941,6.6811,6.547,6.6521,6.5905,0.06160000000000032,0.9347,10298.83,18829.0863
002581.SZ,20130207,6.5687,6.5941,6.489,6.5905,6.5506,0.03989999999999938,0.6091,5181.81,9347.3095
002581.SZ,20130206,6.4745,6.5832,6.413,6.5506,6.489,0.06160000000000032,0.9493,8284.03,14878.1441
002581.SZ,20130205,6.3767,6.5072,6.3767,6.489,6.4274,0.06160000000000032,0.9584,7184.34,12795.8801
002581.SZ,20130204,6.6122,6.6557,6.4057,6.4274,6.5941,-0.16670000000000051,-2.528,9281.01,16561.683
002581.SZ,20130201,6.4854,6.6195,6.4492,6.5941,6.4927,0.10139999999999993,1.5618,8479.49,15411.5565
002581.SZ,20130131,6.6557,6.6774,6.4311,6.4927,6.6376,-0.1448999999999998,-2.183,16761.57,30136.01
002581.SZ,20130130,6.9202,6.9202,6.6014,6.6376,6.9202,-0.2826000000000004,-4.0837,22723.74,42117.17
002581.SZ,20130129,6.7608,6.989,6.7064,6.9202,6.7572,0.16300000000000026,2.4122,17555.86,33432.4649
002581.SZ,20130128,6.6593,6.7716,6.5216,6.7572,6.663,0.09419999999999984,1.4138,16686.39,30805.5871
002581.SZ,20130125,6.6014,6.6919,6.5506,6.663,6.6666,-0.0035999999999996035,-0.054,9737.91,17806.403
002581.SZ,20130124,6.5941,6.7753,6.5216,6.6666,6.6014,0.06519999999999992,0.9877,16426.63,30160.2421
002581.SZ,20130123,6.5941,6.7028,6.4818,6.6014,6.5941,0.007299999999999862,0.1107,9251.83,16799.1666
002581.SZ,20130122,6.8224,6.826,6.5579,6.5941,6.8079,-0.2138,-3.1405,10418.7,19150.8129
002581.SZ,20130121,6.6448,6.8332,6.6448,6.8079,6.6738,0.1341000000000001,2.0093,10952.69,20470.9327
002581.SZ,20130118,6.6666,6.7753,6.5289,6.6738,6.6303,0.04349999999999987,0.6561,13489.43,24769.242
002581.SZ,20130117,6.8115,6.8477,6.5615,6.6303,6.8731,-0.2427999999999999,-3.5326,19694.32,36250.0694
002581.SZ,20130116,6.6485,6.9564,6.605,6.8731,6.6883,0.18480000000000008,2.763,29192.58,55064.36
002581.SZ,20130115,6.5615,7.0941,6.5615,6.6883,6.4564,0.23189999999999955,3.5918,31862.39,59953.9095
002581.SZ,20130114,6.134,6.5434,6.134,6.4564,6.1303,0.3261000000000003,5.3195,25668.42,45320.074
002581.SZ,20130111,6.1195,6.3405,6.1195,6.1303,6.134,-0.0037000000000002586,-0.0603,10373.93,17730.5151
002581.SZ,20130110,6.1775,6.2572,6.105,6.134,6.1956,-0.06159999999999943,-0.9943,7361.87,12550.2511
002581.SZ,20130109,6.2427,6.2898,6.1231,6.1956,6.2898,-0.09419999999999984,-1.4977,11078.11,18949.6363
002581.SZ,20130108,6.1376,6.4057,6.134,6.2898,6.1376,0.15219999999999967,2.4798,19277.57,33459.1472
002581.SZ,20130107,5.9456,6.1521,5.9419,6.1376,6.0724,0.06519999999999992,1.0737,9175.01,15408.8463
002581.SZ,20130104,6.0724,6.1159,5.9854,6.0724,6.0325,0.03990000000000027,0.6614,8211.33,13727.2626
002581.SZ,20121231,6.0325,6.1159,6.0072,6.0325,6.0253,0.007200000000000095,0.1195,9847.29,16445.2179
002581.SZ,20121228,5.8695,6.0796,5.8151,6.0253,5.884,0.14129999999999932,2.4014,7921.08,13073.7033
002581.SZ,20121227,6.0724,6.2499,5.8767,5.884,6.1231,-0.23909999999999965,-3.9049,12629.69,21059.9176
002581.SZ,20121226,6.0361,6.1267,6.0361,6.1231,6.105,0.01809999999999956,0.2965,15158.07,25438.6473
002581.SZ,20121225,5.9528,6.1376,5.8985,6.105,5.9275,0.1775000000000002,2.9945,21379.58,35595.0659
002581.SZ,20121224,5.8985,5.9456,5.8296,5.9275,5.9057,0.02179999999999982,0.3691,7627.15,12408.9949
002581.SZ,20121221,5.7535,5.9528,5.7318,5.9057,5.7173,0.18840000000000057,3.2953,15860.96,25633.8513
002581.SZ,20121220,5.5543,5.7499,5.518,5.7173,5.5977,0.11960000000000015,2.1366,11101.81,17351.3802
002581.SZ,20121219,5.605,5.6412,5.5796,5.5977,5.605,-0.00730000000000075,-0.1302,3431.2,5308.1756
002581.SZ,20121218,5.5905,5.663,5.518,5.605,5.5977,0.00730000000000075,0.1304,13979.07,21561.677
002581.SZ,20121217,5.5289,5.6267,5.5253,5.5977,5.5688,0.02889999999999926,0.519,7380.25,11350.7305
002581.SZ,20121214,5.3441,5.6122,5.3441,5.5688,5.3441,0.22470000000000034,4.2046,12924.11,19649.6493
002581.SZ,20121213,5.4166,5.4166,5.297,5.3441,5.4166,-0.07249999999999979,-1.3385,2553.79,3778.5726
002581.SZ,20121212,5.3912,5.4709,5.326,5.4166,5.3985,0.01809999999999956,0.3353,3410.46,5075.8964
002581.SZ,20121211,5.4782,5.4782,5.3731,5.3985,5.4854,-0.08689999999999998,-1.5842,4149.14,6200.5195
002581.SZ,20121210,5.4347,5.5217,5.384,5.4854,5.413,0.07240000000000002,1.3375,6743.23,10184.6458
002581.SZ,20121207,5.134,5.6412,5.134,5.413,5.1412,0.2717999999999998,5.2867,11376.37,17103.3202
002581.SZ,20121206,5.1412,5.2137,5.0833,5.1412,5.134,0.007200000000000095,0.1402,2908.1,4145.4938
002581.SZ,20121205,4.9456,5.1775,4.8985,5.134,4.9456,0.18840000000000057,3.8094,4710.81,6626.8696
002581.SZ,20121204,4.9456,4.9782,4.7137,4.9456,4.9818,-0.03620000000000001,-0.7266,5062.64,6781.2746
002581.SZ,20121203,5.0398,5.1014,4.9782,4.9818,5.1086,-0.12680000000000025,-2.4821,2441.8,3408.9132
002581.SZ,20121130,5.076,5.1811,5.0579,5.1086,5.1449,-0.03629999999999978,-0.7056,2716.52,3829.8242
002581.SZ,20121129,5.1992,5.2028,5.0978,5.1449,5.1775,-0.032600000000000406,-0.6296,1504.1,2142.5536
002581.SZ,20121128,5.2536,5.2536,5.1267,5.1775,5.2536,-0.07609999999999939,-1.4485,2492.38,3552.2943
002581.SZ,20121127,5.4021,5.4347,5.0724,5.2536,5.442,-0.18840000000000057,-3.462,4317.4,6290.8386
002581.SZ,20121126,5.4383,5.5253,5.4202,5.442,5.4311,0.010900000000000354,0.2007,1871.5,2825.1425
002581.SZ,20121123,5.4202,5.4927,5.4021,5.4311,5.413,0.01809999999999956,0.3344,3006.75,4526.5433
002581.SZ,20121122,5.5072,5.5072,5.3731,5.413,5.5144,-0.10139999999999993,-1.8388,4505.28,6764.2491
002581.SZ,20121121,5.4637,5.5289,5.3767,5.5144,5.4456,0.06880000000000042,1.2634,5573.94,8376.5261
002581.SZ,20121120,5.5253,5.5253,5.4347,5.4456,5.518,-0.07240000000000002,-1.3121,2560.9,3869.638
002581.SZ,20121119,5.4854,5.5253,5.3804,5.518,5.4891,0.028900000000000148,0.5265,3723.6,5602.5226
002581.SZ,20121116,5.4347,5.4927,5.384,5.4891,5.4347,0.05439999999999934,1.001,3383.79,5059.5989
002581.SZ,20121115,5.4854,5.5325,5.3912,5.4347,5.5144,-0.07969999999999988,-1.4453,4756.27,7182.9681
002581.SZ,20121114,5.6775,5.6811,5.3985,5.5144,5.6775,-0.16310000000000002,-2.8727,15535.76,23512.025
002581.SZ,20121113,5.7064,5.7862,5.6702,5.6775,5.7463,-0.06879999999999953,-1.1973,4777.5,7536.5484
002581.SZ,20121112,6.0144,6.0506,5.7173,5.7463,6.0325,-0.2862,-4.7443,12196.51,19724.644
002581.SZ,20121109,5.9746,6.0398,5.9746,6.0325,6.0035,0.028999999999999915,0.4831,2399.79,3986.39
002581.SZ,20121108,6.0325,6.0832,5.989,6.0035,6.0905,-0.08699999999999974,-1.4285,2634.95,4391.4584
002581.SZ,20121107,6.1086,6.1521,6.0869,6.0905,6.1086,-0.01810000000000045,-0.2963,3176.0,5361.4101
002581.SZ,20121106,6.1992,6.2028,6.0832,6.1086,6.1956,-0.08699999999999974,-1.4042,3283.6,5552.7475
002581.SZ,20121105,6.2499,6.326,6.1775,6.1956,6.2499,-0.05430000000000046,-0.8688,3315.94,5692.2252
002581.SZ,20121102,6.2318,6.2644,6.1956,6.2499,6.2644,-0.014499999999999957,-0.2315,5787.36,9936.1713
002581.SZ,20121101,6.1412,6.2644,6.0977,6.2644,6.1195,0.1448999999999998,2.3678,5009.4,8568.5254
002581.SZ,20121031,6.1521,6.1521,6.0506,6.1195,6.1521,-0.03259999999999952,-0.5299,2263.0,3806.725
002581.SZ,20121030,6.1303,6.1919,6.0869,6.1521,6.1303,0.02179999999999982,0.3556,2898.1,4900.2133
002581.SZ,20121029,6.1231,6.1593,6.0941,6.1303,6.1376,-0.007299999999999862,-0.1189,1991.55,3366.6178
002581.SZ,20121026,6.2898,6.2898,6.0796,6.1376,6.2753,-0.1376999999999997,-2.1943,5991.41,10160.8542
002581.SZ,20121025,6.3043,6.4093,6.2535,6.2753,6.2717,0.0035999999999996035,0.0574,4415.34,7716.8004
002581.SZ,20121024,6.2789,6.3477,6.239,6.2717,6.3405,-0.06879999999999953,-1.0851,4804.03,8336.5342
002581.SZ,20121023,6.5579,6.5869,6.3188,6.3405,6.4854,-0.1449000000000007,-2.2342,5023.29,8897.7055
002581.SZ,20121022,6.413,6.576,6.3405,6.4854,6.413,0.07240000000000002,1.129,5979.74,10691.0867
002581.SZ,20121019,6.4745,6.4854,6.3695,6.413,6.4745,-0.061499999999999666,-0.9499,6072.59,10773.0954
002581.SZ,20121018,6.1956,6.4927,6.1956,6.4745,6.1956,0.27890000000000015,4.5016,13584.29,24046.8845
002581.SZ,20121017,6.3405,6.3405,6.1231,6.1956,6.3224,-0.12680000000000025,-2.0056,8051.26,13858.1137
002581.SZ,20121016,6.3369,6.4093,6.2898,6.3224,6.3188,0.0035999999999996035,0.057,3857.24,6770.0057
002581.SZ,20121015,6.413,6.4456,6.2427,6.3188,6.4238,-0.10499999999999954,-1.6345,4633.61,8114.973
002581.SZ,20121012,6.4057,6.4637,6.3477,6.4238,6.3695,0.05429999999999957,0.8525,4333.43,7681.2603
002581.SZ,20121011,6.3948,6.4854,6.3695,6.3695,6.4637,-0.09419999999999984,-1.4574,4412.24,7830.7048
002581.SZ,20121010,6.413,6.4709,6.3586,6.4637,6.4093,0.054400000000000226,0.8488,6875.11,12170.1958
002581.SZ,20121009,6.3188,6.4601,6.3188,6.4093,6.3405,0.06880000000000042,1.0851,5590.96,9893.2898
002581.SZ,20121008,6.2535,6.3767,6.2137,6.3405,6.2499,0.09059999999999935,1.4496,5467.6,9542.0346
002581.SZ,20120928,6.0651,6.2608,6.0506,6.2499,6.1159,0.13400000000000034,2.191,5055.73,8643.5157
002581.SZ,20120927,6.0035,6.1702,5.9456,6.1159,5.9963,0.11960000000000015,1.9946,5213.75,8758.1267
002581.SZ,20120926,6.1593,6.2137,5.9419,5.9963,6.1956,-0.19930000000000003,-3.2168,5307.98,8886.2913
002581.SZ,20120925,6.2608,6.3079,6.1775,6.1956,6.2861,-0.09050000000000047,-1.4397,4749.35,8163.4302
002581.SZ,20120924,6.239,6.3115,6.163,6.2861,6.268,0.01810000000000045,0.2888,5806.72,9995.1898
002581.SZ,20120921,6.3151,6.4021,6.268,6.268,6.3405,-0.07249999999999979,-1.1434,3712.82,6477.3504
002581.SZ,20120920,6.5869,6.605,6.3043,6.3405,6.5941,-0.2536000000000005,-3.8459,6562.56,11685.536
002581.SZ,20120919,6.5361,6.6014,6.5216,6.5941,6.5253,0.06880000000000042,1.0544,4038.42,7314.2199
002581.SZ,20120918,6.5796,6.6485,6.5216,6.5253,6.576,-0.05069999999999997,-0.771,5812.1,10545.7161
002581.SZ,20120917,6.7028,6.739,6.576,6.576,6.7535,-0.1775000000000002,-2.6283,7195.7,13173.0371
002581.SZ,20120914,6.7572,6.8586,6.6485,6.7535,6.739,0.014499999999999957,0.2152,10991.75,20474.7115
002581.SZ,20120913,6.8514,6.9673,6.739,6.739,6.9202,-0.18120000000000047,-2.6184,9091.46,17174.1185
002581.SZ,20120912,6.9564,7.018,6.8477,6.9202,6.9311,-0.010899999999999466,-0.1573,11244.55,21470.09
002581.SZ,20120911,6.9021,6.9854,6.8767,6.9311,6.9456,-0.014499999999999957,-0.2088,8126.37,15544.308
002581.SZ,20120910,6.9709,7.0108,6.8477,6.9456,6.989,-0.043400000000000105,-0.621,18209.09,34765.3049
002581.SZ,20120907,6.9528,7.0651,6.8876,6.989,6.8985,0.09049999999999958,1.3119,20049.79,38637.0207
002581.SZ,20120906,6.7825,6.9057,6.7499,6.8985,6.7825,0.11600000000000055,1.7103,9582.7,18113.2879
002581.SZ,20120905,6.5398,6.8296,6.5398,6.7825,6.5869,0.19559999999999977,2.9695,10103.67,18838.4149
002581.SZ,20120904,6.7028,6.768,6.5724,6.5869,6.7028,-0.11589999999999989,-1.7291,6068.91,11190.7948
002581.SZ,20120903,6.634,6.7753,6.5905,6.7028,6.634,0.06879999999999953,1.0371,6397.69,11830.4805
002581.SZ,20120831,6.4347,6.7064,6.4202,6.634,6.4528,0.18120000000000047,2.8081,6853.57,12385.4172
002581.SZ,20120830,6.5289,6.7173,6.3948,6.4528,6.5579,-0.1051000000000002,-1.6026,11901.45,21575.586
002581.SZ,20120829,6.6557,6.6666,6.5579,6.5579,6.6267,-0.06879999999999953,-1.0382,6013.68,10975.6384
002581.SZ,20120828,6.5216,6.6485,6.4782,6.6267,6.5434,0.08329999999999949,1.273,7838.83,14205.2251
002581.SZ,20120827,6.7608,6.768,6.5253,6.5434,6.7608,-0.2173999999999996,-3.2156,10865.17,20003.4669
002581.SZ,20120824,6.7028,6.9093,6.6847,6.7608,6.7427,0.01809999999999956,0.2684,15768.72,29641.3964
002581.SZ,20120823,6.5579,6.7572,6.547,6.7427,6.5687,0.17400000000000038,2.6489,9712.31,17854.0057
002581.SZ,20120822,6.8043,6.8043,6.5325,6.5687,6.7463,-0.17759999999999998,-2.6326,13573.07,24932.0078
002581.SZ,20120821,6.6557,6.8079,6.6303,6.7463,6.6702,0.07609999999999939,1.1409,10172.3,18942.3354
002581.SZ,20120820,6.5796,6.7137,6.4854,6.6702,6.6014,0.06880000000000042,1.0422,9370.2,17071.725
002581.SZ,20120817,6.7644,6.8115,6.4673,6.6014,6.7644,-0.16300000000000026,-2.4097,21821.2,39531.9325
002581.SZ,20120816,6.9238,6.9745,6.7463,6.7644,6.9999,-0.23550000000000004,-3.3643,13728.0,25802.2383
002581.SZ,20120815,7.0941,7.1593,6.9238,6.9999,7.0253,-0.025399999999999423,-0.3616,7432.71,14464.5126
002581.SZ,20120814,6.9564,7.0398,6.7572,7.0253,6.9637,0.06159999999999943,0.8846,11558.31,22040.5785
002581.SZ,20120813,7.1738,7.3115,6.9202,6.9637,7.1376,-0.17389999999999972,-2.4364,11925.32,23477.4802
002581.SZ,20120810,7.1738,7.2318,7.105,7.1376,7.2064,-0.06880000000000042,-0.9547,9377.68,18534.7337
002581.SZ,20120809,7.1521,7.2716,7.105,7.2064,7.1774,0.029000000000000803,0.404,13587.2,26970.7789
002581.SZ,20120808,6.96,7.2789,6.8985,7.1774,6.9673,0.21009999999999973,3.0155,21168.92,41466.6508
002581.SZ,20120807,6.9709,7.0579,6.8876,6.9673,6.9709,-0.0036000000000004917,-0.0516,11722.42,22529.4072
002581.SZ,20120806,6.663,7.0108,6.6303,6.9709,6.6992,0.27170000000000005,4.0557,19145.34,36445.0132
002581.SZ,20120803,6.5253,6.7499,6.4601,6.6992,6.518,0.18120000000000047,2.78,14995.43,27329.048
002581.SZ,20120802,6.4637,6.5543,6.4238,6.518,6.4709,0.047099999999999476,0.7279,10243.25,18350.7288
002581.SZ,20120801,6.4383,6.5905,6.413,6.4709,6.4601,0.010800000000000587,0.1672,17407.27,31241.6429
002581.SZ,20120731,6.8876,6.8948,6.4492,6.4601,6.96,-0.49990000000000023,-7.1825,30423.58,55319.2538
002581.SZ,20120730,6.9383,7.1738,6.9383,6.96,6.9637,-0.0037000000000002586,-0.0531,19158.26,37245.0931
002581.SZ,20120727,6.884,6.9999,6.8405,6.9637,6.8658,0.0979000000000001,1.4259,12271.49,23475.7809
002581.SZ,20120726,6.8405,6.9854,6.7898,6.8658,6.884,-0.018200000000000216,-0.2644,11982.97,22818.4806
002581.SZ,20120725,6.9383,7.0325,6.8115,6.884,6.9492,-0.06519999999999992,-0.9382,14390.04,27551.1654
002581.SZ,20120724,6.8767,7.0615,6.8477,6.9492,6.9093,0.03990000000000027,0.5775,12286.48,23668.786
002581.SZ,20120723,6.9383,7.0253,6.8405,6.9093,7.0398,-0.13049999999999962,-1.8537,18270.4,34861.7356
002581.SZ,20120720,7.1521,7.239,7.0253,7.0398,7.1883,-0.1485000000000003,-2.0659,23077.42,45316.0646
002581.SZ,20120719,7.2571,7.3151,7.0905,7.1883,7.3369,-0.14860000000000007,-2.0254,46809.85,92661.1034
002581.SZ,20120718,7.2861,7.4093,7.0687,7.3369,7.4274,-0.09049999999999958,-1.2185,35549.59,70799.4103
002581.SZ,20120717,7.3767,7.6738,7.105,7.4274,7.3006,0.12679999999999936,1.7368,38340.4,78065.4957
002581.SZ,20120716,7.3187,7.6811,7.1774,7.3006,7.018,0.2826000000000004,4.0268,47624.26,97172.6853
002581.SZ,20120713,6.884,7.0579,6.8477,7.018,6.9637,0.05429999999999957,0.7798,21996.31,42259.2513
002581.SZ,20120712,6.6231,7.2463,6.5869,6.9637,6.5869,0.37680000000000025,5.7204,41345.83,79624.2674
002581.SZ,20120711,6.4347,6.5941,6.3405,6.5869,6.4709,0.11599999999999966,1.7926,17311.47,31122.4679
002581.SZ,20120710,6.4311,6.6303,6.4311,6.4709,6.4492,0.021700000000000053,0.3365,24381.94,43908.7518
002581.SZ,20120709,6.2463,6.5216,6.2246,6.4492,6.2535,0.19570000000000043,3.1294,24682.09,43909.1736
002581.SZ,20120706,6.1956,6.2717,6.0796,6.2535,6.1775,0.07599999999999962,1.2303,8547.39,14599.1384
002581.SZ,20120705,6.2282,6.2644,6.134,6.1775,6.2282,-0.05069999999999997,-0.814,4875.04,8294.124
002581.SZ,20120704,6.326,6.3731,6.1775,6.2282,6.2753,-0.047099999999999476,-0.7506,6981.89,12105.7441
002581.SZ,20120703,6.2101,6.3151,6.1666,6.2753,6.1992,0.07609999999999939,1.2276,10883.02,18801.0294
002581.SZ,20120702,6.1485,6.2173,6.0651,6.1992,6.105,0.09419999999999984,1.543,8491.87,14347.7505
002581.SZ,20120629,5.9818,6.1195,5.9456,6.105,6.0144,0.09060000000000024,1.5064,3396.89,5673.4068
002581.SZ,20120628,6.0506,6.1231,6.0144,6.0144,6.0543,-0.03989999999999938,-0.659,3596.95,6026.3781
002581.SZ,20120627,6.0724,6.1267,6.0253,6.0543,6.0144,0.03989999999999938,0.6634,3751.89,6293.6712
002581.SZ,20120626,6.0361,6.0977,6.0072,6.0144,6.0325,-0.01809999999999956,-0.3,3118.75,5199.7477
002581.SZ,20120625,6.1593,6.1593,6.018,6.0325,6.1811,-0.14860000000000007,-2.4041,3279.86,5523.8872
002581.SZ,20120621,6.2209,6.2463,6.105,6.1811,6.2318,-0.05069999999999997,-0.8136,4933.48,8430.4534
002581.SZ,20120620,6.2825,6.3188,6.2173,6.2318,6.2499,-0.01810000000000045,-0.2896,4903.12,8485.3844
002581.SZ,20120619,6.2282,6.3224,6.2173,6.2499,6.2463,0.0036000000000004917,0.0576,6340.15,10970.7936
002581.SZ,20120618,6.2463,6.2825,6.2173,6.2463,6.1992,0.047099999999999476,0.7598,7424.24,12807.2848
002581.SZ,20120615,6.1485,6.2535,6.1159,6.1992,6.134,0.06519999999999992,1.0629,4995.73,8520.6219
002581.SZ,20120614,6.2318,6.2463,6.1303,6.134,6.2318,-0.09779999999999944,-1.5694,3407.65,5830.1906
002581.SZ,20120613,6.1231,6.2318,6.1231,6.2318,6.1122,0.11960000000000015,1.9567,4838.39,8268.1343
002581.SZ,20120612,6.1122,6.1303,6.0615,6.1122,6.1557,-0.04350000000000076,-0.7067,2324.44,3911.7096
002581.SZ,20120611,6.0434,6.1593,5.9818,6.1557,6.0434,0.11230000000000029,1.8582,2685.44,4522.1428
002581.SZ,20120608,6.105,6.1521,6.0108,6.0434,6.0506,-0.007200000000000095,-0.119,2283.3,3821.8921
002581.SZ,20120607,6.0977,6.1919,6.0398,6.0506,6.0398,0.010800000000000587,0.1788,3002.31,5044.3343
002581.SZ,20120606,6.0905,6.1412,6.0144,6.0398,6.0869,-0.047100000000000364,-0.7738,3044.9,5114.3972
002581.SZ,20120605,6.2246,6.2246,6.0796,6.0869,6.1014,-0.014499999999999957,-0.2377,3372.99,5696.1942
002581.SZ,20120604,6.1992,6.2318,6.1014,6.1014,6.3151,-0.21370000000000022,-3.384,7163.66,12198.4535
002581.SZ,20120601,6.3296,6.4673,6.2861,6.3151,6.3296,-0.014499999999999957,-0.2291,9200.37,16245.2598
002581.SZ,20120531,6.2608,6.3659,6.2064,6.3296,6.268,0.06160000000000032,0.9828,7310.07,12717.814
002581.SZ,20120530,6.1811,6.3188,6.1811,6.268,6.2717,-0.0037000000000002586,-0.059,5635.78,9761.4327
002581.SZ,20120529,6.1847,6.2934,6.1847,6.2717,6.2137,0.05799999999999983,0.9334,4541.2,7836.9079
002581.SZ,20120528,6.1231,6.2318,6.0506,6.2137,6.1267,0.08700000000000063,1.42,3199.07,5430.5553
002581.SZ,20120525,6.1775,6.2318,6.1159,6.1267,6.1811,-0.054400000000000226,-0.8801,4226.65,7214.9196
002581.SZ,20120524,6.2608,6.2644,6.1775,6.1811,6.2499,-0.06880000000000042,-1.1008,2944.5,5050.3746
002581.SZ,20120523,6.2717,6.2825,6.1775,6.2499,6.2644,-0.014499999999999957,-0.2315,2581.19,4445.6571
002581.SZ,20120522,6.2608,6.2825,6.2028,6.2644,6.1919,0.07249999999999979,1.1709,2885.91,4977.5168
002581.SZ,20120521,6.1267,6.2318,6.1267,6.1919,6.1231,0.06880000000000042,1.1236,2106.71,3602.4707
002581.SZ,20120518,6.2499,6.2898,6.1231,6.1231,6.3043,-0.18119999999999958,-2.8742,4011.23,6858.0537
002581.SZ,20120517,6.1593,6.3369,6.1521,6.3043,6.1992,0.1050999999999993,1.6954,5753.41,9927.0093
002581.SZ,20120516,6.3405,6.3405,6.1992,6.1992,6.3441,-0.1448999999999998,-2.284,3701.14,6396.5506
002581.SZ,20120515,6.4057,6.4057,6.2572,6.3441,6.4311,-0.08699999999999974,-1.3528,4558.55,7917.7918
002581.SZ,20120514,6.3985,6.5216,6.3948,6.4311,6.4238,0.007299999999999862,0.1136,5497.55,9802.3319
002581.SZ,20120511,6.3948,6.4673,6.3803,6.4238,6.413,0.010799999999999699,0.1684,3560.53,6319.4644
002581.SZ,20120510,6.3767,6.4601,6.3767,6.413,6.3948,0.018200000000000216,0.2846,3846.16,6814.4853
002581.SZ,20120509,6.5832,6.5832,6.3695,6.3948,6.605,-0.2102000000000004,-3.1824,9493.3,16862.3561
002581.SZ,20120508,6.6376,6.6883,6.547,6.605,6.663,-0.05799999999999983,-0.8705,6832.65,12458.6495
002581.SZ,20120507,6.6267,6.6702,6.547,6.663,6.6521,0.010900000000000354,0.1639,9048.29,16482.9829
002581.SZ,20120504,6.6267,6.6883,6.6014,6.6521,6.6521,0.0,0.0,7345.94,13457.3249
002581.SZ,20120503,6.5325,6.7173,6.4854,6.6521,6.5325,0.11960000000000015,1.8308,10445.9,19050.4255
002581.SZ,20120502,6.3912,6.5543,6.3441,6.5325,6.3405,0.19200000000000017,3.0282,7756.3,13876.8049
002581.SZ,20120427,6.3586,6.4093,6.3151,6.3405,6.3586,-0.01810000000000045,-0.2847,3119.01,5466.999
002581.SZ,20120426,6.3767,6.3948,6.2789,6.3586,6.3767,-0.01809999999999956,-0.2838,3747.63,6559.7634
002581.SZ,20120425,6.3296,6.3767,6.268,6.3767,6.3332,0.04349999999999987,0.6869,4620.32,8058.8782
002581.SZ,20120424,6.3079,6.4202,6.163,6.3332,6.3369,-0.0037000000000002586,-0.0584,5876.21,10176.212
002581.SZ,20120423,6.5398,6.5398,6.326,6.3369,6.5289,-0.19200000000000017,-2.9408,7205.33,12783.1913
002581.SZ,20120420,6.5072,6.6014,6.4854,6.5289,6.5361,-0.007200000000000095,-0.1102,5814.79,10496.3538
002581.SZ,20120419,6.4745,6.605,6.4347,6.5361,6.4782,0.05790000000000006,0.8938,5957.08,10770.2533
002581.SZ,20120418,6.413,6.4854,6.3224,6.4782,6.4419,0.03629999999999978,0.5635,6689.07,11842.3661
002581.SZ,20120417,6.4042,6.5064,6.3408,6.4395,6.4183,0.02119999999999944,0.3303,4061.94,7394.0098
002581.SZ,20120416,6.3408,6.4782,6.3338,6.4183,6.3514,0.0669000000000004,1.0533,5797.43,10574.1967
002581.SZ,20120413,6.2915,6.4078,6.2352,6.3514,6.2669,0.08450000000000024,1.3484,4884.14,8774.6839
002581.SZ,20120412,6.0872,6.3021,6.0872,6.2669,6.1154,0.15149999999999952,2.4774,4562.59,8033.7505
002581.SZ,20120411,6.052,6.1577,6.0379,6.1154,6.1154,0.0,0.0,2887.66,4999.8119
002581.SZ,20120410,5.9886,6.1189,5.8477,6.1154,5.9991,0.11629999999999985,1.9386,3945.9,6714.4058
002581.SZ,20120409,6.059,6.0872,5.9886,5.9991,6.052,-0.05289999999999928,-0.8741,2078.6,3553.6593
002581.SZ,20120406,5.9604,6.1224,5.9604,6.052,6.0168,0.035199999999999676,0.585,4349.03,7487.7685
002581.SZ,20120405,5.8618,6.0485,5.8547,6.0168,5.8477,0.16910000000000025,2.8917,5396.71,9146.6569
002581.SZ,20120330,5.9533,5.9533,5.742,5.8477,5.8512,-0.0035000000000007248,-0.0598,3831.45,6333.3721
002581.SZ,20120329,6.0907,6.1013,5.7068,5.8512,6.0907,-0.2394999999999996,-3.9322,7113.36,11899.3625
002581.SZ,20120328,6.281,6.3514,6.0837,6.0907,6.3725,-0.2817999999999996,-4.4221,8893.0,15666.65
002581.SZ,20120326,6.45,6.4782,6.3162,6.3725,6.4465,-0.07400000000000073,-1.1479,3452.51,6251.6612
002581.SZ,20120323,6.5346,6.5839,6.4219,6.4465,6.5698,-0.12329999999999952,-1.8768,4922.51,9066.1485
002581.SZ,20120322,6.5557,6.6227,6.4853,6.5698,6.5557,0.014100000000000001,0.2151,4214.6,7846.0403
002581.SZ,20120321,6.6262,6.7283,6.4042,6.5557,6.6227,-0.06700000000000017,-1.0117,9034.52,16804.3932
002581.SZ,20120320,6.7459,6.7706,6.5909,6.6227,6.7706,-0.14789999999999992,-2.1844,8934.74,16978.1795
002581.SZ,20120319,6.369,6.7988,6.3338,6.7706,6.362,0.40859999999999985,6.4225,13855.65,25979.5653
002581.SZ,20120316,6.2281,6.3725,6.2281,6.362,6.2175,0.14449999999999985,2.3241,4130.5,7373.8414
002581.SZ,20120315,6.2986,6.3725,5.9886,6.2175,6.3056,-0.08809999999999985,-1.3972,6126.49,10784.8535
002581.SZ,20120314,6.6191,6.6755,6.2352,6.3056,6.6121,-0.3064999999999998,-4.6354,13300.86,24584.171
002581.SZ,20120313,6.4113,6.6191,6.4042,6.6121,6.4148,0.19730000000000025,3.0757,11939.75,22162.9438
002581.SZ,20120312,6.4113,6.4254,6.3056,6.4148,6.3831,0.03169999999999984,0.4966,8924.26,16128.7569
002581.SZ,20120309,6.3056,6.3831,6.2986,6.3831,6.3021,0.08099999999999952,1.2853,5967.69,10742.6217
002581.SZ,20120308,6.2352,6.3725,6.2035,6.3021,6.1999,0.10219999999999985,1.6484,8308.81,14872.6367
002581.SZ,20120307,6.2457,6.2986,6.133,6.1999,6.2739,-0.07399999999999984,-1.1795,6219.14,11021.9226
002581.SZ,20120306,6.4571,6.517,5.9886,6.2739,6.4958,-0.22189999999999976,-3.4161,15427.86,27816.9576
002581.SZ,20120305,6.5663,6.6438,6.4747,6.4958,6.5628,-0.06700000000000017,-1.0209,11247.72,20890.9805
002581.SZ,20120302,6.517,6.6297,6.517,6.5628,6.5134,0.04940000000000033,0.7584,12568.41,23463.5853
002581.SZ,20120301,6.4289,6.5557,6.4113,6.5134,6.4395,0.07390000000000008,1.1476,9573.22,17682.0163
002581.SZ,20120229,6.45,6.4747,6.3831,6.4395,6.4677,-0.028200000000000003,-0.436,8290.55,15099.9677
002581.SZ,20120228,6.517,6.5275,6.4113,6.4677,6.5733,-0.10559999999999992,-1.6065,21788.73,40070.8081
002581.SZ,20120227,6.5381,6.6861,6.4148,6.5733,6.605,-0.03170000000000073,-0.4799,35359.96,65292.3588
002581.SZ,20120224,6.6579,6.6755,6.4395,6.605,6.6544,-0.049399999999999444,-0.7424,20148.3,37368.9807
002581.SZ,20120223,6.6861,6.7002,6.5663,6.6544,6.6966,-0.04220000000000024,-0.6302,8427.39,15830.1952
002581.SZ,20120222,6.5452,6.7459,6.5099,6.6966,6.5452,0.15139999999999976,2.3131,18082.9,33959.3111
002581.SZ,20120221,6.5452,6.5452,6.3761,6.5452,6.4958,0.04940000000000033,0.7605,8592.75,15801.4211
002581.SZ,20120220,6.4395,6.5698,6.3972,6.4958,6.3761,0.11969999999999992,1.8773,10253.92,18888.7173
002581.SZ,20120217,6.3761,6.4219,6.3056,6.3761,6.3972,-0.021099999999999675,-0.3298,8857.72,16010.0463
002581.SZ,20120216,6.2281,6.4465,6.1823,6.3972,6.214,0.18319999999999936,2.9482,17387.47,31364.184
002581.SZ,20120215,6.1647,6.2387,6.1154,6.214,6.1823,0.03170000000000073,0.5128,12075.83,21232.1104
002581.SZ,20120214,6.1964,6.2598,6.1048,6.1823,6.1612,0.021099999999999675,0.3425,13183.75,23107.0033
002581.SZ,20120213,6.0062,6.2175,5.9886,6.1612,6.1119,0.04929999999999968,0.8066,17252.17,30106.1896
002581.SZ,20120210,5.9287,6.1788,5.8512,6.1119,5.9498,0.16210000000000058,2.7245,13836.47,23895.6119
002581.SZ,20120209,5.8054,6.0837,5.7913,5.9498,5.8371,0.11269999999999936,1.9308,15332.72,25879.9262
002581.SZ,20120208,5.7244,5.8547,5.661,5.8371,5.7385,0.09860000000000024,1.7182,7998.62,13029.7574
002581.SZ,20120207,5.9181,5.9181,5.7103,5.7385,5.9287,-0.19019999999999992,-3.2081,4993.13,8182.6952
002581.SZ,20120206,5.8653,5.985,5.8477,5.9287,5.8688,0.05989999999999984,1.0207,6808.26,11455.4117
002581.SZ,20120203,5.749,5.8758,5.7173,5.8688,5.7561,0.11270000000000024,1.9579,7727.26,12742.7248
002581.SZ,20120202,5.6751,5.7843,5.6751,5.7561,5.6539,0.10219999999999985,1.8076,5363.52,8734.6662
002581.SZ,20120201,5.6504,5.7702,5.6363,5.6539,5.7103,-0.056400000000000006,-0.9877,5583.29,9037.4003
002581.SZ,20120131,5.7455,5.7807,5.6398,5.7103,5.7913,-0.08099999999999952,-1.3986,4801.31,7776.7638
002581.SZ,20120130,5.5835,5.8336,5.5447,5.7913,5.5694,0.22189999999999976,3.9843,11027.26,17962.5025
002581.SZ,20120120,5.6011,5.661,5.5306,5.5694,5.5694,0.0,0.0,6225.73,9915.9915
002581.SZ,20120119,5.5271,5.6046,5.3404,5.5694,5.5553,0.014100000000000001,0.2538,6382.57,9976.9417
002581.SZ,20120118,5.9569,5.985,5.4602,5.5553,6.0062,-0.45089999999999986,-7.5072,14358.86,23627.8853
002581.SZ,20120117,5.7843,6.0485,5.587,6.0062,5.7279,0.27829999999999977,4.8587,20503.18,33947.9578
002581.SZ,20120116,5.6433,5.8089,5.5835,5.7279,5.7596,-0.03169999999999984,-0.5504,10651.54,17269.1794
002581.SZ,20120113,5.8794,5.8829,5.6574,5.7596,5.9569,-0.19730000000000025,-3.3121,17403.37,28553.4213
002581.SZ,20120112,5.8124,5.9745,5.5764,5.9569,5.8336,0.12330000000000041,2.1136,24906.62,40986.3153
002581.SZ,20120111,5.7843,5.9287,5.7843,5.8336,5.7666,0.06699999999999928,1.1619,10453.09,17382.7722
002581.SZ,20120110,5.5764,5.8618,5.5764,5.7666,5.6539,0.11270000000000024,1.9933,12487.52,20391.5823
002581.SZ,20120109,5.3333,5.6715,5.2418,5.6539,5.3228,0.33110000000000017,6.2204,6110.22,9497.1582
002581.SZ,20120106,5.284,5.3686,5.1431,5.3228,5.2171,0.10569999999999968,2.026,5983.78,8920.8873
002581.SZ,20120105,5.6293,5.6363,5.1713,5.2171,5.6645,-0.4474,-7.8983,4506.77,6925.5885
002581.SZ,20120104,5.7208,5.8019,5.6645,5.6645,5.6751,-0.010599999999999277,-0.1868,6462.73,10539.4484
002581.SZ,20111230,5.7244,5.742,5.6715,5.6751,5.6891,-0.014000000000000234,-0.2461,4768.12,7717.0325
002581.SZ,20111229,5.6539,5.7068,5.5658,5.6891,5.6433,0.04579999999999984,0.8116,4677.65,7494.6259
002581.SZ,20111228,5.5835,5.6645,5.3897,5.6433,5.6116,0.03169999999999984,0.5649,6646.96,10434.417
002581.SZ,20111227,5.9886,5.9886,5.5658,5.6116,6.0379,-0.42629999999999946,-7.0604,12213.71,19717.6654
002581.SZ,20111226,6.2739,6.3021,6.0379,6.0379,6.3408,-0.30290000000000017,-4.777,7274.0,12732.839
002581.SZ,20111223,6.2704,6.3972,6.1295,6.3408,6.3232,0.017599999999999838,0.2783,13695.74,24315.343
002581.SZ,20111222,6.5769,6.5804,6.0943,6.3232,6.5557,-0.23249999999999993,-3.5465,30230.88,54749.9798
002581.SZ,20111221,6.7283,6.9326,6.5557,6.5557,6.6649,-0.10920000000000041,-1.6384,7140.46,13738.3603
002581.SZ,20111220,6.6227,6.834,6.5557,6.6649,6.76,-0.09509999999999952,-1.4068,6061.85,11577.5958
002581.SZ,20111219,6.6191,6.76,6.3479,6.76,6.6649,0.09509999999999952,1.4269,9930.89,18386.331
002581.SZ,20111216,6.6121,6.6931,6.3761,6.6649,6.5522,0.11270000000000024,1.72,3909.49,7280.1546
002581.SZ,20111215,6.6332,6.6332,6.5099,6.5522,6.6367,-0.08450000000000024,-1.2732,4960.55,9249.0017
002581.SZ,20111214,6.7565,6.7988,6.5522,6.6367,6.7636,-0.1269,-1.8762,2392.08,4520.6721
002581.SZ,20111213,6.8023,7.0101,6.6332,6.7636,6.9045,-0.14089999999999936,-2.0407,9116.31,17537.8263
002581.SZ,20111212,6.9749,7.0454,6.8692,6.9045,7.0771,-0.1726000000000001,-2.4389,5407.15,10630.2729
002581.SZ,20111209,7.1511,7.2849,6.9855,7.0771,7.2215,-0.14440000000000008,-1.9996,5805.8,11806.965
002581.SZ,20111208,7.1511,7.3272,6.9291,7.2215,7.1546,0.06689999999999952,0.9351,6475.33,13152.9657
002581.SZ,20111207,7.1546,7.2215,7.0736,7.1546,7.1722,-0.017599999999999838,-0.2454,3844.26,7786.2113
002581.SZ,20111206,7.0806,7.2039,7.063,7.1722,7.1475,0.024700000000000166,0.3456,2554.49,5173.712
002581.SZ,20111205,7.3624,7.3624,7.1264,7.1475,7.3624,-0.2149000000000001,-2.9189,6630.46,13582.4841
002581.SZ,20111202,7.5315,7.5315,7.2673,7.3624,7.4611,-0.09870000000000001,-1.3229,7677.45,16065.7248
002581.SZ,20111201,7.5738,7.6407,7.4611,7.4611,7.3272,0.13389999999999969,1.8274,14659.87,31540.0393
002581.SZ,20111130,7.6724,7.6724,7.1687,7.3272,7.6266,-0.29939999999999944,-3.9257,11232.57,23773.4057
002581.SZ,20111129,7.4681,7.6548,7.4681,7.6266,7.4505,0.17609999999999992,2.3636,9848.92,21163.4853
002581.SZ,20111128,7.4153,7.528,7.2814,7.4505,7.4505,0.0,0.0,12124.53,25509.7328
002581.SZ,20111125,7.609,7.7041,7.4082,7.4505,7.6266,-0.17609999999999992,-2.309,11566.22,24680.8053
002581.SZ,20111124,7.602,7.7464,7.5315,7.6266,7.7922,-0.1656000000000004,-2.1252,6874.44,14885.5192
002581.SZ,20111123,7.926,8.0176,7.764,7.7922,7.8838,-0.09159999999999968,-1.1619,9161.8,20373.7415
002581.SZ,20111122,7.6618,7.8838,7.6055,7.8838,7.7217,0.1620999999999997,2.0993,12778.03,28093.8957
002581.SZ,20111121,7.7147,7.8204,7.5491,7.7217,7.7499,-0.028200000000000003,-0.3639,17374.45,37995.9442
002581.SZ,20111118,7.8309,7.8908,7.6161,7.7499,7.9366,-0.1867000000000001,-2.3524,15623.58,34240.3812
002581.SZ,20111117,7.6266,8.0493,7.6266,7.9366,7.6971,0.2395000000000005,3.1116,34835.34,78060.5937
002581.SZ,20111116,7.7922,7.8732,7.5703,7.6971,7.8133,-0.11620000000000008,-1.4872,23119.47,50447.9901
002581.SZ,20111115,7.8838,8.0317,7.7675,7.8133,7.8556,-0.042300000000000004,-0.5385,24648.62,55082.5281
002581.SZ,20111114,7.4611,8.0035,7.3272,7.8556,7.3976,0.4580000000000002,6.1912,30593.7,68000.0669
002581.SZ,20111111,7.0947,7.535,7.0947,7.3976,7.0947,0.30290000000000017,4.2694,31590.46,65804.3431
002581.SZ,20111110,6.9784,7.2779,6.9749,7.0947,7.1017,-0.007000000000000561,-0.0986,21154.51,42751.0358
002581.SZ,20111109,6.7459,7.3272,6.7248,7.1017,6.6861,0.4156000000000004,6.2159,37503.05,75266.3408
002581.SZ,20111108,6.7812,6.827,6.679,6.6861,6.7812,-0.0951000000000004,-1.4024,7005.71,13470.5828
002581.SZ,20111107,6.8375,6.8692,6.7565,6.7812,6.834,-0.052799999999999514,-0.7726,6201.2,11995.7076
002581.SZ,20111104,6.7917,6.915,6.7565,6.834,6.7424,0.09159999999999968,1.3586,13320.27,25914.8619
002581.SZ,20111103,6.7671,6.8869,6.7354,6.7424,6.7988,-0.056400000000000006,-0.8296,14205.29,27451.8752
002581.SZ,20111102,6.6227,6.8164,6.5557,6.7988,6.7283,0.07050000000000001,1.0478,7165.3,13619.2883
002581.SZ,20111101,6.7389,6.76,6.6227,6.7283,6.7389,-0.010600000000000165,-0.1573,8293.34,15782.9054
002581.SZ,20111031,6.6614,6.7953,6.6579,6.7389,6.6614,0.07749999999999968,1.1634,11393.53,21765.9102
002581.SZ,20111028,6.6191,6.6931,6.5346,6.6614,6.5346,0.12680000000000025,1.9404,12161.3,22793.5886
002581.SZ,20111027,6.517,6.6227,6.4712,6.5346,6.5099,0.024700000000000166,0.3794,10160.46,18880.3036
002581.SZ,20111026,6.4536,6.5698,6.443,6.5099,6.4958,0.014100000000000001,0.2171,14078.19,26074.3837
002581.SZ,20111025,6.4113,6.5733,6.3725,6.4958,6.3902,0.10559999999999992,1.6525,9429.41,17317.6825
002581.SZ,20111024,6.3127,6.4113,6.2175,6.3902,6.3056,0.08460000000000001,1.3417,3901.04,7035.0331
002581.SZ,20111021,6.3479,6.4254,6.3056,6.3056,6.369,-0.06339999999999968,-0.9954,2757.76,4982.1503
002581.SZ,20111020,6.4853,6.4994,6.3373,6.369,6.5029,-0.13390000000000057,-2.0591,6042.94,11012.1458
002581.SZ,20111019,6.4817,6.5945,6.4007,6.5029,6.5275,-0.02459999999999951,-0.3769,6479.41,12036.8275
002581.SZ,20111018,6.6579,6.6966,6.4324,6.5275,6.753,-0.22550000000000026,-3.3393,13716.44,25549.3031
002581.SZ,20111017,6.9996,7.0101,6.6121,6.753,6.9749,-0.22189999999999976,-3.1814,21001.43,40510.8718
002581.SZ,20111014,7.0524,7.0524,6.8798,6.9749,7.1511,-0.1761999999999997,-2.464,11271.24,22281.1773
002581.SZ,20111013,7.2145,7.38,7.1194,7.1511,7.2145,-0.06340000000000057,-0.8788,19976.38,41107.6569
002581.SZ,20111012,7.0454,7.2215,6.8869,7.2145,7.0559,0.15859999999999985,2.2478,14954.19,30364.4453
002581.SZ,20111011,7.2497,7.2849,6.9749,7.0559,7.0806,-0.024699999999999278,-0.3488,8499.05,17195.0657
002581.SZ,20111010,7.0383,7.1511,7.0207,7.0806,7.063,0.017599999999999838,0.2492,9086.81,18280.4729
002581.SZ,20110930,6.9714,7.0736,6.8692,7.063,6.9749,0.08809999999999985,1.2631,5202.23,10285.4789
002581.SZ,20110929,7.063,7.1123,6.76,6.9749,7.1299,-0.15500000000000025,-2.1739,7340.93,14437.2693
002581.SZ,20110928,7.0348,7.2145,7.0348,7.1299,7.0172,0.11270000000000024,1.6061,13044.89,26431.0003
002581.SZ,20110927,7.0876,7.1792,6.9644,7.0172,7.063,-0.04579999999999984,-0.6484,6315.33,12612.8329
002581.SZ,20110926,7.0454,7.1475,7.0101,7.063,7.0489,0.014100000000000001,0.2,5169.13,10396.7268
002581.SZ,20110923,7.0101,7.0665,6.8974,7.0489,7.0348,0.014100000000000001,0.2004,7831.74,15490.2355
002581.SZ,20110922,7.2532,7.292,7.0278,7.0348,7.3272,-0.29240000000000066,-3.9906,5648.76,11459.5821
002581.SZ,20110921,7.1969,7.3554,7.0736,7.3272,7.1264,0.2008000000000001,2.8177,11281.19,23293.3211
002581.SZ,20110920,6.9714,7.2145,6.9644,7.1264,7.0242,0.10219999999999985,1.455,7550.91,15231.4693
002581.SZ,20110919,6.9855,7.0982,6.9397,7.0242,7.0454,-0.02119999999999944,-0.3009,4671.48,9326.0182
002581.SZ,20110916,7.1687,7.218,7.0278,7.0454,7.1757,-0.13030000000000008,-1.8159,8618.58,17377.8433
002581.SZ,20110915,7.2603,7.3342,7.1757,7.1757,7.2567,-0.0810000000000004,-1.1162,9166.83,18871.4725
002581.SZ,20110914,7.2321,7.3096,7.0806,7.2567,7.2004,0.05630000000000024,0.7819,6839.45,14008.8771
002581.SZ,20110913,7.2215,7.2744,7.1158,7.2004,7.3695,-0.16910000000000025,-2.2946,5368.51,10987.9919
002581.SZ,20110909,7.5738,7.6795,7.3342,7.3695,7.5773,-0.20779999999999976,-2.7424,6786.58,14430.8481
002581.SZ,20110908,7.7006,7.8204,7.5667,7.5773,7.6654,-0.08809999999999985,-1.1493,7627.89,16636.9315
002581.SZ,20110907,7.3589,7.6654,7.3589,7.6654,7.3518,0.3136000000000001,4.2656,9987.19,21460.8904
002581.SZ,20110906,7.2286,7.447,7.2286,7.3518,7.3272,0.02459999999999951,0.3357,8630.01,18038.4368
002581.SZ,20110905,7.292,7.4188,7.0982,7.3272,7.3941,-0.06689999999999952,-0.9048,10126.04,20857.2563
002581.SZ,20110902,7.7675,7.7675,7.373,7.3941,7.7499,-0.35580000000000034,-4.591,21868.33,46844.4237
002581.SZ,20110901,7.8908,8.0282,7.7358,7.7499,7.8028,-0.05290000000000017,-0.678,20247.18,45260.0428
002581.SZ,20110831,7.683,7.9084,7.6689,7.8028,7.6865,0.11630000000000074,1.513,16799.15,37119.9796
002581.SZ,20110830,7.7992,7.9296,7.6618,7.6865,7.7781,-0.09160000000000057,-1.1777,18741.22,41543.5116
002581.SZ,20110829,7.7147,7.9507,7.6795,7.7781,7.7816,-0.0034999999999998366,-0.045,26880.69,59720.2776
002581.SZ,20110826,7.447,7.8133,7.4399,7.7816,7.4963,0.28530000000000033,3.8059,28494.64,62402.7901
002581.SZ,20110825,7.4505,7.5526,7.3589,7.4963,7.4857,0.010600000000000165,0.1416,17965.79,38016.8078
002581.SZ,20110824,7.4434,7.5456,7.3342,7.4857,7.3554,0.1302999999999992,1.7715,26051.13,55122.7911
002581.SZ,20110823,7.1616,7.38,7.0806,7.3554,7.0876,0.26780000000000026,3.7784,17742.22,36590.3296
002581.SZ,20110822,7.0172,7.2567,7.0172,7.0876,7.0137,0.07390000000000008,1.0537,11914.02,24089.1175
002581.SZ,20110819,6.834,7.0559,6.8058,7.0137,7.0595,-0.04579999999999984,-0.6488,7485.28,14772.369
002581.SZ,20110818,7.2321,7.292,7.0595,7.0595,7.2567,-0.19720000000000049,-2.7175,8227.56,16675.7131
002581.SZ,20110817,7.3906,7.4329,7.2497,7.2567,7.3871,-0.13039999999999985,-1.7652,7643.67,15840.5562
002581.SZ,20110816,7.3941,7.535,7.299,7.3871,7.3342,0.05290000000000017,0.7213,19971.26,42094.9861
002581.SZ,20110815,7.0771,7.3976,7.0771,7.3342,7.1017,0.23249999999999993,3.2739,17576.87,36326.6938
002581.SZ,20110812,7.0278,7.1969,7.0278,7.1017,7.0278,0.07390000000000008,1.0515,16057.1,32360.8033
002581.SZ,20110811,6.8657,7.0383,6.7354,7.0278,7.0454,-0.017599999999999838,-0.2498,17325.65,33971.7954
002581.SZ,20110810,7.1933,7.2567,6.908,7.0454,7.2109,-0.16549999999999976,-2.2951,34298.93,68797.8776
002581.SZ,20110809,6.8798,7.292,6.8798,7.2109,7.0947,0.11620000000000008,1.6378,11471.07,23220.5689
002581.SZ,20110808,7.4928,7.4928,6.8939,7.0947,7.609,-0.5143000000000004,-6.7591,12748.12,26173.21
002581.SZ,20110805,7.609,7.7499,7.5421,7.609,7.9049,-0.2958999999999996,-3.7432,13689.15,29814.6252
002581.SZ,20110804,7.7499,7.9507,7.7499,7.9049,7.8697,0.035199999999999676,0.4473,11911.65,26508.6711
002581.SZ,20110803,7.683,8.0141,7.6513,7.8697,7.8732,-0.0034999999999998366,-0.0445,12004.29,26806.4239
002581.SZ,20110802,7.8732,7.919,7.5456,7.8732,7.9331,-0.05989999999999984,-0.7551,15568.82,33908.031
002581.SZ,20110801,7.7253,8.0388,7.6442,7.9331,7.7992,0.13389999999999969,1.7168,13257.51,29627.5108
002581.SZ,20110729,7.9613,8.0529,7.7147,7.7992,8.1198,-0.3205999999999998,-3.9484,23706.91,53223.1057
002581.SZ,20110728,7.7147,8.1233,7.6724,8.1198,7.5738,0.5459999999999994,7.2091,33753.25,76518.6085
002581.SZ,20110726,7.5914,7.6442,7.3695,7.5738,7.5738,0.0,0.0,12603.98,26909.2115
002581.SZ,20110725,8.1022,8.1022,7.5597,7.5738,8.1268,-0.552999999999999,-6.8046,17510.06,38907.1811
002581.SZ,20110722,8.0846,8.1339,7.9225,8.1268,8.074,0.052799999999999514,0.654,13645.89,31218.0721
002581.SZ,20110721,8.0634,8.148,7.9895,8.074,8.0634,0.010600000000000165,0.1315,11468.69,26223.7128
002581.SZ,20110720,8.1656,8.2325,7.8732,8.0634,8.1233,-0.05990000000000073,-0.7374,14436.2,32986.1857
002581.SZ,20110719,8.1339,8.2783,8.0317,8.1233,8.1621,-0.03880000000000017,-0.4754,14791.99,34230.2426
002581.SZ,20110718,8.4545,8.5425,8.1374,8.1621,8.3417,-0.17959999999999887,-2.153,22421.96,52563.6173
002581.SZ,20110715,8.377,8.9406,8.3135,8.3417,8.4016,-0.05990000000000073,-0.713,25513.47,62527.8455
002581.SZ,20110714,8.4545,8.5249,8.2607,8.4016,8.4051,-0.0034999999999989484,-0.0416,20435.27,48488.7606
002581.SZ,20110713,8.0141,8.4721,8.0141,8.4051,8.0493,0.35579999999999856,4.4203,22732.83,53253.1855
002581.SZ,20110712,8.0353,8.2043,7.9789,8.0493,8.1445,-0.09520000000000017,-1.1689,23519.8,53893.2805
002581.SZ,20110711,8.0493,8.2607,8.0212,8.1445,8.1057,0.03880000000000017,0.4787,23816.61,55254.644
002581.SZ,20110708,8.31,8.31,8.0035,8.1057,8.3206,-0.2149000000000001,-2.5827,33477.15,77232.0436
002581.SZ,20110707,8.1746,8.5487,8.1226,8.3201,8.0395,0.28059999999999974,3.4903,61317.81,147295.2047
002581.SZ,20110706,7.3017,8.0395,7.1874,8.0395,7.3086,0.7309000000000001,10.0005,44795.11,98501.9967
002581.SZ,20110705,7.1528,7.4091,7.1528,7.3086,7.2082,0.10040000000000049,1.3929,26803.34,56620.0382
002581.SZ,20110704,6.99,7.3086,6.99,7.2082,6.9484,0.25979999999999936,3.739,35490.79,73847.5134
002581.SZ,20110701,6.8895,7.0073,6.8168,6.9484,6.8479,0.10050000000000026,1.4676,19281.87,38558.2289
002581.SZ,20110630,6.8272,6.9449,6.7994,6.8479,6.841,0.006899999999999906,0.1009,16590.79,32886.9337
002581.SZ,20110629,6.9276,7.0315,6.841,6.841,7.0107,-0.16969999999999974,-2.4206,21943.42,43923.3087
002581.SZ,20110627,6.9138,7.0315,6.8272,7.0107,6.9172,0.0934999999999997,1.3517,31250.43,62451.2372
002581.SZ,20110624,6.7544,6.9969,6.7198,6.9172,6.8445,0.07270000000000021,1.0622,37459.06,74328.7843
002581.SZ,20110623,6.5812,6.9068,6.505,6.8445,6.6678,0.1767000000000003,2.65,30937.44,60477.7408
002581.SZ,20110622,6.7475,6.8064,6.5847,6.6678,6.886,-0.2182000000000004,-3.1687,25097.34,48430.2952
002581.SZ,20110621,6.744,7.0038,6.647,6.886,6.7267,0.1593,2.3682,42546.05,83696.4596
002581.SZ,20110620,6.4773,6.7267,6.3734,6.7267,6.5397,0.18700000000000028,2.8595,25737.79,48941.2429
002581.SZ,20110617,6.6505,6.7232,6.4877,6.5397,6.6851,-0.14540000000000042,-2.175,17348.53,33020.1691
002581.SZ,20110616,6.5466,6.7267,6.4254,6.6851,6.5812,0.10390000000000033,1.5787,20493.13,39110.3772
002581.SZ,20110615,6.557,6.8618,6.557,6.5812,6.5154,0.0658000000000003,1.0099,30619.23,59321.5544
002581.SZ,20110614,6.4981,6.5812,6.4565,6.5154,6.5154,0.0,0.0,16853.74,31726.403
002581.SZ,20110613,6.3873,6.6366,6.311,6.5154,6.408,0.10739999999999927,1.676,24662.13,46297.3599
002581.SZ,20110610,6.1933,6.4184,6.1725,6.408,6.2591,0.14890000000000025,2.3789,19257.07,35169.6926
002581.SZ,20110609,6.6055,6.6851,6.2348,6.2591,6.7059,-0.44679999999999964,-6.6628,38131.87,70210.4383
002581.SZ,20110608,6.5812,6.9172,6.5639,6.7059,6.6609,0.04499999999999993,0.6756,31185.05,60779.1035
002581.SZ,20110607,6.5812,6.7025,6.4773,6.6609,6.7025,-0.04159999999999986,-0.6207,24456.35,46571.9582
002581.SZ,20110603,6.6263,6.8237,6.4842,6.7025,6.8306,-0.12809999999999988,-1.8754,34527.79,66671.6348
002581.SZ,20110602,6.893,7.0662,6.6782,6.8306,6.7891,0.041499999999999204,0.6113,74648.1,148642.3407
002581.SZ,20110601,6.2002,6.7891,6.1933,6.7891,6.1725,0.6166,9.9895,46185.17,88515.3122
002581.SZ,20110531,5.9474,6.266,5.9439,6.1725,6.0443,0.12820000000000054,2.121,41434.14,73076.604
002581.SZ,20110530,6.3734,6.4981,5.9751,6.0443,6.5327,-0.4884000000000004,-7.4762,45256.33,81781.0219
002581.SZ,20110527,6.6124,6.7371,6.2799,6.5327,6.6089,-0.07620000000000005,-1.153,58543.86,109856.9073
002581.SZ,20110526,7.0142,7.3363,6.5882,6.6089,7.1735,-0.5645999999999995,-7.8706,87887.77,177033.4948
002581.SZ,20110525,7.1354,7.371,6.8375,7.1735,7.5961,-0.4226000000000001,-5.5634,106977.94,216641.3299
002581.SZ,20110524,7.7624,7.9494,7.4506,7.5961,8.1538,-0.5577000000000005,-6.8398,128531.55,284899.3019
002581.SZ,20110523,7.2116,8.1538,7.2082,8.1538,7.4125,0.7413000000000007,10.0007,145149.4,327013.687
002581.SZ,20110520,7.7416,7.849,7.1354,7.4125,6.5812,0.8312999999999997,12.6314,178559.56,384049.9403
