ts_code,trade_date,open,high,low,close,pre_close,change,pct_chg,vol,amount
002792.SZ,20200408,27.9,28.28,27.5,27.82,27.88,-0.05999999999999872,-0.2152,81652.32,228477.815
002792.SZ,20200407,27.89,28.15,27.66,27.88,27.22,0.6600000000000001,2.4247,76064.08,212205.673
002792.SZ,20200403,27.61,27.96,27.17,27.22,27.9,-0.6799999999999997,-2.4373,70133.26,192823.573
002792.SZ,20200402,27.0,27.93,26.66,27.9,26.62,1.2799999999999976,4.8084,97614.25,266520.065
002792.SZ,20200401,26.95,27.69,26.56,26.62,27.0,-0.379999999999999,-1.4074,71793.07,194700.347
002792.SZ,20200331,28.03,28.13,26.7,27.0,27.4,-0.3999999999999986,-1.4599,79158.99,216763.942
002792.SZ,20200330,28.81,28.82,27.33,27.4,29.48,-2.080000000000002,-7.0556,109926.21,306573.899
002792.SZ,20200327,30.74,31.11,29.35,29.48,30.22,-0.7399999999999984,-2.4487,89771.95,270512.636
002792.SZ,20200326,30.72,31.25,30.1,30.22,31.23,-1.0100000000000016,-3.2341,80360.67,246351.908
002792.SZ,20200325,32.33,32.33,31.2,31.23,31.33,-0.09999999999999787,-0.3192,121051.01,382856.548
002792.SZ,20200324,31.51,31.8,28.93,31.33,30.25,1.0799999999999983,3.5702,153059.95,470268.837
002792.SZ,20200323,29.26,31.59,29.0,30.25,30.33,-0.0799999999999983,-0.2638,145135.89,446402.585
002792.SZ,20200320,30.31,30.8,29.77,30.33,30.2,0.129999999999999,0.4305,116776.73,353637.191
002792.SZ,20200319,28.72,30.6,28.3,30.2,28.39,1.8099999999999987,6.3755,149523.47,438786.146
002792.SZ,20200318,29.5,30.12,28.36,28.39,29.03,-0.6400000000000006,-2.2046,132085.65,388517.696
002792.SZ,20200317,30.2,31.03,27.68,29.03,29.99,-0.9599999999999973,-3.2011,139352.42,405494.521
002792.SZ,20200316,33.0,33.0,29.99,29.99,33.32,-3.330000000000002,-9.994,183103.18,567041.031
002792.SZ,20200313,31.48,34.36,31.46,33.32,34.1,-0.7800000000000011,-2.2874,152556.92,505611.974
002792.SZ,20200312,33.42,34.51,33.24,34.1,34.98,-0.8799999999999955,-2.5157,159635.19,539696.464
002792.SZ,20200311,36.86,38.0,34.52,34.98,36.67,-1.6900000000000048,-4.6087,266943.32,972630.261
002792.SZ,20200310,33.63,36.67,32.31,36.67,33.87,2.8000000000000043,8.2669,331895.42,1158063.79
002792.SZ,20200309,32.86,35.31,32.38,33.87,32.1,1.769999999999996,5.514,291445.67,1002076.401
002792.SZ,20200306,30.61,32.99,30.56,32.1,31.39,0.7100000000000009,2.2619,176158.1,564325.099
002792.SZ,20200305,33.5,33.5,31.25,31.39,31.15,0.240000000000002,0.7705,219796.12,710503.097
002792.SZ,20200304,30.15,31.8,30.1,31.15,30.46,0.6899999999999977,2.2653,162406.66,505274.061
002792.SZ,20200303,30.96,32.56,30.0,30.46,29.62,0.8399999999999999,2.8359,232121.11,726887.272
002792.SZ,20200302,28.0,30.55,27.77,29.62,27.93,1.6900000000000013,6.0508,225660.96,655070.022
002792.SZ,20200228,27.93,28.84,27.93,27.93,31.03,-3.1000000000000014,-9.9903,214140.65,602668.182
002792.SZ,20200227,32.58,32.86,30.6,31.03,32.05,-1.019999999999996,-3.1825,195975.71,618837.661
002792.SZ,20200226,31.88,33.45,31.24,32.05,33.22,-1.1700000000000017,-3.522,258074.38,834826.401
002792.SZ,20200225,31.48,33.55,29.5,33.22,30.5,2.719999999999999,8.918,371785.68,1186003.596
002792.SZ,20200224,28.84,30.5,28.84,30.5,27.73,2.7699999999999996,9.9892,208374.2,626147.224
002792.SZ,20200221,26.95,27.96,26.91,27.73,26.9,0.8300000000000018,3.0855,126305.86,348191.703
002792.SZ,20200220,26.3,27.05,26.21,26.9,26.36,0.5399999999999991,2.0486,104145.38,278039.135
002792.SZ,20200219,26.65,27.13,26.09,26.36,26.58,-0.21999999999999886,-0.8277,102897.33,273408.91
002792.SZ,20200218,26.18,26.6,26.0,26.58,26.14,0.4399999999999977,1.6832,110476.5,290938.382
002792.SZ,20200217,25.3,26.15,25.28,26.14,24.97,1.1700000000000017,4.6856,99863.07,257672.259
002792.SZ,20200214,24.51,25.24,24.51,24.97,24.71,0.259999999999998,1.0522,69542.91,173581.455
002792.SZ,20200213,25.05,25.05,24.52,24.71,25.06,-0.34999999999999787,-1.3966,61913.94,153269.129
002792.SZ,20200212,24.73,25.14,24.43,25.06,24.76,0.29999999999999716,1.2116,84227.55,208854.1
002792.SZ,20200211,25.01,25.65,24.6,24.76,24.71,0.05000000000000071,0.2023,105776.82,264559.18
002792.SZ,20200210,23.67,24.75,23.5,24.71,23.95,0.7600000000000016,3.1733,101713.74,247674.702
002792.SZ,20200207,23.56,23.95,23.16,23.95,23.78,0.16999999999999815,0.7149,102761.1,241523.593
002792.SZ,20200206,23.61,23.9,23.24,23.78,23.61,0.1700000000000017,0.72,93714.32,220996.999
002792.SZ,20200205,23.68,24.44,23.54,23.61,23.5,0.10999999999999943,0.4681,89799.86,214771.917
002792.SZ,20200204,22.2,23.96,22.2,23.5,24.42,-0.9200000000000017,-3.7674,110027.98,258137.487
002792.SZ,20200203,24.42,24.42,24.42,24.42,27.13,-2.7099999999999973,-9.9889,15405.0,37619.01
002792.SZ,20200123,28.0,28.5,26.5,27.13,28.53,-1.4000000000000021,-4.9071,89898.79,248098.369
002792.SZ,20200122,28.03,28.95,27.1,28.53,28.31,0.22000000000000242,0.7771,99006.17,277080.963
002792.SZ,20200121,28.55,28.74,28.21,28.31,29.01,-0.7000000000000028,-2.413,89425.7,254057.156
002792.SZ,20200120,27.9,29.37,27.74,29.01,27.73,1.2800000000000011,4.6159,141613.63,407361.291
002792.SZ,20200117,27.5,28.58,27.41,27.73,27.36,0.370000000000001,1.3523,143553.48,402126.148
002792.SZ,20200116,27.61,28.13,27.28,27.36,27.61,-0.25,-0.9055,61422.95,169509.697
002792.SZ,20200115,27.69,27.9,27.35,27.61,27.61,0.0,0.0,45507.18,125493.786
002792.SZ,20200114,28.15,28.45,27.5,27.61,28.22,-0.6099999999999994,-2.1616,68093.88,189220.679
002792.SZ,20200113,27.79,28.3,27.5,28.22,27.79,0.4299999999999997,1.5473,68240.18,190933.069
002792.SZ,20200110,27.76,28.1,27.45,27.79,27.75,0.03999999999999915,0.1441,71433.77,198507.685
002792.SZ,20200109,26.78,27.76,26.78,27.75,26.37,1.379999999999999,5.2332,96635.16,265521.228
002792.SZ,20200108,26.8,26.99,26.31,26.37,27.18,-0.8099999999999987,-2.9801,58732.5,156679.117
002792.SZ,20200107,27.33,27.38,26.9,27.18,27.2,-0.019999999999999574,-0.0735,42229.69,114615.814
002792.SZ,20200106,26.77,27.66,26.76,27.2,26.97,0.23000000000000043,0.8528,65736.46,178853.886
002792.SZ,20200103,27.3,27.42,26.84,26.97,27.1,-0.13000000000000256,-0.4797,40296.74,109037.258
002792.SZ,20200102,26.87,27.3,26.72,27.1,26.72,0.38000000000000256,1.4222,52898.77,143204.029
002792.SZ,20191231,26.05,26.91,26.05,26.72,26.0,0.7199999999999989,2.7692,62760.95,166908.4
002792.SZ,20191230,25.69,26.25,25.08,26.0,25.99,0.010000000000001563,0.0385,45183.11,116235.996
002792.SZ,20191227,26.77,26.86,25.98,25.99,26.65,-0.6600000000000001,-2.4765,53451.06,141345.784
002792.SZ,20191226,26.53,26.88,26.38,26.65,26.61,0.03999999999999915,0.1503,32314.34,85802.147
002792.SZ,20191225,26.42,26.86,26.22,26.61,26.41,0.1999999999999993,0.7573,41995.84,111898.629
002792.SZ,20191224,26.1,26.41,25.94,26.41,25.9,0.5100000000000016,1.9691,27318.31,71584.47
002792.SZ,20191223,26.16,26.69,25.79,25.9,26.39,-0.490000000000002,-1.8568,45336.6,119156.083
002792.SZ,20191220,27.21,27.21,26.36,26.39,27.21,-0.8200000000000003,-3.0136,51109.75,136500.672
002792.SZ,20191219,26.69,27.4,26.65,27.21,26.89,0.3200000000000003,1.19,63229.84,171768.841
002792.SZ,20191218,26.8,27.19,26.6,26.89,26.7,0.19000000000000128,0.7116,73362.13,197874.423
002792.SZ,20191217,26.65,26.97,26.52,26.7,26.72,-0.019999999999999574,-0.0749,62310.61,166567.839
002792.SZ,20191216,25.96,26.76,25.93,26.72,25.91,0.8099999999999987,3.1262,78853.48,209032.961
002792.SZ,20191213,26.12,26.44,25.64,25.91,25.92,-0.010000000000001563,-0.0386,56108.21,145685.882
002792.SZ,20191212,26.07,26.39,25.85,25.92,25.95,-0.029999999999997584,-0.1156,44501.46,116116.627
002792.SZ,20191211,26.21,26.45,25.9,25.95,26.27,-0.3200000000000003,-1.2181,49174.44,128423.802
002792.SZ,20191210,26.31,26.43,25.83,26.27,26.35,-0.08000000000000185,-0.3036,49426.18,129493.915
002792.SZ,20191209,26.18,26.53,26.0,26.35,26.03,0.3200000000000003,1.2294,46063.65,121301.882
002792.SZ,20191206,25.8,26.18,25.59,26.03,25.72,0.3100000000000023,1.2053,47225.96,122561.024
002792.SZ,20191205,25.59,25.88,25.35,25.72,25.54,0.17999999999999972,0.7048,56195.14,144443.589
002792.SZ,20191204,24.99,25.66,24.9,25.54,25.26,0.2799999999999976,1.1085,43575.44,110870.426
002792.SZ,20191203,24.4,25.35,24.4,25.26,24.62,0.6400000000000006,2.5995,44065.21,110531.504
002792.SZ,20191202,24.48,24.75,24.25,24.62,24.3,0.3200000000000003,1.3169,23863.05,58757.124
002792.SZ,20191129,24.3,24.44,24.06,24.3,24.29,0.010000000000001563,0.0412,20115.0,48787.026
002792.SZ,20191128,24.0,24.32,23.8,24.29,24.0,0.28999999999999915,1.2083,21552.62,52174.801
002792.SZ,20191127,23.9,24.2,23.69,24.0,23.78,0.21999999999999886,0.9251,23677.0,56840.887
002792.SZ,20191126,23.99,24.18,23.7,23.78,23.92,-0.14000000000000057,-0.5853,18794.11,44933.917
002792.SZ,20191125,24.35,24.6,23.6,23.92,24.5,-0.5799999999999983,-2.3673,34167.7,81630.086
002792.SZ,20191122,24.89,25.28,24.15,24.5,24.7,-0.1999999999999993,-0.8097,41667.01,103086.841
002792.SZ,20191121,25.08,25.2,24.54,24.7,25.08,-0.379999999999999,-1.5152,32411.8,80620.822
002792.SZ,20191120,25.57,25.6,25.07,25.08,25.56,-0.4800000000000004,-1.8779,26981.6,68377.171
002792.SZ,20191119,25.08,25.68,24.95,25.56,25.06,0.5,1.9952,36133.89,91801.563
002792.SZ,20191118,24.95,25.35,24.84,25.06,25.03,0.029999999999997584,0.1199,21274.95,53311.55
002792.SZ,20191115,25.15,25.45,24.92,25.03,25.16,-0.129999999999999,-0.5167,29263.65,73732.712
002792.SZ,20191114,24.74,25.25,24.37,25.16,24.7,0.46000000000000085,1.8623,36901.54,91919.142
002792.SZ,20191113,24.74,24.99,24.56,24.7,24.8,-0.10000000000000142,-0.4032,26554.3,65740.898
002792.SZ,20191112,24.84,24.96,24.36,24.8,24.7,0.10000000000000142,0.4049,34351.03,84668.407
002792.SZ,20191111,25.73,25.73,24.5,24.7,25.94,-1.240000000000002,-4.7803,52987.43,133274.461
002792.SZ,20191108,26.2,26.46,25.86,25.94,26.06,-0.11999999999999744,-0.4605,41679.4,108946.876
002792.SZ,20191107,26.1,26.17,25.78,26.06,26.01,0.04999999999999716,0.1922,37192.76,96497.675
002792.SZ,20191106,26.86,26.95,25.69,26.01,26.93,-0.9199999999999982,-3.4163,64368.12,168990.067
002792.SZ,20191105,27.04,27.19,26.72,26.93,26.94,-0.010000000000001563,-0.0371,44280.05,119394.635
002792.SZ,20191104,27.5,27.5,26.86,26.94,27.21,-0.2699999999999996,-0.9923,73432.28,199157.606
002792.SZ,20191101,26.4,27.25,26.21,27.21,26.27,0.9400000000000013,3.5782,77518.72,208075.48
002792.SZ,20191031,26.22,26.72,26.16,26.27,26.21,0.05999999999999872,0.2289,44125.94,116708.947
002792.SZ,20191030,26.06,26.6,25.76,26.21,26.15,0.060000000000002274,0.2294,43086.0,112927.817
002792.SZ,20191029,26.6,26.89,26.14,26.15,26.57,-0.4200000000000017,-1.5807,50259.44,133095.714
002792.SZ,20191028,26.01,26.72,26.01,26.57,26.06,0.5100000000000016,1.957,44300.36,117293.037
002792.SZ,20191025,25.56,26.25,25.36,26.06,25.7,0.35999999999999943,1.4008,33730.5,87275.444
002792.SZ,20191024,25.63,26.06,25.15,25.7,25.88,-0.17999999999999972,-0.6955,29514.94,75546.021
002792.SZ,20191023,25.9,26.23,25.63,25.88,25.92,-0.0400000000000027,-0.1543,29502.4,76563.566
002792.SZ,20191022,25.6,25.95,25.46,25.92,25.42,0.5,1.967,31471.34,80929.5
002792.SZ,20191021,26.35,26.35,25.1,25.42,25.99,-0.5699999999999967,-2.1932,39107.43,99494.209
002792.SZ,20191018,26.75,26.98,25.91,25.99,26.65,-0.6600000000000001,-2.4765,40847.81,107950.983
002792.SZ,20191017,26.62,26.84,26.36,26.65,26.51,0.13999999999999702,0.5281,28146.93,74975.979
002792.SZ,20191016,26.88,27.25,26.48,26.51,26.62,-0.10999999999999943,-0.4132,37076.96,99448.986
002792.SZ,20191015,27.68,27.68,26.55,26.62,28.17,-1.5500000000000007,-5.5023,82772.65,223578.152
002792.SZ,20191014,27.45,28.19,27.06,28.17,27.1,1.0700000000000003,3.9483,80923.62,224002.904
002792.SZ,20191011,27.14,27.38,26.75,27.1,27.18,-0.0799999999999983,-0.2943,52325.45,141564.744
002792.SZ,20191010,26.31,27.27,26.14,27.18,26.31,0.870000000000001,3.3067,65821.64,177484.665
002792.SZ,20191009,25.91,26.36,25.38,26.31,25.9,0.41000000000000014,1.583,37177.07,96926.127
002792.SZ,20191008,26.57,26.7,25.82,25.9,26.45,-0.5500000000000007,-2.0794,36761.75,96203.163
002792.SZ,20190930,26.65,27.05,26.35,26.45,26.51,-0.060000000000002274,-0.2263,41086.43,109564.067
002792.SZ,20190927,26.33,27.0,26.03,26.51,26.09,0.4200000000000017,1.6098,65719.59,174699.744
002792.SZ,20190926,27.25,27.4,26.0,26.09,27.22,-1.129999999999999,-4.1514,74304.26,198284.924
002792.SZ,20190925,28.52,28.53,27.01,27.22,29.08,-1.8599999999999994,-6.3961,112865.81,312776.003
002792.SZ,20190924,28.64,29.38,28.4,29.08,28.64,0.4399999999999977,1.5363,121453.04,351747.894
002792.SZ,20190923,28.18,28.65,27.52,28.64,28.25,0.39000000000000057,1.3805,92653.12,262173.434
002792.SZ,20190920,28.3,28.6,27.98,28.25,28.23,0.019999999999999574,0.0708,83467.27,236121.532
002792.SZ,20190919,28.34,28.47,27.77,28.23,28.33,-0.09999999999999787,-0.353,71233.26,199837.096
002792.SZ,20190918,28.11,28.63,27.87,28.33,27.79,0.5399999999999991,1.9431,93255.99,263520.31
002792.SZ,20190917,28.09,28.26,27.38,27.79,28.24,-0.4499999999999993,-1.5935,77142.33,214826.834
002792.SZ,20190916,28.25,28.52,27.64,28.24,28.04,0.1999999999999993,0.7133,84220.28,237474.057
002792.SZ,20190912,28.26,28.38,27.72,28.04,28.01,0.029999999999997584,0.1071,75130.76,210485.634
002792.SZ,20190911,28.91,28.94,27.74,28.01,28.82,-0.8099999999999987,-2.8105,106354.22,300000.531
002792.SZ,20190910,29.98,29.98,28.38,28.82,29.91,-1.0899999999999999,-3.6443,138959.26,401307.403
002792.SZ,20190909,28.11,29.93,28.1,29.91,27.79,2.120000000000001,7.6286,166604.36,481858.701
002792.SZ,20190906,27.3,28.28,27.3,27.79,27.21,0.5799999999999983,2.1316,119256.87,331852.055
002792.SZ,20190905,26.63,28.08,26.53,27.21,26.66,0.5500000000000007,2.063,134061.95,365199.31
002792.SZ,20190904,26.2,26.98,26.17,26.66,26.02,0.6400000000000006,2.4596,100418.72,267012.823
002792.SZ,20190903,25.39,26.48,25.38,26.02,25.39,0.629999999999999,2.4813,102557.52,266571.911
002792.SZ,20190902,25.2,25.69,24.84,25.39,25.04,0.3500000000000014,1.3978,90306.96,228382.831
002792.SZ,20190830,26.09,26.36,24.89,25.04,26.71,-1.6700000000000017,-6.2523,172456.19,443838.379
002792.SZ,20190829,27.14,27.51,26.5,26.71,26.92,-0.21000000000000085,-0.7801,86085.46,232212.617
002792.SZ,20190828,26.78,27.34,26.71,26.92,27.17,-0.25,-0.9201,67433.0,182110.856
002792.SZ,20190827,27.7,28.2,27.02,27.17,27.53,-0.35999999999999943,-1.3077,96886.17,266654.26
002792.SZ,20190826,27.2,27.9,27.15,27.53,27.88,-0.34999999999999787,-1.2554,69761.16,192215.781
002792.SZ,20190823,27.71,28.3,27.28,27.88,27.88,0.0,0.0,93097.12,258367.654
002792.SZ,20190822,27.12,28.49,26.75,27.88,26.9,0.9800000000000004,3.6431,135446.48,375264.322
002792.SZ,20190821,25.98,26.96,25.65,26.9,26.07,0.8299999999999983,3.1837,105515.62,278484.592
002792.SZ,20190820,26.44,26.77,25.86,26.07,26.43,-0.35999999999999943,-1.3621,87670.7,229665.784
002792.SZ,20190819,25.77,26.56,25.42,26.43,25.4,1.0300000000000011,4.0551,111416.15,290670.141
002792.SZ,20190816,25.6,25.93,25.2,25.4,25.6,-0.20000000000000284,-0.7813,80336.41,205079.141
002792.SZ,20190815,24.21,25.6,24.01,25.6,25.11,0.490000000000002,1.9514,94356.22,233913.829
002792.SZ,20190814,26.3,26.48,24.92,25.11,25.74,-0.629999999999999,-2.4476,119157.31,305151.524
002792.SZ,20190813,24.99,25.74,24.7,25.74,25.2,0.5399999999999991,2.1429,105429.18,266355.306
002792.SZ,20190812,23.8,25.28,23.5,25.2,23.5,1.6999999999999993,7.234,97034.75,236767.071
002792.SZ,20190809,24.7,24.96,23.07,23.5,24.53,-1.0300000000000011,-4.1989,78013.72,188767.745
002792.SZ,20190808,24.0,24.68,23.72,24.53,24.05,0.4800000000000004,1.9958,59627.55,144412.127
002792.SZ,20190807,25.0,25.08,24.0,24.05,24.71,-0.6600000000000001,-2.671,69149.02,168540.282
002792.SZ,20190806,23.98,24.9,23.76,24.71,24.55,0.16000000000000014,0.6517,78496.79,190750.855
002792.SZ,20190805,24.86,25.48,24.45,24.55,24.84,-0.28999999999999915,-1.1675,69525.88,173506.789
002792.SZ,20190802,24.32,25.19,24.12,24.84,25.33,-0.48999999999999844,-1.9345,70729.65,175116.841
002792.SZ,20190801,24.82,25.45,24.76,25.33,24.95,0.379999999999999,1.523,74069.83,186032.659
002792.SZ,20190731,25.08,25.57,24.82,24.95,24.95,0.0,0.0,71610.07,180574.126
002792.SZ,20190730,25.16,25.76,24.86,24.95,25.33,-0.379999999999999,-1.5002,94876.98,239352.893
002792.SZ,20190729,24.61,25.47,24.56,25.33,24.68,0.6499999999999986,2.6337,99144.55,249154.344
002792.SZ,20190726,24.3,25.2,24.23,24.68,24.35,0.3299999999999983,1.3552,95457.63,236761.386
002792.SZ,20190725,24.01,24.6,23.9,24.35,24.18,0.1700000000000017,0.7031,95562.77,232342.666
002792.SZ,20190724,23.13,24.18,22.95,24.18,23.12,1.0599999999999987,4.5848,105959.79,252119.721
002792.SZ,20190723,22.82,23.18,22.7,23.12,22.64,0.4800000000000004,2.1201,46150.68,105772.206
002792.SZ,20190722,23.3,23.39,22.4,22.64,23.22,-0.5799999999999983,-2.4978,49142.82,112288.315
002792.SZ,20190719,23.8,24.02,23.2,23.22,23.81,-0.5899999999999999,-2.478,69171.94,163008.677
002792.SZ,20190718,23.2,24.28,23.1,23.81,23.5,0.3099999999999987,1.3191,92292.31,219941.346
002792.SZ,20190717,23.66,24.14,23.47,23.5,23.49,0.010000000000001563,0.0426,60226.83,143058.979
002792.SZ,20190716,23.45,23.96,23.35,23.49,23.41,0.0799999999999983,0.3417,67599.88,159826.208
002792.SZ,20190715,22.48,23.76,22.07,23.41,22.5,0.9100000000000001,4.0444,83275.58,193374.161
002792.SZ,20190712,22.35,22.65,22.05,22.5,22.41,0.08999999999999986,0.4016,32606.65,73218.138
002792.SZ,20190711,22.8,23.15,22.18,22.41,22.23,0.17999999999999972,0.8097,43911.28,99225.186
002792.SZ,20190710,22.61,22.72,21.88,22.23,22.48,-0.25,-1.1121,34521.9,76688.334
002792.SZ,20190709,22.06,22.65,22.06,22.48,22.23,0.25,1.1246,36534.31,81792.728
002792.SZ,20190708,23.0,23.0,21.9,22.23,23.07,-0.8399999999999999,-3.6411,53780.76,120241.126
002792.SZ,20190705,22.9,23.33,22.73,23.07,22.4,0.6700000000000017,2.9911,61546.96,142051.322
002792.SZ,20190704,23.02,23.11,22.26,22.4,23.03,-0.6300000000000026,-2.7356,47729.25,107655.75
002792.SZ,20190703,22.87,23.6,22.61,23.03,22.88,0.15000000000000213,0.6556,51270.53,118666.52
002792.SZ,20190702,23.43,23.45,22.84,22.88,23.57,-0.6900000000000013,-2.9275,63669.25,146528.214
002792.SZ,20190701,23.97,24.18,23.4,23.57,22.97,0.6000000000000014,2.6121,99769.11,236579.89
002792.SZ,20190628,23.27,23.45,22.73,22.97,23.46,-0.490000000000002,-2.0887,70000.55,160751.76
002792.SZ,20190627,23.01,23.85,23.01,23.46,23.38,0.08000000000000185,0.3422,124415.3,290978.072
002792.SZ,20190626,21.9,24.25,21.79,23.38,22.11,1.2699999999999996,5.744,138424.56,322593.639
002792.SZ,20190625,21.25,22.82,21.12,22.11,21.11,1.0,4.7371,110310.18,243086.112
002792.SZ,20190624,21.5,21.5,20.85,21.11,21.54,-0.4299999999999997,-1.9963,39371.79,83145.408
002792.SZ,20190621,21.55,22.0,21.36,21.54,21.5,0.03999999999999915,0.186,65266.36,140940.498
002792.SZ,20190620,20.87,21.65,20.33,21.5,21.14,0.35999999999999943,1.7029,61328.28,129313.805
002792.SZ,20190619,21.6,21.63,21.0,21.14,20.69,0.4499999999999993,2.175,57342.35,122520.643
002792.SZ,20190618,20.78,21.14,20.42,20.69,20.78,-0.08999999999999986,-0.4331,29597.6,61511.976
002792.SZ,20190617,20.8392,21.0922,20.493,20.7793,20.8858,-0.10650000000000048,-0.5099,23022.72,71872.802
002792.SZ,20190614,21.4717,21.6248,20.6927,20.8858,21.4517,-0.5658999999999992,-2.638,35697.94,112651.468
002792.SZ,20190613,21.3718,21.9644,21.2054,21.4517,21.7047,-0.2530000000000001,-1.1656,37115.93,119841.209
002792.SZ,20190612,21.5716,22.1508,21.3852,21.7047,21.7447,-0.0400000000000027,-0.184,54558.37,178413.632
002792.SZ,20190611,21.1521,21.7647,20.6794,21.7447,21.0389,0.7058,3.3547,65269.05,208621.82
002792.SZ,20190610,20.3598,21.4784,20.3132,21.0389,20.3066,0.7323000000000022,3.6062,57197.86,181179.273
002792.SZ,20190606,21.1654,21.1788,19.7939,20.3066,20.9258,-0.6191999999999993,-2.959,45734.98,139768.155
002792.SZ,20190605,21.2254,21.4784,20.4264,20.9258,20.8991,0.02669999999999817,0.1278,70464.56,222081.805
002792.SZ,20190604,20.5596,21.0856,20.24,20.8991,20.0336,0.8655000000000008,4.3202,72203.11,224642.517
002792.SZ,20190603,19.1481,20.7061,18.7886,20.0336,19.1082,0.9253999999999998,4.8429,57320.86,170640.917
002792.SZ,20190531,19.2413,19.5609,19.0749,19.1082,19.2413,-0.13309999999999889,-0.6917,22459.66,64992.988
002792.SZ,20190530,19.5076,19.5076,18.8884,19.2413,19.5942,-0.35290000000000177,-1.801,26234.54,75517.86
002792.SZ,20190529,19.2413,19.6674,19.0882,19.5942,18.975,0.6191999999999993,3.2632,30375.71,88685.721
002792.SZ,20190528,19.0749,19.3079,18.9084,18.975,19.0416,-0.06659999999999755,-0.3498,25160.21,72428.327
002792.SZ,20190527,18.2227,19.1747,18.2227,19.0416,18.2293,0.8123000000000005,4.456,25969.26,73171.373
002792.SZ,20190524,18.5822,18.8285,18.0496,18.2293,18.6088,-0.37950000000000017,-2.0394,24428.0,67540.226
002792.SZ,20190523,19.5076,19.5076,18.4424,18.6088,19.6608,-1.0519999999999996,-5.3507,35217.16,99861.821
002792.SZ,20190522,19.3545,20.1335,19.2946,19.6608,19.3811,0.2796999999999983,1.4432,34153.23,101402.749
002792.SZ,20190521,18.9018,19.7606,18.6488,19.3811,19.0416,0.339500000000001,1.7829,29583.74,85919.419
002792.SZ,20190520,19.228,19.4144,18.3092,19.0416,19.2347,-0.19310000000000116,-1.0039,36455.21,103028.523
002792.SZ,20190517,19.9737,20.4331,19.0416,19.2347,19.8605,-0.6257999999999981,-3.151,28134.0,83801.999
002792.SZ,20190516,20.0269,20.1068,19.5809,19.8605,20.0269,-0.166400000000003,-0.8309,19964.0,59375.258
002792.SZ,20190515,20.1734,20.3199,19.8938,20.0269,19.9004,0.12650000000000006,0.6357,22843.79,68921.738
002792.SZ,20190514,19.5409,20.3066,19.4411,19.9004,19.7939,0.10650000000000048,0.538,22556.42,67443.257
002792.SZ,20190513,19.461,20.0469,19.3745,19.7939,19.7074,0.08650000000000091,0.4389,21989.91,65189.461
002792.SZ,20190510,19.0882,19.8072,18.6421,19.7074,18.9217,0.7856999999999985,4.1524,37315.05,109103.904
002792.SZ,20190509,18.7153,19.1747,18.3758,18.9217,18.7553,0.166400000000003,0.8872,21758.45,61857.867
002792.SZ,20190508,18.3425,19.228,18.2626,18.7553,18.7287,0.026599999999998403,0.142,23157.61,65846.145
002792.SZ,20190507,18.6421,19.0416,18.1161,18.7287,18.6421,0.08660000000000068,0.4645,22715.92,63680.33
002792.SZ,20190506,19.9071,19.9071,18.6421,18.6421,20.7127,-2.0706000000000024,-9.9968,40156.81,115343.48
002792.SZ,20190430,21.3053,21.6914,20.4397,20.7127,21.2986,-0.5858999999999988,-2.7509,30807.8,97581.046
002792.SZ,20190429,22.3039,22.4105,21.1122,21.2986,21.9378,-0.6391999999999989,-2.9137,36102.75,117411.291
002792.SZ,20190426,22.3039,22.3705,21.3053,21.9378,22.4371,-0.49930000000000163,-2.2253,40225.71,133075.636
002792.SZ,20190425,22.3372,23.2827,22.1109,22.4371,22.6834,-0.24629999999999797,-1.0858,56658.62,193910.677
002792.SZ,20190424,22.5503,23.0829,22.4038,22.6834,22.5103,0.17309999999999803,0.769,35878.17,122495.212
002792.SZ,20190423,23.1162,23.1162,22.3572,22.5103,23.1162,-0.6058999999999983,-2.6211,41622.72,142296.872
002792.SZ,20190422,23.4757,24.3279,23.0563,23.1162,23.4824,-0.3661999999999992,-1.5595,61464.14,218312.411
002792.SZ,20190419,23.1029,23.8219,22.7034,23.4824,23.3293,0.15309999999999846,0.6563,58835.9,205383.854
002792.SZ,20190418,23.2094,24.015,22.77,23.3293,23.4691,-0.13980000000000103,-0.5957,78163.05,273736.842
002792.SZ,20190417,24.6276,24.8206,23.3492,23.4691,23.8686,-0.39949999999999974,-1.6737,131883.1,478286.415
002792.SZ,20190416,21.9711,23.8686,21.7713,23.8686,21.6981,2.1705000000000005,10.0032,115233.42,400229.011
002792.SZ,20190415,21.3053,22.5703,21.3053,21.6981,21.019,0.6791000000000018,3.2309,53299.82,176232.526
002792.SZ,20190412,21.1721,21.485,20.8259,21.019,21.2054,-0.18640000000000256,-0.879,19125.02,60499.012
002792.SZ,20190411,21.9045,21.9045,21.1921,21.2054,21.9045,-0.6990999999999978,-3.1916,27614.32,89036.828
002792.SZ,20190410,22.031,22.1708,21.5849,21.9045,21.9244,-0.019899999999999807,-0.0908,39007.12,128051.505
002792.SZ,20190409,20.8592,22.2041,20.726,21.9244,20.8259,1.0984999999999978,5.2747,67092.65,219199.636
002792.SZ,20190408,21.3053,21.5649,20.5329,20.8259,21.2587,-0.4328000000000003,-2.0359,29248.28,92359.428
002792.SZ,20190404,21.2986,21.4584,21.0922,21.2587,21.2587,0.0,0.0,27909.73,89176.647
002792.SZ,20190403,21.3053,21.4051,20.7726,21.2587,21.4917,-0.23300000000000054,-1.0841,31836.79,100986.158
002792.SZ,20190402,21.8978,21.8978,21.4118,21.4917,21.8512,-0.35949999999999704,-1.6452,43030.43,139563.705
002792.SZ,20190401,21.2653,21.9378,21.0922,21.8512,21.5316,0.31959999999999766,1.4843,60564.14,196279.196
002792.SZ,20190329,21.3053,21.758,21.0856,21.5316,21.4251,0.10650000000000048,0.4971,39025.18,125528.093
002792.SZ,20190328,20.4863,21.8113,20.4131,21.4251,20.4331,0.9920000000000009,4.8549,51686.27,165389.714
002792.SZ,20190327,20.6395,20.7327,19.9271,20.4331,20.5329,-0.09980000000000189,-0.486,35504.09,108039.559
002792.SZ,20190326,21.6049,22.1641,20.473,20.5329,21.6115,-1.078599999999998,-4.9909,48057.1,151458.89
002792.SZ,20190325,22.5703,22.5703,21.3718,21.6115,22.7767,-1.1652000000000022,-5.1158,54149.3,178387.531
002792.SZ,20190322,22.5636,22.9231,22.4105,22.7767,22.7167,0.060000000000002274,0.2641,29520.78,100410.539
002792.SZ,20190321,22.3905,23.0629,22.3772,22.7167,22.3905,0.32620000000000005,1.4569,38916.08,133484.13
002792.SZ,20190320,22.5703,22.7633,22.1708,22.3905,22.5703,-0.17980000000000018,-0.7966,23479.77,79020.804
002792.SZ,20190319,22.6568,22.9431,22.4837,22.5703,22.8566,-0.28630000000000067,-1.2526,26520.08,90308.84
002792.SZ,20190318,22.3173,22.8898,22.0643,22.8566,22.2041,0.6524999999999999,2.9386,33492.02,113767.855
002792.SZ,20190315,22.4304,22.4837,21.9178,22.2041,22.1375,0.0666000000000011,0.3008,26644.15,88960.246
002792.SZ,20190314,22.1175,22.6302,21.8446,22.1375,22.4304,-0.2928999999999995,-1.3058,28711.02,95682.008
002792.SZ,20190313,23.4558,23.4691,22.3239,22.4304,23.3759,-0.9455000000000027,-4.0448,47523.92,162813.836
002792.SZ,20190312,23.5889,23.9285,23.1428,23.3759,23.5157,-0.13979999999999748,-0.5945,63100.16,222435.408
002792.SZ,20190311,22.6368,23.6289,22.6368,23.5157,22.6368,0.878899999999998,3.8826,52296.24,181610.405
002792.SZ,20190308,22.6235,23.2893,22.0709,22.6368,23.0363,-0.39949999999999974,-1.7342,57997.26,199070.598
002792.SZ,20190307,23.6022,23.6289,22.77,23.0363,23.5756,-0.5393000000000008,-2.2875,65776.97,227996.164
002792.SZ,20190306,23.9684,23.9684,23.2827,23.5756,23.9751,-0.39949999999999974,-1.6663,64723.4,228835.952
002792.SZ,20190305,23.3026,23.9751,23.0363,23.9751,23.5024,0.4726999999999997,2.0113,60690.87,215578.889
002792.SZ,20190304,23.7687,23.9351,23.3426,23.5024,23.3026,0.19979999999999976,0.8574,69801.43,248177.701
002792.SZ,20190301,23.2361,23.3692,22.5103,23.3026,23.1695,0.13310000000000244,0.5745,47685.34,163886.024
002792.SZ,20190228,23.003,23.6156,22.8632,23.1695,23.4291,-0.25959999999999894,-1.108,41299.91,143942.785
002792.SZ,20190227,23.9684,23.9684,23.2361,23.4291,24.1548,-0.7257000000000033,-3.0044,66330.4,235247.959
002792.SZ,20190226,24.7674,25.1469,23.4558,24.1548,25.2001,-1.0452999999999975,-4.148,134404.02,486940.331
002792.SZ,20190225,24.8406,25.6728,24.4278,25.2001,24.288,0.9120999999999988,3.7554,100253.9,377637.444
002792.SZ,20190222,23.2361,24.4212,22.9764,24.288,23.2893,0.9986999999999995,4.2882,71736.86,257284.515
002792.SZ,20190221,22.6368,24.3346,22.5769,23.2893,22.8033,0.48600000000000065,2.1313,101397.79,358361.989
002792.SZ,20190220,22.7367,23.0696,22.0776,22.8033,22.7167,0.08660000000000068,0.3812,44942.9,152685.543
002792.SZ,20190219,23.2028,23.2361,22.4371,22.7167,23.1828,-0.46610000000000085,-2.0105,46356.66,158705.841
002792.SZ,20190218,22.77,23.2627,22.7434,23.1828,22.5769,0.6059000000000019,2.6837,55766.37,192418.051
002792.SZ,20190215,22.1908,23.3093,22.1908,22.5769,22.2241,0.35279999999999845,1.5875,49161.0,168369.998
002792.SZ,20190214,22.284,22.3439,21.9311,22.2241,22.4038,-0.17970000000000041,-0.8021,35039.38,116338.577
002792.SZ,20190213,21.8912,22.6235,21.7314,22.4038,21.9045,0.49930000000000163,2.2794,49486.3,165965.954
002792.SZ,20190212,21.8312,22.2573,21.6315,21.9045,21.9577,-0.05320000000000036,-0.2423,33496.64,110399.223
002792.SZ,20190211,21.3119,22.0709,21.0789,21.9577,21.1854,0.7722999999999978,3.6454,40616.15,132466.455
002792.SZ,20190201,20.5063,21.2254,20.5063,21.1854,20.4863,0.6991000000000014,3.4125,27815.11,87657.586
002792.SZ,20190131,20.1734,20.9591,20.1734,20.4863,20.1202,0.3660999999999994,1.8196,33359.37,103377.798
002792.SZ,20190130,20.6927,21.0256,20.1002,20.1202,20.9258,-0.8055999999999983,-3.8498,27900.63,86128.63
002792.SZ,20190129,20.4397,21.0722,20.0136,20.9258,20.5463,0.37950000000000017,1.847,36120.77,112327.259
002792.SZ,20190128,21.7713,21.9577,20.5463,20.5463,21.7979,-1.2515999999999998,-5.7418,57495.47,181597.908
002792.SZ,20190125,22.4371,22.4371,21.758,21.7979,22.284,-0.4861000000000004,-2.1814,29651.89,98447.941
002792.SZ,20190124,22.2707,22.497,21.8379,22.284,22.2374,0.046599999999997976,0.2096,28776.07,96163.093
002792.SZ,20190123,22.1708,22.3506,21.8113,22.2374,22.1908,0.04660000000000153,0.21,20828.83,69034.431
002792.SZ,20190122,22.5902,22.5969,22.011,22.1908,22.6368,-0.4460000000000015,-1.9702,32306.81,108257.06
002792.SZ,20190121,21.6382,22.8366,21.6382,22.6368,21.7513,0.8855000000000004,4.071,56494.7,191216.152
002792.SZ,20190118,21.5782,22.0376,21.2254,21.7513,21.5449,0.20640000000000214,0.958,39779.51,129533.139
002792.SZ,20190117,22.1042,22.2241,21.4051,21.5449,22.2507,-0.7058,-3.172,48194.73,157679.035
002792.SZ,20190116,22.264,22.9498,22.0776,22.2507,22.3372,-0.08650000000000091,-0.3872,37049.23,125374.853
002792.SZ,20190115,22.1042,22.517,21.8446,22.3372,22.537,-0.19979999999999976,-0.8865,44863.86,149595.882
002792.SZ,20190114,22.284,22.6235,21.8446,22.537,22.1109,0.42609999999999815,1.9271,50918.73,170329.737
002792.SZ,20190111,22.5037,23.8286,22.0909,22.1109,22.497,-0.386099999999999,-1.7162,76886.82,263972.705
002792.SZ,20190110,21.5383,22.8299,21.4917,22.497,21.505,0.9920000000000009,4.6129,69947.78,233511.768
002792.SZ,20190109,21.3053,22.2241,21.0323,21.505,21.4584,0.046599999999997976,0.2172,64897.66,211963.441
002792.SZ,20190108,21.6382,22.2241,21.1721,21.4584,21.6315,-0.17309999999999803,-0.8002,53399.92,173123.879
002792.SZ,20190107,20.7527,22.2573,20.7527,21.6315,20.6461,0.9853999999999985,4.7728,79823.3,258800.009
002792.SZ,20190104,19.8738,20.9457,19.6741,20.6461,20.3798,0.2663000000000011,1.3067,44370.3,136375.915
002792.SZ,20190103,21.3053,21.4384,20.24,20.3798,21.6115,-1.2317,-5.6993,66184.11,205880.666
002792.SZ,20190102,20.5196,21.8645,20.3732,21.6115,20.3865,1.2249999999999979,6.0089,78265.51,248911.691
002792.SZ,20181228,20.6594,20.9058,20.2001,20.3865,20.6062,-0.21969999999999956,-1.0662,46024.82,141707.152
002792.SZ,20181227,20.8392,21.4384,20.4198,20.6062,20.6128,-0.006599999999998829,-0.032,67039.94,210856.938
002792.SZ,20181226,21.0789,21.4717,20.5596,20.6128,21.3785,-0.7656999999999989,-3.5816,76641.99,241550.486
002792.SZ,20181225,19.6275,21.9045,19.5143,21.3785,19.967,1.4115000000000002,7.0692,103271.95,320179.042
002792.SZ,20181224,19.6674,20.1734,19.5076,19.967,19.3412,0.6257999999999981,3.2356,66746.65,199545.065
002792.SZ,20181221,19.0749,19.5076,19.0749,19.3412,19.2413,0.09990000000000165,0.5192,44554.11,129176.301
002792.SZ,20181220,18.4091,19.2546,18.3225,19.2413,18.4956,0.7456999999999994,4.0318,47666.77,135474.339
002792.SZ,20181219,18.7753,19.0749,18.4024,18.4956,18.702,-0.20640000000000214,-1.1036,29274.29,82352.918
002792.SZ,20181218,18.9217,19.208,18.3625,18.702,19.1614,-0.4593999999999987,-2.3975,38606.8,108551.831
002792.SZ,20181217,18.6421,19.3478,18.3092,19.1614,18.975,0.186399999999999,0.9823,41030.16,116292.298
002792.SZ,20181214,19.4211,19.5742,18.8352,18.975,19.6541,-0.6790999999999983,-3.4553,45480.1,131075.916
002792.SZ,20181213,19.2879,20.0469,19.1947,19.6541,19.3079,0.3461999999999996,1.793,69788.22,205327.813
002792.SZ,20181212,19.3878,19.4411,18.8552,19.3079,19.4277,-0.11980000000000146,-0.6166,51332.73,147656.259
002792.SZ,20181211,19.2147,19.9337,18.975,19.4277,18.8086,0.6191000000000031,3.2916,81579.92,237571.149
002792.SZ,20181210,18.5888,19.6474,18.5089,18.8086,18.5622,0.24639999999999773,1.3274,79775.06,228552.63
002792.SZ,20181207,18.1761,18.8884,18.1294,18.5622,17.6767,0.8855000000000004,5.0094,72430.1,202134.206
002792.SZ,20181206,18.3225,18.6421,17.4437,17.6767,19.0948,-1.418099999999999,-7.4266,88805.31,241330.779
002792.SZ,20181205,18.2293,19.4477,18.1161,19.0948,18.6088,0.48600000000000065,2.6117,71883.32,205743.113
002792.SZ,20181204,17.9097,18.8618,17.9031,18.6088,18.0562,0.5525999999999982,3.0604,68432.76,190574.569
002792.SZ,20181203,17.4304,18.2093,17.1441,18.0562,16.6581,1.3980999999999995,8.3929,71476.51,189297.678
002792.SZ,20181130,16.6381,16.8178,16.0655,16.6581,16.9443,-0.28619999999999735,-1.6891,43795.83,108729.097
002792.SZ,20181129,17.9896,18.4091,16.9111,16.9443,18.0429,-1.0986000000000011,-6.0888,60462.72,160151.32
002792.SZ,20181128,17.9697,18.3492,17.8298,18.0429,17.8831,0.1598000000000006,0.8936,66759.05,181964.413
002792.SZ,20181127,17.3838,18.1095,17.3838,17.8831,17.437,0.4460999999999977,2.5584,56526.5,151988.418
002792.SZ,20181126,16.9976,17.6767,16.8445,17.437,17.1641,0.2728999999999999,1.5899,25687.19,66901.822
002792.SZ,20181123,17.8831,18.1095,16.8312,17.1641,17.8898,-0.7256999999999998,-4.0565,32983.31,86319.915
002792.SZ,20181122,17.5036,18.196,17.4437,17.8898,17.4969,0.3929000000000009,2.2455,30275.82,81321.811
002792.SZ,20181121,17.1374,17.5436,17.1174,17.4969,17.3105,0.186399999999999,1.0768,15615.0,40767.649
002792.SZ,20181120,17.8898,17.8898,17.3039,17.3105,18.1761,-0.8656000000000006,-4.7623,40503.79,106532.432
002792.SZ,20181119,17.9896,18.5023,17.9097,18.1761,18.1361,0.0400000000000027,0.2206,35092.59,96312.578
002792.SZ,20181116,18.0296,18.1694,17.8432,18.1361,18.0296,0.10650000000000048,0.5907,23334.0,63123.89
002792.SZ,20181115,17.3438,18.0296,17.3438,18.0296,17.5103,0.5192999999999977,2.9657,33197.92,88403.879
002792.SZ,20181114,17.4836,17.9031,17.4503,17.5103,17.7433,-0.23300000000000054,-1.3132,21934.82,58207.405
002792.SZ,20181113,17.71,18.1095,17.4969,17.7433,17.9097,-0.16639999999999944,-0.9291,34222.8,91541.505
002792.SZ,20181112,17.5835,18.1627,17.4836,17.9097,17.5702,0.339500000000001,1.9322,41796.92,112748.86
002792.SZ,20181109,16.9111,18.2426,16.8578,17.5702,17.0975,0.4726999999999997,2.7647,47802.33,126759.022
002792.SZ,20181108,17.3638,17.4437,16.8312,17.0975,17.3638,-0.2663000000000011,-1.5337,26322.5,67811.873
002792.SZ,20181107,16.9776,17.7766,16.8778,17.3638,16.8578,0.5060000000000002,3.0016,56288.37,146548.68
002792.SZ,20181106,16.8445,16.9111,16.4517,16.8578,16.9577,-0.0998999999999981,-0.5891,35673.5,89365.003
002792.SZ,20181105,17.4703,17.6234,16.7912,16.9577,17.6301,-0.6723999999999997,-3.8139,41369.5,106275.265
002792.SZ,20181102,17.6168,17.7966,17.0642,17.6301,17.0842,0.5458999999999996,3.1954,50480.0,132360.994
002792.SZ,20181101,16.6581,17.204,16.5249,17.0842,16.7779,0.30630000000000024,1.8256,43024.16,109298.675
002792.SZ,20181031,16.192,16.8644,16.1521,16.7779,16.4716,0.30630000000000024,1.8596,35574.51,88562.187
002792.SZ,20181030,15.453,16.5515,14.7872,16.4716,15.6194,0.8521999999999981,5.456,53625.99,126803.046
002792.SZ,20181029,15.0136,15.9457,14.8138,15.6194,15.0868,0.5326000000000004,3.5302,40294.37,93791.653
002792.SZ,20181026,15.1334,15.4463,14.7406,15.0868,15.0069,0.0799000000000003,0.5324,32954.0,74898.321
002792.SZ,20181025,14.9669,15.0868,14.3811,15.0069,15.8458,-0.8389000000000006,-5.2941,55974.9,123947.143
002792.SZ,20181024,15.8125,16.0988,15.6527,15.8458,15.7792,0.0666000000000011,0.4221,16238.01,38768.146
002792.SZ,20181023,16.2786,16.3052,15.5994,15.7792,16.2586,-0.4794000000000018,-2.9486,24803.79,59431.201
002792.SZ,20181022,15.6594,16.4117,15.6594,16.2586,15.2998,0.9588000000000019,6.2667,41036.88,98993.66
002792.SZ,20181019,14.3677,15.5129,14.2213,15.2998,14.7539,0.5458999999999996,3.7,29140.92,65569.882
002792.SZ,20181018,15.2333,15.2466,14.7206,14.7539,15.4996,-0.7456999999999994,-4.8111,22036.31,49503.124
002792.SZ,20181017,15.3731,15.5728,14.4476,15.4996,15.1467,0.3529,2.3299,35791.11,81701.794
002792.SZ,20181016,15.5861,15.6927,14.6607,15.1467,15.5795,-0.4328000000000003,-2.778,24432.31,55716.902
002792.SZ,20181015,15.4796,16.1121,15.3331,15.5795,15.4729,0.10660000000000025,0.6889,27841.44,65824.113
002792.SZ,20181012,14.8471,15.5795,14.5408,15.4729,14.927,0.5458999999999996,3.6571,27280.71,61999.523
002792.SZ,20181011,15.8791,16.1387,14.8804,14.927,16.5316,-1.6046000000000014,-9.7063,30980.0,72200.088
002792.SZ,20181010,16.6447,16.8245,16.1387,16.5316,16.6447,-0.11309999999999931,-0.6795,21967.62,54460.442
002792.SZ,20181009,16.8644,16.9976,16.4317,16.6447,16.8511,-0.20639999999999858,-1.2248,21676.74,54440.864
002792.SZ,20181008,17.7633,17.7633,16.7979,16.8511,18.1428,-1.2917000000000023,-7.1196,27138.46,70334.105
002792.SZ,20180928,18.742,18.7619,17.8764,18.1428,18.6421,-0.4992999999999981,-2.6783,22872.35,62452.78
002792.SZ,20180927,18.6288,19.1881,18.4956,18.6421,18.6421,0.0,0.0,30721.54,86962.258
002792.SZ,20180926,19.0948,19.3079,18.5755,18.6421,19.0948,-0.4527000000000001,-2.3708,29822.16,84426.36
002792.SZ,20180925,19.1414,19.4411,18.8685,19.0948,19.1414,-0.04660000000000153,-0.2435,17671.0,50713.237
002792.SZ,20180921,19.1747,19.2946,18.7287,19.1414,19.1548,-0.013400000000000745,-0.07,26224.79,74846.011
002792.SZ,20180920,19.1082,19.8339,19.0815,19.1548,19.2813,-0.12650000000000006,-0.6561,18469.5,53901.524
002792.SZ,20180919,19.501,19.6741,18.9883,19.2813,19.5076,-0.2262999999999984,-1.1601,28115.41,81654.65
002792.SZ,20180918,19.1414,19.6341,18.7287,19.5076,19.2613,0.24630000000000152,1.2787,24937.69,71948.391
002792.SZ,20180917,18.3026,19.5076,18.216,19.2613,18.7753,0.4859999999999971,2.5885,32188.54,92303.324
002792.SZ,20180914,19.8405,19.8405,18.6088,18.7753,19.8472,-1.0718999999999994,-5.4008,38836.1,111716.466
002792.SZ,20180913,20.1734,20.5396,19.228,19.8472,19.8206,0.026600000000001955,0.1342,41704.27,123778.01
002792.SZ,20180912,19.8339,20.2933,19.501,19.8206,19.8405,-0.019899999999999807,-0.1003,24962.14,73986.609
002792.SZ,20180911,18.975,20.1468,18.8618,19.8405,18.8951,0.9453999999999994,5.0034,40559.69,119860.598
002792.SZ,20180910,19.0416,19.5609,18.7153,18.8951,19.2413,-0.3461999999999996,-1.7993,24692.29,70995.393
002792.SZ,20180907,19.8738,20.0935,18.5622,19.2413,19.8738,-0.6325000000000003,-3.1826,34483.69,100736.7
002792.SZ,20180906,19.2546,20.3066,19.2413,19.8738,19.3745,0.4992999999999981,2.5771,48601.52,145038.109
002792.SZ,20180905,19.7407,20.2001,19.3079,19.3745,19.6874,-0.31289999999999907,-1.5893,52764.79,156750.708
002792.SZ,20180904,18.7087,20.3598,18.6088,19.6874,18.6421,1.045300000000001,5.6072,55445.54,163720.99
002792.SZ,20180903,18.3758,18.8019,17.71,18.6421,18.8818,-0.23969999999999914,-1.2695,40962.73,112020.236
002792.SZ,20180831,18.742,19.2413,18.6554,18.8818,18.9084,-0.026600000000001955,-0.1407,29212.29,83315.649
002792.SZ,20180830,19.2347,19.3612,18.4357,18.9084,19.3612,-0.45279999999999987,-2.3387,47969.29,136178.147
002792.SZ,20180829,19.3545,19.6208,19.0416,19.3612,19.1747,0.18649999999999878,0.9726,31456.0,91390.824
002792.SZ,20180828,19.4743,19.9471,19.0616,19.1747,19.4411,-0.2663999999999973,-1.3703,48530.7,141038.902
002792.SZ,20180827,18.1761,19.5942,18.1561,19.4411,17.9097,1.5313999999999979,8.5507,67829.25,195039.37
002792.SZ,20180824,18.1095,18.6288,17.8165,17.9097,18.3425,-0.4328000000000003,-2.3595,47017.85,128458.452
002792.SZ,20180823,18.3026,18.7686,17.983,18.3425,18.3092,0.03330000000000055,0.1819,40883.92,113283.607
002792.SZ,20180822,17.7766,18.7087,17.71,18.3092,18.0962,0.21300000000000097,1.177,53520.58,147237.856
002792.SZ,20180821,17.8432,18.8884,17.6168,18.0962,18.0962,0.0,0.0,66559.64,181620.695
002792.SZ,20180820,16.9044,18.2493,16.7113,18.0962,16.7446,1.3516000000000012,8.0719,72773.46,190679.883
002792.SZ,20180817,16.9776,17.4104,16.5848,16.7446,16.5382,0.20639999999999858,1.248,44712.28,113505.92
002792.SZ,20180816,15.9124,17.69,15.8325,16.5382,16.2453,0.2928999999999995,1.803,70902.26,179191.531
002792.SZ,20180815,15.4796,16.7446,15.4796,16.2453,15.5129,0.7324000000000002,4.7212,82339.65,201025.008
002792.SZ,20180814,15.6461,15.8924,15.4397,15.5129,15.9723,-0.4594000000000005,-2.8762,40527.12,95171.348
002792.SZ,20180813,14.694,15.9789,14.6141,15.9723,14.8871,1.0852000000000004,7.2895,63721.1,147727.324
002792.SZ,20180810,14.927,15.0202,14.674,14.8871,15.1201,-0.23300000000000054,-1.541,30487.11,67914.901
002792.SZ,20180809,14.3145,15.6327,14.2412,15.1201,14.674,0.4461000000000013,3.0401,45496.65,102464.71
002792.SZ,20180808,15.3065,15.7326,14.5941,14.674,14.3012,0.3727999999999998,2.6068,41584.11,94943.386
002792.SZ,20180807,14.2346,14.3145,13.915,14.3012,14.2013,0.09989999999999988,0.7035,15090.61,32193.881
002792.SZ,20180806,14.2812,14.2812,13.8684,14.2013,14.3278,-0.12650000000000006,-0.8829,12277.52,25886.743
002792.SZ,20180803,14.4143,14.4876,14.0881,14.3278,14.421,-0.0931999999999995,-0.6463,8522.0,18210.387
002792.SZ,20180802,14.9736,15.1401,13.9882,14.421,15.0202,-0.5992000000000015,-3.9893,14877.06,32216.72
002792.SZ,20180801,15.0934,15.2932,14.8604,15.0202,15.1001,-0.07989999999999853,-0.5291,11863.0,26770.507
002792.SZ,20180731,15.1467,15.2399,14.8671,15.1001,15.1467,-0.04659999999999975,-0.3077,8872.0,20046.563
002792.SZ,20180730,15.5062,15.686,14.9936,15.1467,15.5129,-0.36620000000000097,-2.3606,15429.5,35449.1
002792.SZ,20180727,15.3931,15.8391,15.3797,15.5129,15.4929,0.019999999999999574,0.1291,10737.04,25115.345
002792.SZ,20180726,15.6793,15.7326,15.3797,15.4929,15.706,-0.21309999999999896,-1.3568,10952.0,25457.785
002792.SZ,20180725,15.7659,16.0788,15.6194,15.706,15.7259,-0.019899999999999807,-0.1265,18453.5,43820.566
002792.SZ,20180724,15.5395,15.7925,15.413,15.7259,15.5462,0.17969999999999864,1.1559,16818.0,39556.858
002792.SZ,20180723,15.2998,15.5795,15.2333,15.5462,15.433,0.11320000000000086,0.7335,14927.15,34641.206
002792.SZ,20180720,15.433,15.706,15.2466,15.433,15.6394,-0.20640000000000036,-1.3197,19868.5,45963.096
002792.SZ,20180719,15.7526,16.2652,15.4729,15.6394,15.6327,0.006700000000000372,0.0429,38778.5,91839.373
002792.SZ,20180718,15.5129,15.7126,15.2998,15.6327,15.433,0.1997,1.294,25301.44,58661.859
002792.SZ,20180717,15.3531,15.5062,15.1867,15.433,15.3864,0.04659999999999975,0.3029,19714.0,45505.942
002792.SZ,20180716,15.2,15.5728,15.1001,15.3864,15.2133,0.1730999999999998,1.1378,24017.11,55538.631
002792.SZ,20180713,15.0269,15.2266,14.9137,15.2133,15.1068,0.10650000000000048,0.705,19198.0,43392.174
002792.SZ,20180712,14.8538,15.2266,14.8538,15.1068,14.6673,0.43950000000000067,2.9965,29168.5,65943.016
002792.SZ,20180711,14.7805,15.1001,14.5142,14.6673,15.0136,-0.34630000000000116,-2.3066,18610.0,41104.87
002792.SZ,20180710,14.8471,15.2865,14.7872,15.0136,14.8005,0.21310000000000073,1.4398,21694.62,48862.317
002792.SZ,20180709,14.7472,14.9137,14.6008,14.8005,14.9669,-0.1664000000000012,-1.1118,19842.5,44037.889
002792.SZ,20180706,16.0655,16.1121,14.3811,14.9669,15.9789,-1.0119999999999987,-6.3334,52087.85,118138.306
002792.SZ,20180705,16.2786,16.8045,15.919,15.9789,16.6048,-0.6259000000000015,-3.7694,24584.12,60192.721
002792.SZ,20180704,16.4517,17.2439,16.445,16.6048,16.3784,0.2264000000000017,1.3823,43962.66,110838.691
002792.SZ,20180703,16.1521,16.3784,15.9923,16.3784,16.1054,0.2729999999999997,1.6951,26343.0,64167.174
002792.SZ,20180702,16.3052,16.4383,16.0588,16.1054,16.3185,-0.21310000000000073,-1.3059,17754.0,43105.475
002792.SZ,20180629,15.9656,16.4051,15.8524,16.3185,16.0056,0.31289999999999907,1.9549,31729.02,76859.631
002792.SZ,20180628,16.0736,16.2464,15.8411,16.0072,16.0736,-0.06639999999999802,-0.4131,17751.5,42876.012
002792.SZ,20180627,16.1135,16.3461,16.0138,16.0736,16.2331,-0.1595000000000013,-0.9826,17591.5,42708.927
002792.SZ,20180626,16.4789,16.4789,16.0138,16.2331,16.6118,-0.3786999999999985,-2.2797,21159.0,51727.162
002792.SZ,20180625,16.7314,16.9175,16.5122,16.6118,16.7182,-0.10640000000000072,-0.6364,17602.0,44118.066
002792.SZ,20180622,16.8112,16.9441,16.4191,16.7182,16.9109,-0.1927000000000021,-1.1395,17968.0,45066.215
002792.SZ,20180621,17.3428,17.4889,16.6716,16.9109,17.4092,-0.49829999999999686,-2.8623,26574.62,68526.873
002792.SZ,20180620,17.376,17.5421,17.0836,17.4092,17.5089,-0.09970000000000212,-0.5694,20296.5,52893.577
002792.SZ,20180619,17.8611,17.8611,16.2862,17.5089,18.0405,-0.531600000000001,-2.9467,39927.0,103867.551
002792.SZ,20180615,18.3063,18.4059,17.7016,18.0405,18.1933,-0.15279999999999916,-0.8399,30672.0,83336.709
002792.SZ,20180614,18.1003,18.273,17.9076,18.1933,18.1667,0.026600000000001955,0.1464,21068.5,57326.574
002792.SZ,20180613,18.3661,18.572,18.0072,18.1667,18.3727,-0.20599999999999952,-1.1212,20360.46,55851.708
002792.SZ,20180612,18.2398,18.4724,18.1202,18.3727,18.2398,0.13289999999999935,0.7286,23098.48,63569.458
002792.SZ,20180611,18.0405,18.2398,17.7016,18.2398,18.0604,0.17939999999999756,0.9933,17044.0,46280.71
002792.SZ,20180608,18.0405,18.18,17.8743,18.0604,18.0538,0.006600000000002382,0.0366,24989.41,67782.922
002792.SZ,20180607,18.0405,18.3262,17.9142,18.0538,18.0405,0.013299999999997425,0.0737,14599.0,39607.223
002792.SZ,20180606,18.087,18.2664,17.9474,18.0405,18.067,-0.026499999999998636,-0.1467,16707.5,45363.931
002792.SZ,20180605,17.8478,18.2531,17.7747,18.067,17.8478,0.21920000000000073,1.2282,17872.18,48338.125
002792.SZ,20180604,18.0405,18.0405,17.3959,17.8478,17.8411,0.006699999999998596,0.0376,13681.0,36617.963
002792.SZ,20180601,18.0405,18.1734,17.675,17.8411,18.0405,-0.1994000000000007,-1.1053,15221.0,40870.137
002792.SZ,20180531,18.0139,18.293,17.974,18.0405,17.9541,0.08640000000000114,0.4812,16092.14,43771.615
002792.SZ,20180530,18.5986,18.7714,17.2896,17.9541,18.7182,-0.7640999999999991,-4.0821,28524.0,77472.504
002792.SZ,20180529,18.8578,19.0372,18.5122,18.7182,18.8644,-0.14620000000000033,-0.775,22252.5,62765.789
002792.SZ,20180528,18.9707,19.2232,18.6584,18.8644,19.0704,-0.20599999999999952,-1.0802,21742.62,61833.1
002792.SZ,20180525,19.6352,19.7216,18.9707,19.0704,19.6086,-0.5381999999999998,-2.7447,24341.64,70220.072
002792.SZ,20180524,19.9674,19.9674,19.5887,19.6086,19.788,-0.17940000000000111,-0.9066,20150.52,59740.622
002792.SZ,20180523,19.7016,20.2598,19.6286,19.788,20.1668,-0.37879999999999825,-1.8783,36366.01,108638.231
002792.SZ,20180522,19.4691,20.4658,19.4691,20.1668,19.303,0.8637999999999977,4.475,65635.03,198565.883
002792.SZ,20180521,19.2033,19.5023,19.0837,19.303,19.0372,0.26580000000000226,1.3962,22458.62,65309.549
002792.SZ,20180518,19.0704,19.1834,18.9109,19.0372,18.9907,0.04649999999999821,0.2449,12374.5,35458.066
002792.SZ,20180517,19.1036,19.2564,18.8245,18.9907,19.097,-0.10630000000000095,-0.5566,16002.64,45708.215
002792.SZ,20180516,19.2033,19.3362,18.9441,19.097,19.303,-0.20599999999999952,-1.0672,17556.52,50497.628
002792.SZ,20180515,19.6684,19.9143,18.8511,19.303,19.6086,-0.3055999999999983,-1.5585,38050.37,109619.403
002792.SZ,20180514,19.8279,20.0605,19.5156,19.6086,19.808,-0.1994000000000007,-1.0067,35055.62,104605.661
002792.SZ,20180511,19.8345,20.1136,19.6352,19.808,19.8345,-0.026499999999998636,-0.1336,23173.63,69073.062
002792.SZ,20180510,19.7083,20.2399,19.5488,19.8345,19.7083,0.1261999999999972,0.6403,27128.0,81167.767
002792.SZ,20180509,19.7747,19.9276,19.5355,19.7083,19.6884,0.019899999999999807,0.1011,24684.05,73327.149
002792.SZ,20180508,19.5156,19.788,19.3827,19.6884,19.4957,0.1927000000000021,0.9884,25398.15,74792.182
002792.SZ,20180507,19.2033,19.5688,19.2033,19.4957,19.2963,0.1994000000000007,1.0334,19726.38,57726.073
002792.SZ,20180504,19.1103,19.7681,18.9508,19.2963,19.2697,0.026599999999998403,0.138,24123.34,70183.643
002792.SZ,20180503,19.4624,19.6551,18.9109,19.2697,19.2564,0.013300000000000978,0.0691,23051.88,66481.479
002792.SZ,20180502,19.5023,19.7349,19.0505,19.2564,19.6817,-0.4253,-2.1609,28029.81,81877.915
002792.SZ,20180427,19.4691,20.1203,19.4691,19.6817,19.8545,-0.17280000000000229,-0.8703,31681.21,93972.191
002792.SZ,20180426,19.9209,20.3861,19.6286,19.8545,20.1668,-0.3122999999999969,-1.5486,45678.98,136578.297
002792.SZ,20180425,19.2365,20.592,19.2232,20.1668,19.3628,0.8039999999999985,4.1523,85588.8,257857.077
002792.SZ,20180424,19.0372,19.4691,18.6784,19.3628,18.9907,0.37209999999999965,1.9594,34497.53,99329.689
002792.SZ,20180423,19.0372,19.2166,18.6584,18.9907,19.0372,-0.04649999999999821,-0.2443,28860.76,82405.64
002792.SZ,20180420,19.1435,19.3295,18.7913,19.0372,19.3295,-0.2923000000000009,-1.5122,32010.15,91668.236
002792.SZ,20180419,19.2764,19.5953,19.1103,19.3295,19.8345,-0.504999999999999,-2.5461,52067.12,151717.927
002792.SZ,20180418,19.2631,20.0339,18.4524,19.8345,19.3694,0.4650999999999996,2.4012,89431.56,259028.132
002792.SZ,20180417,18.8046,20.1269,18.6385,19.3694,18.7913,0.5780999999999992,3.0764,74128.41,214791.198
002792.SZ,20180416,18.7382,19.1169,18.5255,18.7913,18.8245,-0.033200000000000784,-0.1764,22475.76,63495.888
002792.SZ,20180413,19.19,19.19,18.7514,18.8245,18.9176,-0.09309999999999974,-0.4921,22923.48,65228.739
002792.SZ,20180412,18.5521,19.0704,18.3395,18.9176,18.7182,0.1994000000000007,1.0653,36114.94,101728.029
002792.SZ,20180411,18.8046,18.8312,18.5122,18.7182,18.6385,0.079699999999999,0.4276,32448.49,91254.705
002792.SZ,20180410,18.5322,18.7049,18.1202,18.6385,18.3793,0.2591999999999999,1.4103,34269.97,94951.868
002792.SZ,20180409,18.2597,18.3793,17.5753,18.3793,18.3661,0.01320000000000121,0.0719,28462.0,77186.988
002792.SZ,20180404,18.3926,18.7315,18.087,18.3661,18.4391,-0.0730000000000004,-0.3959,28136.45,77864.102
002792.SZ,20180403,18.3727,18.5388,17.8345,18.4391,18.7116,-0.27250000000000085,-1.4563,29841.5,81784.893
002792.SZ,20180402,17.881,18.9309,17.7282,18.7116,17.8611,0.8505000000000003,4.7617,42593.46,118681.234
002792.SZ,20180330,17.3095,17.9275,17.3029,17.8611,18.0737,-0.21259999999999835,-1.1763,32849.19,87194.051
002792.SZ,20180329,18.0737,18.4724,17.8611,18.0737,17.9076,0.16610000000000014,0.9275,15859.53,43280.108
002792.SZ,20180328,17.582,18.2597,17.2763,17.9076,17.788,0.11959999999999837,0.6724,18030.87,48666.439
002792.SZ,20180327,17.3162,17.8411,17.3162,17.788,17.1634,0.6246000000000009,3.6391,19408.51,51679.861
002792.SZ,20180326,16.6052,17.2165,15.8809,17.1634,17.0039,0.15949999999999775,0.938,21940.51,55064.782
002792.SZ,20180323,17.6617,18.1401,16.9241,17.0039,18.8046,-1.800699999999999,-9.5758,32129.55,84242.415
002792.SZ,20180322,18.9973,19.1236,18.6053,18.8046,18.8976,-0.09299999999999997,-0.4921,16319.31,46271.677
002792.SZ,20180321,18.9574,19.3694,18.6717,18.8976,18.9375,-0.03989999999999938,-0.2107,21120.82,60759.032
002792.SZ,20180320,18.6717,18.9375,18.4059,18.9375,18.7847,0.15279999999999916,0.8134,17429.83,49086.325
002792.SZ,20180319,18.9309,19.1435,18.7249,18.7847,18.8578,-0.07310000000000016,-0.3876,13140.75,37503.814
002792.SZ,20180316,18.8644,18.9907,18.6717,18.8578,18.9375,-0.079699999999999,-0.4209,12189.75,34567.368
002792.SZ,20180315,19.4957,19.4957,18.5122,18.9375,19.3495,-0.41199999999999903,-2.1293,23999.81,68361.532
002792.SZ,20180314,19.5222,19.6618,19.1701,19.3495,19.5488,-0.19930000000000092,-1.0195,17414.28,50724.881
002792.SZ,20180313,19.602,19.7814,19.3428,19.5488,19.8013,-0.2525000000000013,-1.2752,20755.61,60951.384
002792.SZ,20180312,19.4425,19.8478,19.1501,19.8013,19.3362,0.4650999999999996,2.4053,39097.66,114730.721
002792.SZ,20180309,18.3395,19.4359,18.3395,19.3362,18.3262,1.0100000000000016,5.5112,40803.54,116369.091
002792.SZ,20180308,18.1933,18.4724,18.1933,18.3262,18.273,0.05320000000000036,0.2911,13395.75,36893.773
002792.SZ,20180307,18.8179,18.8179,18.2531,18.273,18.8046,-0.531600000000001,-2.827,19712.96,55040.422
002792.SZ,20180306,18.4192,19.0571,18.2797,18.8046,18.4126,0.39199999999999946,2.129,28646.26,80947.285
002792.SZ,20180305,18.1136,18.4657,18.0006,18.4126,18.1667,0.24590000000000245,1.3536,19542.0,53579.676
002792.SZ,20180302,17.9474,18.5853,17.9474,18.1667,18.1468,0.019899999999999807,0.1097,26461.5,72743.808
002792.SZ,20180301,17.6816,18.3063,17.6019,18.1468,17.8611,0.2856999999999985,1.5996,29248.96,79583.988
002792.SZ,20180228,17.7282,18.0006,17.3494,17.8611,17.8611,0.0,0.0,18338.37,49051.992
002792.SZ,20180227,17.8743,18.2132,17.8411,17.8611,18.1667,-0.3055999999999983,-1.6822,34757.64,93978.698
002792.SZ,20180226,17.2165,18.2531,16.3261,18.1667,17.3428,0.8238999999999983,4.7507,53502.93,140220.352
002792.SZ,20180223,17.5089,17.675,17.3095,17.3428,17.562,-0.21920000000000073,-1.2481,14277.38,37455.968
002792.SZ,20180222,17.1766,17.5753,17.0903,17.562,17.0703,0.4917000000000016,2.8804,14482.37,37945.478
002792.SZ,20180214,17.0969,17.1634,16.8511,17.0703,17.0969,-0.026600000000001955,-0.1556,8695.86,22161.078
002792.SZ,20180213,17.2431,17.2763,17.0039,17.0969,17.1899,-0.09299999999999997,-0.541,11968.0,30818.842
002792.SZ,20180212,17.0039,17.3361,16.7514,17.1899,16.6517,0.5381999999999998,3.2321,16280.94,41841.994
002792.SZ,20180209,16.552,17.0504,16.2796,16.6517,17.1102,-0.45849999999999724,-2.6797,18803.33,47188.08
002792.SZ,20180208,16.2397,17.2697,16.0869,17.1102,16.6916,0.41859999999999786,2.5078,22264.02,56756.788
002792.SZ,20180207,16.5454,16.9241,15.8211,16.6916,16.1068,0.5848000000000013,3.6308,21961.88,54302.346
002792.SZ,20180206,17.4757,17.4757,16.067,16.1068,17.5089,-1.4021000000000008,-8.0079,23556.88,59532.242
002792.SZ,20180205,16.8577,17.5355,16.6982,17.5089,17.3361,0.17280000000000229,0.9968,21421.24,55737.972
002792.SZ,20180202,18.9176,19.1568,17.1501,17.3361,19.0571,-1.721,-9.0308,45731.56,121735.584
002792.SZ,20180201,20.3728,20.5854,18.9375,19.0571,20.3661,-1.309000000000001,-6.4273,18310.16,54395.965
002792.SZ,20180131,20.7781,20.7781,20.2664,20.3661,20.6053,-0.2392000000000003,-1.1609,11689.66,35931.103
002792.SZ,20180130,20.499,20.705,20.4724,20.6053,20.6585,-0.05320000000000036,-0.2575,8646.71,26764.813
002792.SZ,20180129,21.6951,21.7682,20.4525,20.6585,21.6818,-1.023299999999999,-4.7196,26623.16,83671.209
002792.SZ,20180126,21.7283,21.9808,21.6353,21.6818,21.8678,-0.18599999999999994,-0.8506,9469.21,31044.129
002792.SZ,20180125,21.9276,22.3263,21.8612,21.8678,22.0938,-0.22600000000000264,-1.0229,14634.02,48606.861
002792.SZ,20180124,21.9011,22.1137,21.6552,22.0938,21.9011,0.1927000000000021,0.8799,17113.01,56536.883
002792.SZ,20180123,22.0074,22.1668,21.8612,21.9011,22.0074,-0.10630000000000095,-0.483,9873.05,32643.407
002792.SZ,20180122,21.828,22.1004,21.509,22.0074,21.8745,0.13289999999999935,0.6076,13224.1,43530.758
002792.SZ,20180119,21.7814,22.0472,21.7283,21.8745,21.7947,0.07980000000000231,0.3661,10444.55,34384.339
002792.SZ,20180118,21.921,22.0938,21.6419,21.7947,21.9808,-0.1860999999999997,-0.8466,11638.46,38273.484
002792.SZ,20180117,21.8745,22.1403,21.2632,21.9808,21.808,0.17279999999999873,0.7924,20825.71,68145.971
002792.SZ,20180116,21.4226,22.127,21.4226,21.808,21.6818,0.12620000000000076,0.5821,16158.08,53016.332
002792.SZ,20180115,22.7914,22.7914,21.6618,21.6818,22.9908,-1.309000000000001,-5.6936,34189.64,114439.411
002792.SZ,20180112,23.343,23.4094,22.8579,22.9908,23.4426,-0.45179999999999865,-1.9273,21061.52,73309.146
002792.SZ,20180111,23.2699,23.6486,22.8579,23.4426,23.2699,0.17269999999999897,0.7422,22627.57,79692.215
002792.SZ,20180110,23.5556,23.6553,23.1237,23.2699,23.7018,-0.43189999999999884,-1.8222,18690.0,65645.09
002792.SZ,20180109,23.4227,23.735,23.0905,23.7018,23.4958,0.20599999999999952,0.8768,27098.0,95438.314
002792.SZ,20180108,23.6486,23.6486,23.1702,23.4958,23.7084,-0.2126000000000019,-0.8967,23630.5,82981.305
002792.SZ,20180105,24.2201,24.2201,23.6287,23.7084,24.2201,-0.5116999999999976,-2.1127,25122.48,90144.055
002792.SZ,20180104,24.0872,24.3795,24.0274,24.2201,24.2732,-0.05310000000000059,-0.2188,22479.63,81701.124
002792.SZ,20180103,23.8679,24.4593,23.7882,24.2732,23.9277,0.3454999999999977,1.4439,31705.1,115374.845
002792.SZ,20180102,23.6553,23.9742,23.4426,23.9277,23.622,0.30570000000000164,1.2941,19293.0,68861.853
002792.SZ,20171229,23.5888,23.7882,23.4493,23.622,23.4493,0.17269999999999897,0.7365,16141.33,57476.329
002792.SZ,20171228,23.4161,24.0539,23.2898,23.4493,23.4161,0.033200000000000784,0.1418,26956.13,95947.399
002792.SZ,20171227,24.4393,24.4859,23.2699,23.4161,24.4859,-1.0698000000000008,-4.369,41690.5,150147.673
002792.SZ,20171226,24.2466,24.6719,24.1868,24.4859,24.1868,0.29909999999999926,1.2366,23898.91,87964.152
002792.SZ,20171225,25.6553,25.8414,24.1536,24.1868,25.8945,-1.707699999999999,-6.5948,60603.0,224764.921
002792.SZ,20171222,26.1736,26.2002,25.5822,25.8945,26.2068,-0.31230000000000047,-1.1917,39990.16,155499.059
002792.SZ,20171221,25.6354,26.4195,25.1836,26.2068,25.6487,0.5580999999999996,2.1759,62468.82,244131.647
002792.SZ,20171220,26.3132,26.3132,25.5955,25.6487,26.4859,-0.8371999999999993,-3.1609,36796.08,143617.807
002792.SZ,20171219,26.1404,26.4859,25.5822,26.4859,26.1271,0.35880000000000223,1.3733,52320.18,205618.008
002792.SZ,20171218,25.9012,26.3663,25.4959,26.1271,26.0009,0.1261999999999972,0.4854,44640.55,174238.386
002792.SZ,20171215,26.9776,26.9776,25.9145,26.0009,27.1105,-1.1095999999999968,-4.0929,67798.06,269671.53
002792.SZ,20171214,26.3796,27.1105,26.0872,27.1105,26.3464,0.7640999999999991,2.9002,82191.72,329016.395
002792.SZ,20171213,26.054,26.8381,25.9145,26.3464,26.0407,0.3056999999999981,1.1739,81778.05,324911.876
002792.SZ,20171212,26.1603,26.5457,25.8347,26.0407,26.2733,-0.23259999999999792,-0.8853,61683.51,242137.346
002792.SZ,20171211,25.7816,26.5657,25.6487,26.2733,25.5822,0.6910999999999987,2.7015,85970.51,337765.899
002792.SZ,20171208,24.4061,26.2401,24.1935,25.5822,24.5191,1.0630999999999986,4.3358,80529.03,308269.741
002792.SZ,20171207,24.4792,24.8779,24.0606,24.5191,24.5191,0.0,0.0,38240.3,141159.954
002792.SZ,20171206,23.8413,24.5656,23.5888,24.5191,23.8878,0.6313000000000031,2.6428,36160.45,131307.474
002792.SZ,20171205,25.1968,25.4759,23.1237,23.8878,25.5224,-1.6346000000000025,-6.4046,63294.81,233481.452
002792.SZ,20171204,25.5889,26.0341,25.0374,25.5224,25.6487,-0.12630000000000052,-0.4924,55975.26,215604.495
002792.SZ,20171201,24.4526,25.8347,24.3197,25.6487,24.7915,0.8572000000000024,3.4576,66613.57,253458.606
002792.SZ,20171130,25.7151,25.7484,24.6653,24.7915,25.4161,-0.6246000000000009,-2.4575,46742.21,176532.346
002792.SZ,20171129,24.8513,25.6221,24.5855,25.4161,24.8181,0.597999999999999,2.4095,58609.54,222306.657
002792.SZ,20171128,23.9809,24.8513,23.642,24.8181,24.0606,0.7575000000000003,3.1483,47002.73,172174.49
002792.SZ,20171127,25.7417,25.848,23.6154,24.0606,26.1603,-2.0996999999999986,-8.0263,80988.77,305241.405
002792.SZ,20171124,24.4261,26.6986,24.4261,26.1603,24.3663,1.7940000000000005,7.3626,115937.0,451947.053
002792.SZ,20171123,24.858,25.5424,24.2533,24.3663,24.8779,-0.5116000000000014,-2.0564,49580.39,186152.566
002792.SZ,20171122,24.8513,25.5091,24.2666,24.8779,24.9842,-0.10630000000000095,-0.4255,55155.74,205677.603
002792.SZ,20171121,24.0141,26.1005,24.0008,24.9842,23.7284,1.2558000000000007,5.2924,80914.31,307208.148
002792.SZ,20171120,23.1237,23.7284,21.1303,23.7284,23.4293,0.29909999999999926,1.2766,40538.99,139194.429
002792.SZ,20171117,25.5158,25.7151,23.2632,23.4293,25.7151,-2.2857999999999983,-8.8889,53658.82,198479.385
002792.SZ,20171116,26.1138,26.2999,25.2566,25.7151,26.5191,-0.804000000000002,-3.0318,51924.26,201701.016
002792.SZ,20171115,25.9145,26.7783,25.5158,26.5191,25.6155,0.9036000000000008,3.5276,81368.89,321328.221
002792.SZ,20171114,25.6487,26.0009,25.0307,25.6155,25.6155,0.0,0.0,37737.57,145111.075
002792.SZ,20171113,26.2401,26.2401,25.456,25.6155,25.2965,0.31899999999999906,1.261,54462.26,211160.366
002792.SZ,20171110,24.2533,25.3962,24.1669,25.2965,24.2666,1.0299000000000014,4.2441,57939.22,217635.381
002792.SZ,20171109,23.9676,24.3795,23.6553,24.2666,24.0407,0.22589999999999932,0.9397,25026.53,90274.117
002792.SZ,20171108,24.1603,24.4991,24.034,24.0407,24.1536,-0.11289999999999978,-0.4674,24195.85,88446.72
002792.SZ,20171107,24.2267,24.3264,23.9211,24.1536,24.3264,-0.17279999999999873,-0.7103,22752.89,82402.726
002792.SZ,20171106,23.8679,24.3596,23.4891,24.3264,23.8546,0.4717999999999982,1.9778,32756.45,118248.09
002792.SZ,20171103,23.3762,23.9078,23.2632,23.8546,23.4559,0.3987000000000016,1.6998,28171.76,100196.625
002792.SZ,20171102,23.4759,23.5556,23.117,23.4559,23.4626,-0.006699999999998596,-0.0286,21153.43,73995.005
002792.SZ,20171101,23.4227,23.9211,23.2632,23.4626,23.4692,-0.006600000000002382,-0.0281,26606.93,94544.255
002792.SZ,20171031,22.9908,23.5622,22.9908,23.4692,23.1104,0.35880000000000223,1.5525,24006.95,84127.725
002792.SZ,20171030,24.5523,24.6187,23.0639,23.1104,24.4659,-1.3555000000000028,-5.5404,47275.91,167370.379
002792.SZ,20171027,25.1636,25.2301,24.3729,24.4659,25.0706,-0.6046999999999976,-2.412,28426.27,105961.636
002792.SZ,20171026,24.4393,25.2234,24.4327,25.0706,24.5191,0.5514999999999972,2.2493,32323.17,121611.302
002792.SZ,20171025,24.2666,24.7118,24.127,24.5191,24.7516,-0.23249999999999815,-0.9393,34422.91,126434.537
002792.SZ,20171024,25.2633,25.4028,24.6653,24.7516,25.343,-0.5914000000000001,-2.3336,26307.5,98565.425
002792.SZ,20171023,25.2566,25.6354,25.1703,25.343,25.5091,-0.16610000000000014,-0.6511,21464.86,81964.053
002792.SZ,20171020,24.7849,25.5557,24.6852,25.5091,24.9643,0.5447999999999986,2.1823,33331.54,126556.772
002792.SZ,20171019,24.6786,25.2101,24.127,24.9643,24.7317,0.23260000000000147,0.9405,50802.2,188814.254
002792.SZ,20171018,25.9743,26.3065,24.6786,24.7317,25.7683,-1.0366,-4.0228,49966.04,191611.313
002792.SZ,20171017,25.7616,26.2467,25.4493,25.7683,25.8547,-0.08640000000000114,-0.3342,39034.58,151872.512
002792.SZ,20171016,26.5657,26.9909,25.8347,25.8547,26.4527,-0.597999999999999,-2.2606,56019.55,223614.041
002792.SZ,20171013,26.1537,26.8314,26.0075,26.4527,26.652,-0.19930000000000092,-0.7478,50596.78,201220.72
002792.SZ,20171012,26.3597,27.1637,26.353,26.652,26.2999,0.3521000000000001,1.3388,49185.24,197932.201
002792.SZ,20171011,27.6953,27.7019,26.1936,26.2999,27.7086,-1.4086999999999996,-5.084,74251.55,298666.936
002792.SZ,20171010,28.3132,28.5657,27.3763,27.7086,28.1537,-0.44510000000000005,-1.581,69492.3,290121.532
002792.SZ,20171009,30.1339,30.5392,27.981,28.1537,29.0176,-0.863900000000001,-2.9772,117651.02,518254.97
002792.SZ,20170929,27.6687,30.1206,27.5424,29.0176,27.8016,1.216000000000001,4.3738,101258.15,440156.2
002792.SZ,20170928,27.4428,28.1272,27.157,27.8016,27.7351,0.06650000000000134,0.2398,73378.5,305835.362
002792.SZ,20170927,25.8148,28.2401,25.7882,27.7351,26.1404,1.5946999999999996,6.1005,98350.76,404170.564
002792.SZ,20170926,26.2866,26.4859,25.5224,26.1404,26.2866,-0.14620000000000033,-0.5562,65735.28,256590.53
002792.SZ,20170925,27.5757,28.3531,26.2799,26.2866,27.1703,-0.883700000000001,-3.2524,101024.82,416445.735
002792.SZ,20170922,25.4493,27.2434,24.9975,27.1703,25.6288,1.5415000000000028,6.0147,94543.21,376828.69
002792.SZ,20170921,25.8015,26.7118,25.6221,25.6288,26.167,-0.5382000000000033,-2.0568,61990.04,243904.846
002792.SZ,20170920,25.25,26.3331,24.9178,26.167,25.2832,0.8838000000000008,3.4956,62244.63,240316.16
002792.SZ,20170919,25.0639,25.6221,24.7251,25.2832,25.0507,0.2325000000000017,0.9281,47331.63,179775.215
002792.SZ,20170918,24.1137,25.137,24.0539,25.0507,24.2599,0.7908000000000008,3.2597,40791.22,152707.246
002792.SZ,20170915,24.0739,24.5523,23.9941,24.2599,24.0739,0.18599999999999994,0.7726,21052.82,77115.705
002792.SZ,20170914,24.2533,24.3197,23.9343,24.0739,24.127,-0.05310000000000059,-0.2201,14152.0,51367.38
002792.SZ,20170913,23.9742,24.2533,23.9211,24.127,24.0207,0.1062999999999974,0.4425,12160.28,44070.4
002792.SZ,20170912,24.353,24.3862,23.9742,24.0207,24.3596,-0.33889999999999887,-1.3912,19287.76,70000.666
002792.SZ,20170911,23.9343,24.4194,23.7217,24.3596,23.9875,0.37209999999999965,1.5512,20680.28,75208.377
002792.SZ,20170908,24.5191,24.7184,23.8546,23.9875,24.4194,-0.43189999999999884,-1.7687,29363.21,106688.657
002792.SZ,20170907,24.7118,25.6487,24.3264,24.4194,24.7051,-0.28570000000000206,-1.1564,49536.22,186990.704
002792.SZ,20170906,24.3862,24.7782,24.1736,24.7051,24.4526,0.2525000000000013,1.0326,29380.87,108163.282
002792.SZ,20170905,24.4526,24.9709,24.2533,24.4526,24.5589,-0.10630000000000095,-0.4328,35950.15,132861.729
002792.SZ,20170904,23.8413,24.7051,23.6818,24.5589,23.9211,0.6378000000000021,2.6663,49932.44,183006.758
002792.SZ,20170901,24.0606,24.1403,23.6752,23.9211,24.0938,-0.17270000000000252,-0.7168,29118.78,104591.4
002792.SZ,20170831,23.9476,24.2533,23.8014,24.0938,23.9476,0.14620000000000033,0.6105,26910.95,97185.782
002792.SZ,20170830,24.446,24.446,23.8945,23.9476,24.4128,-0.4651999999999994,-1.9056,38101.67,138141.448
002792.SZ,20170829,24.2068,24.5589,23.8546,24.4128,24.1868,0.2259999999999991,0.9344,57995.26,211898.609
002792.SZ,20170828,24.0407,24.7716,23.7882,24.1868,23.7416,0.44520000000000337,1.8752,88682.29,323175.96
002792.SZ,20170825,22.22,24.3463,22.22,23.7416,22.1336,1.607999999999997,7.265,100463.9,359615.344
002792.SZ,20170824,22.333,22.4393,22.107,22.1336,22.3463,-0.2126999999999981,-0.9518,11443.73,38306.994
002792.SZ,20170823,22.6187,22.6187,22.2665,22.3463,22.9044,-0.5580999999999996,-2.4366,20700.47,69873.066
002792.SZ,20170822,22.6253,23.7483,22.2599,22.9044,22.612,0.29240000000000066,1.2931,40085.0,139369.615
002792.SZ,20170821,22.8513,23.2366,22.22,22.612,22.519,0.09299999999999997,0.413,25663.22,87524.797
002792.SZ,20170818,22.5124,22.8579,22.3662,22.519,22.9111,-0.3921000000000028,-1.7114,29096.69,99002.081
002792.SZ,20170817,22.3928,23.0373,22.0805,22.9111,22.1934,0.7177000000000007,3.2338,53676.13,183183.524
002792.SZ,20170816,20.9974,22.5855,20.9974,22.1934,20.9442,1.2492000000000019,5.9644,51782.47,171506.095
002792.SZ,20170815,21.0638,21.2432,20.6851,20.9442,21.1568,-0.2126000000000019,-1.0049,15914.74,50144.515
002792.SZ,20170814,20.4791,21.1967,20.4326,21.1568,20.4857,0.6710999999999991,3.2759,11800.43,37308.653
002792.SZ,20170811,20.4193,20.7249,20.313,20.4857,20.5455,-0.05979999999999919,-0.2911,7531.84,23247.141
002792.SZ,20170810,21.097,21.1967,20.5189,20.5455,21.1369,-0.5914000000000001,-2.798,11179.29,34982.275
002792.SZ,20170809,21.2964,21.2964,21.0306,21.1369,21.21,-0.07310000000000016,-0.3446,5309.06,16883.665
002792.SZ,20170808,21.2632,21.4625,21.117,21.21,21.4226,-0.21259999999999835,-0.9924,9606.25,30643.819
002792.SZ,20170807,21.3296,21.7084,21.3296,21.4226,21.2565,0.16610000000000014,0.7814,12973.97,42056.681
002792.SZ,20170804,21.2964,21.4957,21.0638,21.2565,21.2499,0.006599999999998829,0.0311,16561.74,52980.949
002792.SZ,20170803,20.5987,21.3695,20.2532,21.2499,20.5987,0.6511999999999993,3.1614,28291.67,88938.331
002792.SZ,20170802,21.1967,21.2233,20.4658,20.5987,21.0904,-0.491699999999998,-2.3314,12725.5,40111.292
002792.SZ,20170801,21.2299,21.2897,20.911,21.0904,21.1701,-0.07970000000000255,-0.3765,10390.38,32976.792
002792.SZ,20170731,21.2565,21.4293,21.0904,21.1701,21.2233,-0.053199999999996805,-0.2507,9265.84,29602.634
002792.SZ,20170728,21.3362,21.7017,21.1901,21.2233,21.3296,-0.10630000000000095,-0.4984,13419.67,43275.789
002792.SZ,20170727,20.8047,21.5954,20.7183,21.3296,20.8778,0.45179999999999865,2.164,18414.11,58726.098
002792.SZ,20170726,21.0705,21.1037,20.7847,20.8778,21.0638,-0.18599999999999994,-0.883,9886.0,31159.725
002792.SZ,20170725,20.8844,21.2034,20.7316,21.0638,20.8844,0.17940000000000111,0.859,14835.09,46842.444
002792.SZ,20170724,20.8313,21.1103,20.6651,20.8844,20.4857,0.39869999999999806,1.9462,14530.34,45790.738
002792.SZ,20170721,20.4126,20.7714,20.406,20.4857,20.5787,-0.09299999999999997,-0.4519,8500.03,26273.082
002792.SZ,20170720,20.4326,20.798,20.3993,20.5787,20.4259,0.1528000000000027,0.7481,12262.71,38081.16
002792.SZ,20170719,20.4857,20.5588,20.0804,20.4259,20.4791,-0.05320000000000036,-0.2598,12008.92,36675.226
002792.SZ,20170718,20.1934,20.5987,19.9541,20.4791,20.1934,0.2856999999999985,1.4148,12924.16,39354.653
002792.SZ,20170717,21.6618,21.7682,19.9342,20.1934,21.8412,-1.6478000000000002,-7.5445,27261.45,84085.003
002792.SZ,20170714,22.4459,22.4459,21.808,21.8412,22.4924,-0.6511999999999993,-2.8952,21142.7,70004.914
002792.SZ,20170713,23.0506,23.0506,22.3928,22.4924,22.9443,-0.4518999999999984,-1.9696,12790.6,43593.293
002792.SZ,20170712,22.8579,22.9908,22.5921,22.9443,22.8047,0.13959999999999795,0.6122,16722.57,57276.001
002792.SZ,20170711,23.343,23.343,22.6785,22.8047,23.3895,-0.5848000000000013,-2.5003,25387.53,87569.659
002792.SZ,20170710,23.7217,23.7217,22.9908,23.3895,23.7682,-0.3786999999999985,-1.5933,38566.62,135589.444
002792.SZ,20170707,23.4094,24.2865,23.4094,23.7682,23.0041,0.7640999999999991,3.3216,55886.71,200362.114
002792.SZ,20170706,23.1835,23.1835,22.8247,23.0041,23.0639,-0.05979999999999919,-0.2593,18209.41,63070.147
002792.SZ,20170705,22.8579,23.0905,22.7383,23.0639,22.8645,0.1994000000000007,0.8721,16587.77,57318.054
002792.SZ,20170704,22.9177,23.1104,22.7715,22.8645,22.8778,-0.013300000000000978,-0.0581,14125.0,48683.4
002792.SZ,20170703,22.9908,23.0838,22.5722,22.8778,23.0107,-0.13289999999999935,-0.5776,19477.24,66713.4
002792.SZ,20170630,22.8712,23.23,22.8712,23.0107,22.9642,0.04649999999999821,0.2025,22846.85,79489.62
002792.SZ,20170629,22.5589,23.2234,22.5589,22.9642,22.5323,0.4319000000000024,1.9168,20552.52,70884.684
002792.SZ,20170628,23.1569,23.1569,22.5124,22.5323,23.1503,-0.6180000000000021,-2.6695,18353.79,62885.465
002792.SZ,20170627,23.0439,23.2499,22.8911,23.1503,23.1237,0.026600000000001955,0.115,17358.42,60221.6
002792.SZ,20170626,23.3363,23.4559,23.0506,23.1237,22.9044,0.2193000000000005,0.9575,22848.53,79768.893
002792.SZ,20170623,22.725,23.0107,22.5788,22.9044,22.7582,0.14620000000000033,0.6424,22476.7,76954.221
002792.SZ,20170622,22.9509,23.2234,22.6652,22.7582,22.8911,-0.1329000000000029,-0.5806,23238.25,80535.24
002792.SZ,20170621,23.1303,23.3562,22.6918,22.8911,23.0905,-0.19939999999999714,-0.8636,26353.73,91325.559
002792.SZ,20170620,23.323,23.4293,23.0439,23.0905,23.3629,-0.2724000000000011,-1.166,26643.7,93229.526
002792.SZ,20170619,22.612,23.4891,22.612,23.3629,22.7715,0.5914000000000001,2.5971,33328.12,116672.896
002792.SZ,20170616,22.9908,23.2234,22.4991,22.7715,22.7914,-0.019899999999999807,-0.0873,40774.2,140666.476
002792.SZ,20170615,22.088,22.9401,22.055,22.7882,21.9031,0.8851000000000013,4.041,44463.86,151897.157
002792.SZ,20170614,22.0286,22.1937,21.8634,21.9031,22.0286,-0.1255000000000024,-0.5697,15032.26,50041.929
002792.SZ,20170613,21.7313,22.1078,21.6322,22.0286,21.6058,0.4228000000000023,1.9569,17813.01,59126.579
002792.SZ,20170612,21.87,21.9823,21.5662,21.6058,22.0087,-0.4029000000000025,-1.8306,17109.9,56264.423
002792.SZ,20170609,22.088,22.2465,21.6256,22.0087,22.1078,-0.09909999999999997,-0.4483,24718.0,81995.57
002792.SZ,20170608,22.3918,22.7221,21.9097,22.1078,22.3786,-0.2707999999999977,-1.2101,31564.11,106061.914
002792.SZ,20170607,22.0418,22.6759,21.87,22.3786,22.0484,0.33019999999999783,1.4976,38640.83,131213.111
002792.SZ,20170606,22.1474,22.1474,21.8634,22.0484,22.2729,-0.22449999999999903,-1.008,23924.01,79716.157
002792.SZ,20170605,21.7247,22.3192,21.5992,22.2729,21.5133,0.7595999999999989,3.5308,42478.51,142111.106
002792.SZ,20170602,21.1368,21.5133,20.4763,21.5133,21.0444,0.4689000000000014,2.2281,24446.94,77994.774
002792.SZ,20170601,21.0113,21.5992,21.0047,21.0444,21.2029,-0.15850000000000009,-0.7475,23557.22,75962.043
002792.SZ,20170531,21.7974,22.0087,21.1963,21.2029,21.4671,-0.2641999999999989,-1.2307,34777.5,113992.312
002792.SZ,20170526,20.4169,21.5332,20.3178,21.4671,20.4169,1.0502000000000002,5.1438,35557.3,113313.623
002792.SZ,20170525,20.1064,20.5292,19.8818,20.4169,20.2319,0.18499999999999872,0.9144,17062.59,52216.491
002792.SZ,20170524,19.9479,20.3178,19.7365,20.2319,19.9479,0.2839999999999989,1.4237,17205.91,52349.972
002792.SZ,20170523,20.549,20.5952,19.5582,19.9479,20.582,-0.6341000000000001,-3.0808,22133.69,67495.955
002792.SZ,20170522,21.4341,21.6322,20.5424,20.582,21.4143,-0.8323,-3.8867,21078.84,67261.697
002792.SZ,20170519,21.5332,21.6917,21.1897,21.4143,21.5728,-0.15850000000000009,-0.7347,21579.89,69867.426
002792.SZ,20170518,20.8726,21.7908,20.8132,21.5728,21.1963,0.37650000000000006,1.7763,44106.28,143804.519
002792.SZ,20170517,21.0576,21.8106,21.0576,21.1963,20.3971,0.7992000000000026,3.9182,53705.34,173855.092
002792.SZ,20170516,20.0668,20.4499,19.2874,20.3971,20.1064,0.2906999999999975,1.4458,28253.49,84681.846
002792.SZ,20170515,20.2517,20.2517,20.0206,20.1064,20.0668,0.03960000000000008,0.1973,9612.65,29298.989
002792.SZ,20170512,20.3442,20.4697,19.9545,20.0668,20.4367,-0.3698999999999977,-1.81,16529.11,50434.433
002792.SZ,20170511,20.5424,20.7405,19.8818,20.4367,21.0113,-0.5746000000000002,-2.7347,27661.2,84987.627
002792.SZ,20170510,21.0774,21.7842,20.8726,21.0113,20.7537,0.25760000000000005,1.2412,45128.49,146390.144
002792.SZ,20170509,20.3508,20.8462,20.1593,20.7537,20.3508,0.4028999999999989,1.9798,14876.17,46185.791
002792.SZ,20170508,20.5952,20.7934,20.2782,20.3508,20.8264,-0.4756,-2.2836,14199.5,44190.014
002792.SZ,20170505,20.8726,21.1699,20.6018,20.8264,20.9057,-0.07929999999999993,-0.3793,21368.65,67772.846
002792.SZ,20170504,20.7934,21.0047,20.5027,20.9057,20.7669,0.1387999999999998,0.6684,17694.93,55822.565
002792.SZ,20170503,20.6811,20.9321,20.6547,20.7669,20.7669,0.0,0.0,16265.39,51162.564
002792.SZ,20170502,20.7405,20.9717,20.615,20.7669,20.7802,-0.013300000000000978,-0.064,13895.96,43785.339
002792.SZ,20170428,20.9915,20.9915,20.6348,20.7802,20.9189,-0.13870000000000005,-0.663,19509.36,61431.863
002792.SZ,20170427,20.5292,21.0906,20.0139,20.9189,20.6877,0.23120000000000118,1.1176,32488.08,101003.487
002792.SZ,20170426,20.364,20.7141,19.8951,20.6877,20.364,0.32369999999999877,1.5896,42099.46,128732.218
002792.SZ,20170425,20.4829,20.7141,20.2782,20.364,20.6084,-0.24439999999999884,-1.1859,27624.74,85869.128
002792.SZ,20170424,21.7643,21.7643,20.4763,20.6084,21.8106,-1.2022000000000013,-5.512,16811.29,53284.931
002792.SZ,20170421,21.9691,22.1078,21.7049,21.8106,21.87,-0.05940000000000012,-0.2716,11860.24,39258.065
002792.SZ,20170420,22.3324,22.4513,21.7247,21.87,22.3324,-0.4623999999999988,-2.0705,21343.67,71218.248
002792.SZ,20170419,22.3456,22.4249,21.7974,22.3324,22.2994,0.03300000000000125,0.148,23884.03,80313.686
002792.SZ,20170418,22.6561,23.1316,22.0616,22.2994,22.6494,-0.3500000000000014,-1.5453,14736.92,50397.024
002792.SZ,20170417,23.1514,23.376,22.4447,22.6494,23.7261,-1.0766999999999989,-4.538,23409.0,81384.719
002792.SZ,20170414,24.3404,24.3536,23.6204,23.7261,24.2942,-0.5681000000000012,-2.3384,20501.21,73941.157
002792.SZ,20170413,24.3074,24.6244,24.2017,24.2942,24.3734,-0.07920000000000016,-0.3249,13555.66,50066.156
002792.SZ,20170412,24.7235,24.849,24.314,24.3734,24.7235,-0.3501000000000012,-1.4161,18265.56,67755.139
002792.SZ,20170411,24.2083,24.7367,24.1951,24.7235,24.4064,0.31709999999999994,1.2992,20669.83,76791.918
002792.SZ,20170410,25.1661,25.3048,24.1753,24.4064,25.1661,-0.7596999999999987,-3.0187,27761.73,104149.806
002792.SZ,20170407,25.2982,25.4104,25.1462,25.1661,25.3114,-0.14529999999999887,-0.574,23197.16,88855.624
002792.SZ,20170406,25.1991,25.3444,25.1661,25.3114,25.1793,0.13209999999999766,0.5246,20088.21,76856.965
002792.SZ,20170405,24.8358,25.318,24.7896,25.1793,24.9283,0.2510000000000012,1.0069,23686.79,90077.024
002792.SZ,20170331,24.7763,25.2585,24.7697,24.9283,25.351,-0.42269999999999897,-1.6674,29659.29,112087.066
002792.SZ,20170330,26.2229,26.2229,25.3114,25.351,26.2361,-0.8851000000000013,-3.3736,26686.78,103908.769
002792.SZ,20170329,26.4871,26.5466,26.0313,26.2361,26.7579,-0.5217999999999989,-1.9501,46661.98,185645.861
002792.SZ,20170328,28.4026,28.5347,26.4144,26.7579,29.0962,-2.3383000000000003,-8.0364,83418.01,343688.996
002792.SZ,20170327,28.7989,29.2415,28.3036,29.0962,28.8782,0.21799999999999997,0.7549,14727.0,64036.661
002792.SZ,20170324,29.651,29.7237,28.7065,28.8782,29.836,-0.9577999999999989,-3.2102,30866.31,135949.357
002792.SZ,20170323,29.3406,29.8954,29.2613,29.836,29.4463,0.3896999999999977,1.3234,19269.62,86496.319
002792.SZ,20170322,29.5123,29.5123,29.0169,29.4463,29.6973,-0.25099999999999767,-0.8452,18359.54,81349.722
002792.SZ,20170321,30.0143,30.0738,29.3538,29.6973,30.0738,-0.37650000000000006,-1.2519,22058.36,98891.442
002792.SZ,20170320,30.7211,30.7805,29.7633,30.0738,30.7805,-0.7067000000000014,-2.2959,21567.75,98081.1
002792.SZ,20170317,30.9919,31.4411,30.7277,30.7805,30.9126,-0.13210000000000122,-0.4273,23446.01,110246.147
002792.SZ,20170316,30.6154,31.1768,30.6154,30.9126,30.5031,0.4095000000000013,1.3425,18681.57,87302.487
002792.SZ,20170315,30.8994,30.8994,30.4833,30.5031,30.8334,-0.33030000000000115,-1.0712,11677.1,54124.655
002792.SZ,20170314,31.1504,31.2363,30.7805,30.8334,31.1504,-0.31700000000000017,-1.0176,14906.95,69824.453
002792.SZ,20170313,30.5163,31.2429,30.4503,31.1504,30.6484,0.5020000000000024,1.6379,14656.04,68486.421
002792.SZ,20170310,30.4569,30.9126,30.4569,30.6484,30.5956,0.05279999999999774,0.1726,12103.11,56346.396
002792.SZ,20170309,31.2165,31.4411,30.5229,30.5956,31.1306,-0.5350000000000001,-1.7186,17054.53,79315.452
002792.SZ,20170308,31.4807,31.6987,30.9721,31.1306,31.7053,-0.5747,-1.8126,15422.68,73307.233
002792.SZ,20170307,31.6656,32.3526,31.593,31.7053,31.5467,0.15859999999999985,0.5027,24227.42,117351.351
002792.SZ,20170306,31.1768,31.7053,31.0646,31.5467,30.8796,0.6671000000000014,2.1603,19321.31,91815.964
002792.SZ,20170303,30.6814,31.0315,30.4899,30.8796,30.8532,0.02639999999999887,0.0856,10977.93,51143.239
002792.SZ,20170302,31.2759,31.4411,30.7805,30.8532,31.2561,-0.4028999999999989,-1.289,15455.01,72483.314
002792.SZ,20170301,30.9126,32.9471,30.6022,31.2561,30.9391,0.31700000000000017,1.0246,31549.73,149539.97
002792.SZ,20170228,30.8136,31.0183,30.3908,30.9391,30.8202,0.1189,0.3858,22057.34,102810.697
002792.SZ,20170227,30.0539,31.3552,30.0539,30.8202,30.12,0.7001999999999988,2.3247,37319.36,174248.976
002792.SZ,20170224,29.6576,30.2851,29.6576,30.12,29.6576,0.46240000000000236,1.5591,13310.52,60608.302
002792.SZ,20170223,29.7237,29.9218,29.3934,29.6576,29.6312,0.02639999999999887,0.0891,12621.44,56664.27
002792.SZ,20170222,29.9879,30.6022,29.2349,29.6312,30.2257,-0.5945,-1.9669,16404.23,74201.398
002792.SZ,20170221,29.1622,30.906,29.1622,30.2257,29.2613,0.9644000000000013,3.2958,14220.52,64873.923
002792.SZ,20170220,29.4661,29.4661,28.9509,29.2613,29.4132,-0.15190000000000126,-0.5164,7581.08,33529.282
002792.SZ,20170217,30.2191,30.2521,29.3604,29.4132,30.2191,-0.8059000000000012,-2.6669,9824.58,44181.265
002792.SZ,20170216,30.1662,30.4899,29.9351,30.2191,30.1662,0.05290000000000106,0.1754,7470.85,34216.035
002792.SZ,20170215,29.9879,31.0447,29.5982,30.1662,30.0473,0.1189,0.3957,17825.31,81739.078
002792.SZ,20170214,30.4503,30.5824,29.7237,30.0473,30.4437,-0.39639999999999986,-1.3021,9411.9,43000.772
002792.SZ,20170213,29.5255,30.5493,29.4,30.4437,30.2785,0.16519999999999868,0.5456,12537.52,57463.513
002792.SZ,20170210,30.2191,30.4635,28.7329,30.2785,30.2587,0.01980000000000004,0.0654,18758.77,84182.334
002792.SZ,20170209,30.3842,30.6616,30.2257,30.2587,30.6616,-0.4028999999999989,-1.314,14758.01,67889.498
002792.SZ,20170208,29.6708,31.1768,29.1292,30.6616,29.6708,0.9908000000000001,3.3393,22909.68,104696.677
002792.SZ,20170207,28.6008,31.1768,28.6008,29.6708,28.3894,1.2814000000000014,4.5137,27672.19,125448.691
002792.SZ,20170206,27.9931,28.396,27.7949,28.3894,27.8412,0.5481999999999978,1.969,7449.73,31734.123
002792.SZ,20170203,28.079,28.2177,27.7487,27.8412,28.1054,-0.2641999999999989,-0.94,4097.19,17296.926
002792.SZ,20170126,28.3234,28.3234,27.9997,28.1054,28.0592,0.04619999999999891,0.1647,5760.79,24487.22
002792.SZ,20170125,27.7289,28.3498,27.5572,28.0592,27.7685,0.29070000000000107,1.0469,7162.33,30335.849
002792.SZ,20170124,28.1054,28.1054,27.6827,27.7685,28.0724,-0.3038999999999987,-1.0826,6616.61,27862.092
002792.SZ,20170123,27.9138,28.2705,27.7421,28.0724,27.8478,0.2245999999999988,0.8065,12306.47,52164.781
002792.SZ,20170120,26.9495,28.1384,26.9495,27.8478,27.0948,0.7530000000000001,2.7791,12226.88,51452.844
002792.SZ,20170119,27.0552,27.6761,26.7381,27.0948,27.0552,0.03960000000000008,0.1464,8152.85,33523.995
002792.SZ,20170118,27.643,27.643,27.0155,27.0552,27.643,-0.5878000000000014,-2.1264,8845.0,36491.829
002792.SZ,20170117,26.4541,27.9403,26.0908,27.643,26.4541,1.1889000000000003,4.4942,19431.95,79236.564
002792.SZ,20170116,29.3934,29.3934,26.4541,26.4541,29.3934,-2.9392999999999994,-9.9999,28326.1,118342.378
002792.SZ,20170113,31.375,31.5732,28.2309,29.3934,31.3684,-1.9750000000000014,-6.2961,24300.2,109951.187
002792.SZ,20170112,32.8149,32.9471,31.3354,31.3684,32.7621,-1.3936999999999955,-4.254,17054.87,83065.465
002792.SZ,20170111,33.4094,33.5547,32.6168,32.7621,33.4028,-0.6407000000000025,-1.9181,12048.13,60342.995
002792.SZ,20170110,33.8189,34.0369,33.0792,33.4028,33.9907,-0.5878999999999976,-1.7296,14002.83,71020.64
002792.SZ,20170109,33.6868,34.3474,33.5613,33.9907,33.7529,0.2378,0.7045,8244.69,42220.407
002792.SZ,20170106,34.4861,34.7305,33.3566,33.7529,34.6644,-0.9115000000000038,-2.6295,16303.48,83977.361
002792.SZ,20170105,35.6684,35.8137,33.1122,34.6644,35.6354,-0.9709999999999965,-2.7248,15392.52,81531.593
002792.SZ,20170104,35.6684,35.9326,35.4042,35.6354,35.8864,-0.2510000000000048,-0.6994,13193.72,71094.758
002792.SZ,20170103,35.9987,36.1308,35.7345,35.8864,35.8402,0.04619999999999891,0.1289,8032.18,43600.357
002792.SZ,20161230,35.675,36.0515,35.2721,35.8402,35.2721,0.5681000000000012,1.6106,10035.9,54303.952
002792.SZ,20161229,35.14,35.8005,35.14,35.2721,35.4571,-0.18499999999999517,-0.5218,8087.63,43596.602
002792.SZ,20161228,35.0079,35.9657,34.6974,35.4571,34.9881,0.4689999999999941,1.3405,13217.96,70799.96
002792.SZ,20161227,35.0673,35.14,34.6776,34.9881,35.0739,-0.08579999999999899,-0.2446,6910.11,36539.941
002792.SZ,20161226,34.354,35.1334,33.0329,35.0739,34.4795,0.5944000000000003,1.7239,8745.71,45559.608
002792.SZ,20161223,35.6684,35.9921,34.3143,34.4795,35.8005,-1.320999999999998,-3.6899,13917.88,73462.056
002792.SZ,20161222,35.7807,36.2827,35.7411,35.8005,35.8137,-0.013199999999997658,-0.0369,7580.87,41259.352
002792.SZ,20161221,36.1638,36.2101,35.5363,35.8137,35.9723,-0.15859999999999985,-0.4409,10821.4,58625.025
002792.SZ,20161220,36.4016,36.897,35.9723,35.9723,36.4346,-0.46230000000000615,-1.2688,15869.35,87518.35
002792.SZ,20161219,36.5932,37.8217,36.0053,36.4346,36.6328,-0.19819999999999993,-0.541,23785.21,133043.855
002792.SZ,20161216,35.6816,36.9895,35.675,36.6328,36.0581,0.5747,1.5938,20484.06,112716.407
002792.SZ,20161215,35.6684,36.3025,35.3382,36.0581,35.6684,0.3897000000000048,1.0926,18453.12,99941.343
002792.SZ,20161214,34.0567,37.4584,33.5613,35.6684,34.0501,1.6182999999999979,4.7527,43671.75,234626.627
002792.SZ,20161213,33.4887,34.3077,33.0329,34.0501,33.5547,0.4954000000000036,1.4764,19218.13,98268.431
002792.SZ,20161212,35.5363,36.2959,33.2113,33.5547,35.6684,-2.1137000000000015,-5.926,34755.57,179610.591
002792.SZ,20161209,36.2695,36.2695,35.0277,35.6684,36.144,-0.4756,-1.3158,28019.47,150681.569
002792.SZ,20161208,37.2339,37.2867,36.0647,36.144,37.1876,-1.043600000000005,-2.8063,27537.06,152443.832
002792.SZ,20161207,37.2207,37.3594,36.6724,37.1876,37.1876,0.0,0.0,19394.4,108546.412
002792.SZ,20161206,36.8177,37.617,36.7913,37.1876,37.1876,0.0,0.0,11269.27,63531.565
002792.SZ,20161205,36.6658,37.7557,36.3289,37.1876,37.1216,0.0660000000000025,0.1778,16504.41,93207.455
002792.SZ,20161202,38.8984,38.8984,36.8243,37.1216,39.0635,-1.9418999999999969,-4.9711,37494.47,215076.323
002792.SZ,20161201,38.4955,40.0147,38.4624,39.0635,38.4294,0.6340999999999966,1.65,38762.95,230534.644
002792.SZ,20161130,38.3502,38.7927,38.0529,38.4294,38.7663,-0.3369,-0.8691,17986.58,104612.202
002792.SZ,20161129,38.4624,38.9711,37.5906,38.7663,38.6804,0.08590000000000231,0.2221,31171.32,181560.163
002792.SZ,20161128,39.6514,40.0081,38.6474,38.6804,39.6844,-1.0039999999999978,-2.53,31040.51,183612.966
002792.SZ,20161125,38.7399,39.8099,38.0133,39.6844,38.9711,0.7132999999999967,1.8303,49450.64,293175.049
002792.SZ,20161124,40.2921,40.6884,38.7795,38.9711,40.3119,-1.3408000000000015,-3.3261,52260.08,313615.138
002792.SZ,20161123,41.4216,41.8443,39.9751,40.3119,42.0755,-1.7635999999999967,-4.1915,83872.25,517625.918
002792.SZ,20161122,41.4678,44.5855,40.9791,42.0755,40.8602,1.2152999999999992,2.9743,142996.51,919488.72
002792.SZ,20161121,41.8179,41.8179,39.6712,40.8602,38.0133,2.846899999999998,7.4892,131468.01,816239.52
002792.SZ,20161118,36.8904,38.4823,36.8904,38.0133,36.8177,1.1955999999999989,3.2474,43373.42,249072.494
002792.SZ,20161117,37.3858,37.3858,36.6658,36.8177,37.65,-0.8322999999999965,-2.2106,23909.08,133508.114
002792.SZ,20161116,38.0133,38.5351,37.65,37.65,38.152,-0.5020000000000024,-1.3158,23562.01,135797.703
002792.SZ,20161115,38.1652,38.4294,37.3726,38.152,38.1652,-0.013199999999997658,-0.0346,24917.78,142505.167
002792.SZ,20161114,37.9869,39.2683,37.9208,38.1652,38.2181,-0.05290000000000106,-0.1384,28070.43,163652.399
002792.SZ,20161111,38.2445,38.5747,37.7821,38.2181,38.3766,-0.15850000000000364,-0.413,48932.89,282973.346
002792.SZ,20161110,37.1876,38.6342,37.0423,38.3766,36.93,1.4466000000000037,3.9171,65824.37,380029.675
002792.SZ,20161109,37.1546,37.4849,35.9723,36.93,37.181,-0.25099999999999767,-0.6751,36536.53,203612.067
002792.SZ,20161108,37.8349,37.8482,35.0079,37.181,37.7028,-0.521800000000006,-1.384,29328.78,164466.671
002792.SZ,20161107,37.4717,37.8746,37.1612,37.7028,37.5839,0.11890000000000356,0.3164,31572.77,179315.333
002792.SZ,20161104,35.893,38.0265,35.893,37.5839,35.9458,1.6381000000000014,4.5571,57996.45,327518.136
002792.SZ,20161103,35.6024,36.6592,35.6024,35.9458,36.3356,-0.38980000000000103,-1.0728,24593.17,134793.424
002792.SZ,20161102,36.9829,37.3858,36.2629,36.3356,36.9697,-0.6341000000000037,-1.7152,30526.9,169969.034
002792.SZ,20161101,35.7411,37.2999,35.7411,36.9697,35.7345,1.235200000000006,3.4566,30741.71,170995.931
002792.SZ,20161031,36.1902,36.1968,35.0739,35.7345,36.2034,-0.468900000000005,-1.2952,16437.05,88540.148
002792.SZ,20161028,36.3488,36.7121,34.387,36.2034,36.1968,0.006599999999998829,0.0182,22165.33,121733.9427
002792.SZ,20161027,36.2629,36.4082,35.4042,36.1968,36.1902,0.0066000000000059345,0.0182,22315.67,121673.3685
002792.SZ,20161026,37.1084,37.3858,36.0185,36.1902,37.2207,-1.0305000000000035,-2.7686,27380.77,152140.9712
002792.SZ,20161025,36.6592,37.6368,36.5932,37.2207,37.0555,0.16519999999999868,0.4458,23853.31,134145.982
002792.SZ,20161024,37.0555,37.1216,36.2629,37.0555,37.2999,-0.24439999999999884,-0.6552,30038.99,166606.3227
002792.SZ,20161021,37.4584,37.8019,36.395,37.2999,37.8019,-0.5020000000000024,-1.328,30830.03,173579.6817
002792.SZ,20161020,36.4611,38.0133,36.3289,37.8019,36.5139,1.2880000000000038,3.5274,58655.15,333595.8195
002792.SZ,20161019,36.395,36.9631,36.1968,36.5139,36.5139,0.0,0.0,31596.71,174741.798
002792.SZ,20161018,35.893,36.5337,35.86,36.5139,36.1176,0.39629999999999654,1.0972,19926.67,109297.1599
002792.SZ,20161017,36.2629,36.646,35.9987,36.1176,36.3157,-0.1980999999999966,-0.5455,29108.96,159881.3903
002792.SZ,20161014,35.1202,36.3289,34.6116,36.3157,35.2391,1.0765999999999991,3.0551,34694.97,187065.9397
002792.SZ,20161013,35.6684,35.7873,35.0739,35.2391,35.4901,-0.25099999999999767,-0.7072,16642.78,88883.1684
002792.SZ,20161012,35.173,36.0449,35.1532,35.4901,35.1532,0.3369,0.9584,21152.74,114157.2413
002792.SZ,20161011,35.4042,35.4042,34.8824,35.1532,35.2589,-0.1056999999999988,-0.2998,13238.95,70310.441
002792.SZ,20161010,34.4002,35.3117,34.1888,35.2589,34.136,1.1228999999999942,3.2895,18403.3,97347.9702
002792.SZ,20160930,34.0832,34.2813,34.0303,34.136,34.1426,-0.006599999999998829,-0.0193,7386.55,38171.5829
002792.SZ,20160929,34.1492,34.4795,34.0898,34.1426,34.1492,-0.006599999999998829,-0.0193,9080.56,47116.3423
002792.SZ,20160928,34.2153,34.4795,33.9841,34.1492,34.3936,-0.24439999999999884,-0.7106,9169.5,47452.073
002792.SZ,20160927,33.7991,34.4134,33.3566,34.3936,33.7793,0.6143000000000001,1.8186,12457.22,63979.8886
002792.SZ,20160926,35.7807,35.9326,33.6868,33.7793,35.5165,-1.7372000000000014,-4.8912,23394.97,122454.9082
002792.SZ,20160923,36.1374,36.8508,35.4769,35.5165,36.2629,-0.7464000000000013,-2.0583,20868.7,114689.5967
002792.SZ,20160922,35.9128,36.8574,35.9128,36.2629,35.5297,0.7332000000000036,2.0636,30125.57,165761.0686
002792.SZ,20160921,35.8336,36.0383,35.2655,35.5297,35.8005,-0.27080000000000126,-0.7564,13266.85,71446.9423
002792.SZ,20160920,36.8574,36.9102,35.6486,35.8005,34.8097,0.9908000000000001,2.8463,25882.5,141303.4792
002792.SZ,20160919,34.1096,34.8229,34.1096,34.8097,34.1096,0.7000999999999991,2.0525,12291.59,64323.1018
002792.SZ,20160914,33.6274,34.4134,33.6274,34.1096,34.1162,-0.006599999999998829,-0.0193,12100.3,62192.8001
002792.SZ,20160913,34.0237,34.6644,33.8586,34.1162,33.8322,0.2839999999999989,0.8394,11221.14,58186.2848
002792.SZ,20160912,35.0079,35.0211,33.8256,33.8322,35.8402,-2.0080000000000027,-5.6026,23259.33,121137.6119
002792.SZ,20160909,36.0053,36.2299,35.7609,35.8402,35.8468,-0.006599999999998829,-0.0184,12839.77,70008.3265
002792.SZ,20160908,35.3382,35.9524,35.3249,35.8468,35.5826,0.26420000000000243,0.7425,10312.59,55830.7863
002792.SZ,20160907,36.3289,36.3289,35.5363,35.5826,36.428,-0.8453999999999979,-2.3207,20936.06,113975.118
002792.SZ,20160906,35.5892,36.4544,35.0938,36.428,35.5231,0.9048999999999978,2.5474,16960.49,91885.2509
002792.SZ,20160905,36.679,36.9432,35.2721,35.5231,36.4478,-0.9247000000000014,-2.5371,16980.22,93180.4117
002792.SZ,20160902,36.5733,36.8508,36.3289,36.4478,36.8574,-0.4095999999999975,-1.1113,13498.5,74713.3974
002792.SZ,20160901,37.5179,37.7094,36.8574,36.8574,37.7557,-0.898299999999999,-2.3792,24675.8,138839.7124
002792.SZ,20160831,37.3197,37.8482,37.1216,37.7557,37.4122,0.3434999999999988,0.9181,17500.87,99496.7077
002792.SZ,20160830,38.1784,38.3171,37.1348,37.4122,38.1718,-0.7595999999999989,-1.99,30912.08,175753.3749
002792.SZ,20160829,38.4426,39.3674,37.65,38.1718,37.7161,0.4557000000000002,1.2082,52224.24,305720.5423
002792.SZ,20160826,37.0886,38.6408,37.0886,37.7161,36.9036,0.8125,2.2017,45884.42,264684.5739
002792.SZ,20160825,36.9895,37.2207,35.8798,36.9036,37.3726,-0.4690000000000012,-1.2549,32400.48,179264.0561
002792.SZ,20160824,37.65,37.7689,37.0753,37.3726,37.3858,-0.013200000000004763,-0.0353,19202.13,108820.6556
002792.SZ,20160823,37.1876,38.0133,36.93,37.3858,37.5773,-0.19149999999999778,-0.5096,28864.98,163682.4496
002792.SZ,20160822,38.9711,38.9777,37.2801,37.5773,39.0239,-1.4465999999999966,-3.707,31830.82,182555.4493
002792.SZ,20160819,39.3674,39.3938,38.0529,39.0239,39.3938,-0.36990000000000123,-0.939,39812.71,233142.5741
002792.SZ,20160818,39.8826,40.9328,39.1758,39.3938,39.4136,-0.019800000000003593,-0.0502,66112.85,401108.7434
002792.SZ,20160817,40.5233,40.5233,38.6474,39.4136,39.3674,0.04619999999999891,0.1174,78721.82,470230.5887
002792.SZ,20160816,35.8005,39.3674,35.7345,39.3674,35.7873,3.5801000000000016,10.0038,61274.52,355998.2525
002792.SZ,20160815,34.4134,35.8864,34.2219,35.7873,34.3672,1.420100000000005,4.1321,34074.65,181426.0241
002792.SZ,20160812,34.0699,34.4861,34.0501,34.3672,34.0567,0.31049999999999756,0.9117,14588.7,75687.3899
002792.SZ,20160811,34.9154,34.9815,34.0501,34.0567,34.9154,-0.8586999999999989,-2.4594,18489.0,96617.4453
002792.SZ,20160810,34.9286,35.0806,34.4531,34.9154,34.6974,0.21799999999999642,0.6283,23228.16,122353.9369
002792.SZ,20160809,34.0964,34.7833,34.0964,34.6974,34.2483,0.4491000000000014,1.3113,19876.55,104226.222
002792.SZ,20160808,33.2245,34.3143,33.2113,34.2483,33.7661,0.48219999999999885,1.4281,17636.66,90440.0271
002792.SZ,20160805,34.2681,34.3738,33.7595,33.7661,34.2681,-0.5019999999999953,-1.4649,15550.69,80165.6552
002792.SZ,20160804,34.3804,34.3804,33.8322,34.2681,34.3143,-0.046200000000006014,-0.1346,18028.45,93187.1675
002792.SZ,20160803,33.2245,34.5984,33.0395,34.3143,33.2839,1.0304000000000002,3.0958,26992.04,138796.5834
002792.SZ,20160802,33.0924,33.4226,32.9272,33.2839,33.0924,0.1915000000000049,0.5787,13782.87,69325.4872
002792.SZ,20160801,34.4134,34.4134,32.3658,33.0924,34.4663,-1.373899999999999,-3.9862,20967.04,104998.0144
002792.SZ,20160729,34.2681,34.8692,33.5415,34.4663,34.2747,0.191599999999994,0.559,21114.23,109572.6452
002792.SZ,20160728,34.8956,35.2061,33.0263,34.2747,34.9418,-0.6670999999999978,-1.9092,31680.06,163862.1211
002792.SZ,20160727,37.7689,38.1124,34.4531,34.9418,37.7689,-2.8271000000000015,-7.4853,46572.72,254485.0251
002792.SZ,20160726,37.0621,38.0133,37.0621,37.7689,37.0489,0.7199999999999989,1.9434,21842.46,124670.6704
002792.SZ,20160725,36.7253,37.6302,36.6922,37.0489,36.93,0.11890000000000356,0.322,19466.75,109495.6013
002792.SZ,20160722,38.1784,38.3105,36.6922,36.93,38.1784,-1.2484000000000037,-3.2699,35447.05,200529.7711
002792.SZ,20160721,39.3013,39.4202,37.9803,38.1784,39.2022,-1.0237999999999943,-2.6116,35835.47,210107.5719
002792.SZ,20160720,39.5589,39.6184,38.9711,39.2022,39.2353,-0.03310000000000457,-0.0844,23063.03,137054.474
002792.SZ,20160719,39.6184,39.6184,38.5747,39.2353,38.872,0.3633000000000024,0.9346,25392.52,150228.7318
002792.SZ,20160718,39.6316,39.6316,38.5747,38.872,40.2261,-1.3541000000000025,-3.3662,38792.84,229293.6808
002792.SZ,20160715,40.4969,41.2763,40.2261,40.2261,40.4374,-0.21129999999999427,-0.5225,42973.09,265444.3159
002792.SZ,20160714,39.8363,40.5431,39.5061,40.4374,39.7505,0.6868999999999943,1.728,41694.72,253605.2966
002792.SZ,20160713,40.2921,40.5365,39.5655,39.7505,40.4242,-0.6736999999999966,-1.6666,44125.3,267183.4744
002792.SZ,20160712,39.6316,40.5035,37.6962,40.4242,39.7307,0.6935000000000002,1.7455,58468.73,347098.5264
002792.SZ,20160711,42.3397,42.3728,39.5655,39.7307,42.6634,-2.932700000000004,-6.874,79193.17,488070.2435
002792.SZ,20160708,41.9897,43.5683,41.6132,42.6634,41.9897,0.6737000000000037,1.6044,66927.22,434231.9053
002792.SZ,20160707,42.6238,43.5155,41.3225,41.9897,42.8021,-0.8124000000000038,-1.898,59111.32,378640.1539
002792.SZ,20160706,43.2975,43.3966,41.7321,42.8021,43.5155,-0.7134,-1.6394,77962.72,504056.3851
002792.SZ,20160705,42.2605,44.2288,42.2076,43.5155,42.2076,1.3079000000000036,3.0987,114347.56,746931.9168
002792.SZ,20160704,40.5563,42.6634,40.0939,42.2076,40.8734,1.3342000000000027,3.2642,82855.06,519872.1494
002792.SZ,20160701,39.3674,41.3489,39.3674,40.8734,39.4995,1.373899999999999,3.4783,76286.24,470364.5687
002792.SZ,20160630,40.8073,41.3027,38.9909,39.4995,42.2274,-2.7279000000000053,-6.46,101939.85,620280.9848
002792.SZ,20160629,40.6224,42.9342,39.9684,42.2274,40.8205,1.4069000000000003,3.4466,125383.06,790667.4218
002792.SZ,20160628,39.1428,40.946,38.185,40.8205,39.1692,1.6513000000000062,4.2158,103257.63,620670.3384
002792.SZ,20160627,37.366,39.4995,37.0093,39.1692,37.5839,1.5852999999999966,4.218,74280.54,435687.6757
002792.SZ,20160624,39.2947,39.2947,35.6816,37.5839,39.3343,-1.750399999999999,-4.4501,98527.04,565079.82
002792.SZ,20160623,38.2511,40.1468,38.2511,39.3343,38.2445,1.0897999999999968,2.8496,90175.96,537426.1511
002792.SZ,20160622,37.7028,38.8323,37.1744,38.2445,38.0793,0.16519999999999868,0.4338,57395.13,330765.4513
002792.SZ,20160621,38.2643,39.4202,37.65,38.0793,38.0926,-0.013299999999993872,-0.0349,90537.92,526215.9255
002792.SZ,20160620,36.9829,38.938,35.9987,38.0926,37.0687,1.0238999999999976,2.7622,91744.0,524901.1976
002792.SZ,20160617,36.0647,37.2867,36.0449,37.0687,35.8798,1.1888999999999967,3.3136,71094.47,395552.0736
002792.SZ,20160616,36.395,36.9829,35.6684,35.8798,36.2695,-0.3896999999999977,-1.0745,56318.19,308764.6068
002792.SZ,20160615,33.8718,37.0555,33.5812,36.2695,34.9749,1.2946000000000026,3.7015,74241.05,405750.6064
002792.SZ,20160614,34.0832,35.2259,33.2245,34.9749,35.3712,-0.39630000000000365,-1.1204,60502.16,315245.3689
002792.SZ,20160613,37.4518,37.5047,35.3712,35.3712,39.3013,-3.930099999999996,-9.9999,80978.13,445468.7198
002792.SZ,20160608,41.6132,42.0227,39.2419,39.3013,42.9078,-3.606500000000004,-8.4052,127164.25,774252.1057
002792.SZ,20160607,39.6646,42.954,39.1824,42.9078,40.2062,2.701599999999999,6.7194,139160.28,873701.124
002792.SZ,20160606,41.6667,42.3684,38.8158,40.2193,41.4912,-1.2719000000000023,-3.0655,79179.16,732936.8876
002792.SZ,20160603,37.3246,41.4912,37.3246,41.4912,37.7193,3.7719000000000023,9.9999,74015.77,676713.1182
002792.SZ,20160602,36.9649,37.8509,36.4035,37.7193,37.0,0.7192999999999969,1.9441,45806.53,388438.09
002792.SZ,20160601,36.3289,38.6974,36.3289,37.0,36.4474,0.5525999999999982,1.5162,56191.87,479787.1524
002792.SZ,20160531,34.9123,37.2281,34.2763,36.4474,34.9123,1.5351,4.397,61430.08,503358.9384
002792.SZ,20160530,32.9386,35.9605,32.8947,34.9123,32.864,2.0483000000000047,6.2327,64100.53,506293.1228
002792.SZ,20160527,32.5789,33.8158,32.4123,32.864,32.5,0.3639999999999972,1.12,46752.48,354085.5637
002792.SZ,20160526,31.557,32.5,30.2105,32.5,31.7588,0.7411999999999992,2.3338,35815.49,256275.6423
002792.SZ,20160525,31.8202,32.7412,31.4912,31.7588,31.364,0.39480000000000004,1.2588,33191.49,243273.704
002792.SZ,20160524,32.0088,32.1754,31.0526,31.364,32.3202,-0.956199999999999,-2.9585,30807.2,220640.8872
002792.SZ,20160523,31.9298,33.1798,31.4956,32.3202,32.0,0.3201999999999998,1.0006,47514.53,351717.3159
002792.SZ,20160520,28.6491,32.1798,28.5132,32.0,29.2544,2.7455999999999996,9.3853,40363.77,280024.8178
002792.SZ,20160519,28.8377,29.9474,28.8377,29.2544,28.7105,0.5439000000000007,1.8944,21854.66,146959.2393
002792.SZ,20160518,30.3947,30.3947,28.4649,28.7105,30.6491,-1.938600000000001,-6.3251,26875.81,179604.8769
002792.SZ,20160517,31.1404,31.1623,30.4825,30.6491,31.0833,-0.4342000000000006,-1.3969,25207.28,176970.2215
002792.SZ,20160516,30.3509,31.0877,30.136,31.0833,30.2632,0.8201,2.7099,21791.42,152590.3158
002792.SZ,20160513,30.1316,30.6974,30.0439,30.2632,30.3421,-0.0788999999999973,-0.26,21005.37,145696.948
002792.SZ,20160512,30.3465,30.4298,29.4123,30.3421,30.9693,-0.627200000000002,-2.0252,26522.35,181138.0089
002792.SZ,20160511,32.7544,32.8509,30.943,30.9693,32.4342,-1.4648999999999965,-4.5165,29140.06,211046.4374
002792.SZ,20160510,32.4605,32.9342,32.2807,32.4342,32.5,-0.06580000000000297,-0.2025,21665.46,160865.6116
002792.SZ,20160509,34.2237,34.3991,32.4035,32.5,34.8728,-2.372799999999998,-6.8042,42293.47,319292.9777
002792.SZ,20160506,36.6579,37.2325,34.8684,34.8728,36.557,-1.6842000000000041,-4.6071,62558.63,515095.8093
002792.SZ,20160505,36.5482,36.7982,35.943,36.557,36.3596,0.1974000000000018,0.5429,43461.63,360729.984
002792.SZ,20160504,36.0965,36.7982,36.0482,36.3596,36.5263,-0.16669999999999874,-0.4564,42771.41,354691.6828
002792.SZ,20160503,35.0921,36.6228,34.5965,36.5263,35.2281,1.2982000000000014,3.6851,43829.91,358395.3795
002792.SZ,20160429,35.8596,35.886,35.1009,35.2281,36.25,-1.0219000000000023,-2.819,31418.91,254064.1877
002792.SZ,20160428,35.7456,36.6886,34.7368,36.25,35.9386,0.311399999999999,0.8665,43354.82,353526.6808
002792.SZ,20160427,36.4035,36.9693,35.9211,35.9386,36.9693,-1.030699999999996,-2.788,45925.69,381330.0098
002792.SZ,20160426,34.3816,37.5219,34.2982,36.9693,34.693,2.276299999999999,6.5613,61241.46,501255.1692
002792.SZ,20160425,35.0877,35.193,33.4123,34.693,35.3772,-0.6842000000000041,-1.934,41810.38,327243.1118
002792.SZ,20160422,34.6491,35.4956,34.2982,35.3772,35.1754,0.20179999999999865,0.5737,41826.7,333075.8463
002792.SZ,20160421,36.2061,36.8991,35.136,35.1754,37.0439,-1.8684999999999974,-5.044,52146.62,429028.2302
002792.SZ,20160420,37.5,38.0175,34.5877,37.0439,37.7281,-0.684199999999997,-1.8135,81200.92,677990.1106
002792.SZ,20160419,37.2763,38.9474,37.0395,37.7281,36.9342,0.7939000000000007,2.1495,64653.79,559199.1402
002792.SZ,20160418,37.5351,38.114,35.5351,36.9342,39.1535,-2.219300000000004,-5.6682,74696.69,632204.5634
002792.SZ,20160415,40.3509,41.5789,39.0877,39.1535,39.0219,0.13159999999999883,0.3372,140151.88,1281902.9909
002792.SZ,20160414,35.5219,39.0219,35.2281,39.0219,35.4737,3.5482000000000014,10.0023,109232.43,934488.4362
002792.SZ,20160413,34.6491,37.5,34.2149,35.4737,35.4254,0.04829999999999757,0.1363,128803.27,1050060.2545
002792.SZ,20160412,33.7588,37.5439,33.6404,35.4254,34.1623,1.2631000000000014,3.6974,158125.39,1282174.0442
002792.SZ,20160411,34.1623,34.1623,32.7018,34.1623,31.057,3.1053000000000033,9.9987,164404.18,1265445.2408
002792.SZ,20160408,31.057,31.057,31.057,31.057,28.2325,2.824499999999997,10.0044,3479.68,24639.6141
002792.SZ,20160407,28.2325,28.2325,28.2325,28.2325,25.6667,2.565800000000003,9.9966,1488.76,9583.1481
002792.SZ,20160406,25.6667,25.6667,25.6667,25.6667,23.3333,2.3333999999999975,10.0003,670.59,3924.2927
002792.SZ,20160405,23.3333,23.3333,23.3333,23.3333,21.2105,2.1228000000000016,10.0083,358.77,1908.6564
002792.SZ,20160401,21.2105,21.2105,21.2105,21.2105,19.2807,1.9298000000000002,10.009,355.0,1716.78
002792.SZ,20160331,19.2807,19.2807,19.2807,19.2807,17.5263,1.7544000000000004,10.0101,149.0,655.004
002792.SZ,20160330,17.5263,17.5263,17.5263,17.5263,15.9342,1.5920999999999985,9.9917,38.0,151.848
002792.SZ,20160329,15.9342,15.9342,15.9342,15.9342,14.4868,1.4474,9.9912,73.16,265.7903
002792.SZ,20160328,13.2807,14.4868,13.2807,14.4868,10.0614,4.4254,43.9839,168.0,553.514
