ts_code,trade_date,open,high,low,close,pre_close,change,pct_chg,vol,amount
600794.SH,20200408,3.3,3.33,3.28,3.31,3.29,0.020000000000000018,0.6079,146576.58,48442.29
600794.SH,20200407,3.25,3.31,3.24,3.29,3.21,0.08000000000000007,2.4922,154547.66,50630.109
600794.SH,20200403,3.26,3.26,3.2,3.21,3.27,-0.06000000000000005,-1.8349,91777.4,29580.916
600794.SH,20200402,3.2,3.27,3.19,3.27,3.21,0.06000000000000005,1.8692,110230.47,35604.849
600794.SH,20200401,3.21,3.26,3.2,3.21,3.25,-0.040000000000000036,-1.2308,118489.0,38262.778
600794.SH,20200331,3.3,3.33,3.23,3.25,3.27,-0.020000000000000018,-0.6116,158283.9,51806.54
600794.SH,20200330,3.32,3.32,3.23,3.27,3.33,-0.06000000000000005,-1.8018,111155.0,36247.036
600794.SH,20200327,3.39,3.41,3.32,3.33,3.35,-0.020000000000000018,-0.597,121809.02,41042.667
600794.SH,20200326,3.35,3.46,3.33,3.35,3.42,-0.06999999999999984,-2.0468,172320.0,58519.842
600794.SH,20200325,3.3,3.55,3.26,3.42,3.23,0.18999999999999995,5.8824,319669.69,108714.321
600794.SH,20200324,3.24,3.26,3.18,3.23,3.19,0.040000000000000036,1.2539,106992.1,34506.426
600794.SH,20200323,3.26,3.28,3.18,3.19,3.33,-0.14000000000000012,-4.2042,121492.0,39277.776
600794.SH,20200320,3.29,3.33,3.26,3.33,3.27,0.06000000000000005,1.8349,122460.44,40331.079
600794.SH,20200319,3.24,3.29,3.17,3.27,3.25,0.020000000000000018,0.6154,155786.91,50374.718
600794.SH,20200318,3.38,3.41,3.25,3.25,3.33,-0.08000000000000007,-2.4024,164982.02,55149.514
600794.SH,20200317,3.39,3.48,3.2,3.33,3.39,-0.06000000000000005,-1.7699,210750.91,69990.727
600794.SH,20200316,3.62,3.64,3.36,3.39,3.56,-0.16999999999999993,-4.7753,264184.01,92479.246
600794.SH,20200313,3.45,3.64,3.42,3.56,3.69,-0.1299999999999999,-3.523,304363.6,107718.079
600794.SH,20200312,3.71,3.82,3.62,3.69,3.79,-0.10000000000000009,-2.6385,371973.79,138021.891
600794.SH,20200311,3.68,3.86,3.68,3.79,3.69,0.10000000000000009,2.71,512536.51,193103.738
600794.SH,20200310,3.56,3.7,3.48,3.69,3.7,-0.010000000000000231,-0.2703,384445.71,138034.824
600794.SH,20200309,3.7,3.84,3.66,3.7,3.75,-0.04999999999999982,-1.3333,412488.65,154404.973
600794.SH,20200306,3.6,3.95,3.57,3.75,3.64,0.10999999999999988,3.022,570250.16,214313.314
600794.SH,20200305,3.66,3.67,3.57,3.64,3.59,0.050000000000000266,1.3928,303925.5,110079.613
600794.SH,20200304,3.54,3.6,3.5,3.59,3.56,0.029999999999999805,0.8427,192710.38,68349.049
600794.SH,20200303,3.52,3.67,3.51,3.56,3.46,0.10000000000000009,2.8902,281140.11,100521.441
600794.SH,20200302,3.36,3.49,3.36,3.46,3.33,0.1299999999999999,3.9039,154123.05,52903.417
600794.SH,20200228,3.51,3.52,3.32,3.33,3.59,-0.2599999999999998,-7.2423,305214.0,104505.103
600794.SH,20200227,3.59,3.63,3.56,3.59,3.59,0.0,0.0,172067.69,61818.778
600794.SH,20200226,3.52,3.68,3.48,3.59,3.57,0.020000000000000018,0.5602,303736.8,109549.51
600794.SH,20200225,3.55,3.59,3.44,3.57,3.64,-0.07000000000000028,-1.9231,263424.46,93108.724
600794.SH,20200224,3.6,3.65,3.54,3.64,3.61,0.03000000000000025,0.831,235315.06,84587.239
600794.SH,20200221,3.53,3.63,3.52,3.61,3.54,0.06999999999999984,1.9774,265500.3,95268.905
600794.SH,20200220,3.51,3.56,3.46,3.54,3.5,0.040000000000000036,1.1429,213423.06,75057.878
600794.SH,20200219,3.51,3.52,3.49,3.5,3.53,-0.029999999999999805,-0.8499,160119.99,56113.658
600794.SH,20200218,3.51,3.53,3.45,3.53,3.5,0.029999999999999805,0.8571,282804.34,98935.669
600794.SH,20200217,3.36,3.51,3.36,3.5,3.35,0.1499999999999999,4.4776,279521.13,96753.248
600794.SH,20200214,3.33,3.37,3.31,3.35,3.35,0.0,0.0,136796.19,45701.69
600794.SH,20200213,3.38,3.42,3.34,3.35,3.4,-0.04999999999999982,-1.4706,165515.19,55843.279
600794.SH,20200212,3.35,3.41,3.35,3.4,3.36,0.040000000000000036,1.1905,159826.0,54072.699
600794.SH,20200211,3.38,3.43,3.35,3.36,3.4,-0.040000000000000036,-1.1765,188196.21,63578.125
600794.SH,20200210,3.28,3.42,3.24,3.4,3.29,0.10999999999999988,3.3435,234917.49,78341.805
600794.SH,20200207,3.29,3.32,3.24,3.29,3.33,-0.040000000000000036,-1.2012,270259.08,88486.752
600794.SH,20200206,3.24,3.34,3.16,3.33,3.22,0.10999999999999988,3.4161,334135.05,109570.613
600794.SH,20200205,3.17,3.26,3.17,3.22,3.17,0.050000000000000266,1.5773,275326.49,88573.929
600794.SH,20200204,3.05,3.25,3.05,3.17,3.39,-0.2200000000000002,-6.4897,371631.65,117088.91
600794.SH,20200203,3.39,3.39,3.39,3.39,3.77,-0.3799999999999999,-10.0796,27686.0,9385.554
600794.SH,20200123,3.9,3.91,3.73,3.77,3.9,-0.1299999999999999,-3.3333,247575.97,94066.528
600794.SH,20200122,3.87,3.94,3.79,3.9,3.89,0.009999999999999787,0.2571,160808.77,62079.609
600794.SH,20200121,3.94,3.95,3.88,3.89,3.96,-0.06999999999999984,-1.7677,185903.77,72795.477
600794.SH,20200120,3.92,3.98,3.92,3.96,3.94,0.020000000000000018,0.5076,113491.39,44710.514
600794.SH,20200117,3.95,3.99,3.91,3.94,3.96,-0.020000000000000018,-0.5051,119194.0,47074.695
600794.SH,20200116,4.04,4.05,3.95,3.96,4.03,-0.07000000000000028,-1.737,180722.5,71952.881
600794.SH,20200115,4.01,4.06,3.98,4.03,4.0,0.03000000000000025,0.75,219991.5,88392.501
600794.SH,20200114,3.99,4.01,3.96,4.0,3.99,0.009999999999999787,0.2506,186178.19,74215.918
600794.SH,20200113,3.99,4.0,3.94,3.99,3.98,0.010000000000000231,0.2513,154361.41,61282.945
600794.SH,20200110,4.0,4.04,3.95,3.98,4.01,-0.029999999999999805,-0.7481,206479.2,82191.41
600794.SH,20200109,3.89,4.08,3.88,4.01,3.87,0.13999999999999968,3.6176,400983.34,159793.544
600794.SH,20200108,3.95,3.95,3.87,3.87,3.97,-0.10000000000000009,-2.5189,232783.29,90879.544
600794.SH,20200107,3.95,3.97,3.92,3.97,3.94,0.03000000000000025,0.7614,233023.86,92012.863
600794.SH,20200106,3.95,3.99,3.89,3.94,3.98,-0.040000000000000036,-1.005,321324.29,126574.953
600794.SH,20200103,3.9,4.03,3.87,3.98,3.9,0.08000000000000007,2.0513,387273.24,152854.114
600794.SH,20200102,3.84,3.92,3.83,3.9,3.82,0.08000000000000007,2.0942,257166.26,99529.672
600794.SH,20191231,3.79,3.85,3.77,3.82,3.78,0.040000000000000036,1.0582,152951.22,58257.697
600794.SH,20191230,3.77,3.79,3.72,3.78,3.77,0.009999999999999787,0.2653,119510.28,44959.482
600794.SH,20191227,3.78,3.82,3.77,3.77,3.79,-0.020000000000000018,-0.5277,142144.39,53959.659
600794.SH,20191226,3.77,3.8,3.76,3.79,3.78,0.010000000000000231,0.2646,110755.64,41806.116
600794.SH,20191225,3.8,3.8,3.76,3.78,3.8,-0.020000000000000018,-0.5263,110112.84,41603.822
600794.SH,20191224,3.76,3.8,3.76,3.8,3.76,0.040000000000000036,1.0638,89233.65,33731.559
600794.SH,20191223,3.86,3.9,3.75,3.76,3.87,-0.11000000000000032,-2.8424,161622.77,61573.109
600794.SH,20191220,3.86,3.95,3.86,3.87,3.88,-0.009999999999999787,-0.2577,222610.58,86963.975
600794.SH,20191219,3.83,3.89,3.83,3.88,3.84,0.040000000000000036,1.0417,171742.38,66260.822
600794.SH,20191218,3.86,3.88,3.83,3.84,3.87,-0.03000000000000025,-0.7752,233402.23,89877.933
600794.SH,20191217,3.82,3.88,3.79,3.87,3.81,0.06000000000000005,1.5748,253636.73,97557.418
600794.SH,20191216,3.76,3.82,3.75,3.81,3.75,0.06000000000000005,1.6,149559.93,56638.949
600794.SH,20191213,3.75,3.77,3.73,3.75,3.73,0.020000000000000018,0.5362,107750.0,40401.335
600794.SH,20191212,3.76,3.77,3.73,3.73,3.76,-0.029999999999999805,-0.7979,75097.0,28116.293
600794.SH,20191211,3.77,3.8,3.74,3.76,3.79,-0.03000000000000025,-0.7916,91031.02,34193.929
600794.SH,20191210,3.87,3.87,3.77,3.79,3.8,-0.009999999999999787,-0.2632,153391.25,58240.546
600794.SH,20191209,3.8,3.82,3.75,3.8,3.76,0.040000000000000036,1.0638,122073.98,46093.473
600794.SH,20191206,3.78,3.79,3.73,3.76,3.78,-0.020000000000000018,-0.5291,93677.02,35162.664
600794.SH,20191205,3.72,3.79,3.7,3.78,3.72,0.05999999999999961,1.6129,165096.04,61808.219
600794.SH,20191204,3.7,3.75,3.7,3.72,3.74,-0.020000000000000018,-0.5348,71576.21,26634.54
600794.SH,20191203,3.72,3.75,3.68,3.74,3.78,-0.03999999999999959,-1.0582,133295.62,49507.399
600794.SH,20191202,3.82,3.89,3.77,3.78,3.73,0.04999999999999982,1.3405,198680.41,75863.515
600794.SH,20191129,3.77,3.78,3.7,3.73,3.75,-0.020000000000000018,-0.5333,77743.4,28977.831
600794.SH,20191128,3.79,3.81,3.74,3.75,3.81,-0.06000000000000005,-1.5748,80654.21,30401.481
600794.SH,20191127,3.83,3.84,3.79,3.81,3.85,-0.040000000000000036,-1.039,98527.61,37546.097
600794.SH,20191126,3.8,3.9,3.76,3.85,3.78,0.07000000000000028,1.8519,171463.02,65561.429
600794.SH,20191125,3.8,3.8,3.71,3.78,3.77,0.009999999999999787,0.2653,82135.0,30849.65
600794.SH,20191122,3.8,3.84,3.75,3.77,3.76,0.010000000000000231,0.266,130150.0,49295.185
600794.SH,20191121,3.73,3.78,3.71,3.76,3.76,0.0,0.0,104701.01,39127.848
600794.SH,20191120,3.8,3.81,3.74,3.76,3.83,-0.07000000000000028,-1.8277,111984.06,42210.149
600794.SH,20191119,3.82,3.84,3.78,3.83,3.82,0.010000000000000231,0.2618,150601.01,57340.081
600794.SH,20191118,3.7,3.83,3.68,3.82,3.72,0.09999999999999964,2.6882,152250.85,57110.902
600794.SH,20191115,3.81,3.85,3.7,3.72,3.84,-0.11999999999999966,-3.125,173153.14,65311.589
600794.SH,20191114,3.91,3.92,3.79,3.84,3.96,-0.1200000000000001,-3.0303,269383.97,103350.303
600794.SH,20191113,4.0,4.01,3.96,3.96,3.98,-0.020000000000000018,-0.5025,78953.64,31416.57
600794.SH,20191112,3.96,4.05,3.96,3.98,3.99,-0.010000000000000231,-0.2506,138143.84,55222.921
600794.SH,20191111,4.04,4.06,3.99,3.99,4.09,-0.09999999999999964,-2.445,130247.06,52292.586
600794.SH,20191108,4.07,4.1,4.03,4.09,4.05,0.040000000000000036,0.9877,154178.0,62667.621
600794.SH,20191107,4.05,4.09,3.99,4.05,4.08,-0.03000000000000025,-0.7353,188690.0,76179.762
600794.SH,20191106,4.19,4.23,4.06,4.08,4.22,-0.13999999999999968,-3.3175,309290.0,127464.889
600794.SH,20191105,4.3,4.3,4.2,4.22,4.29,-0.07000000000000028,-1.6317,294260.07,124683.904
600794.SH,20191104,4.25,4.31,4.18,4.29,4.24,0.04999999999999982,1.1792,355166.88,150395.371
600794.SH,20191101,4.22,4.31,4.18,4.24,4.25,-0.009999999999999787,-0.2353,302708.7,128481.66
600794.SH,20191031,4.3,4.45,4.21,4.25,4.2,0.04999999999999982,1.1905,472304.03,204585.96
600794.SH,20191030,4.49,4.54,4.18,4.2,4.41,-0.20999999999999996,-4.7619,518127.35,223682.986
600794.SH,20191029,4.46,4.53,4.38,4.41,4.43,-0.019999999999999574,-0.4515,785409.9,350396.872
600794.SH,20191028,4.09,4.53,4.07,4.43,4.13,0.2999999999999998,7.2639,974796.05,426928.83
600794.SH,20191025,4.08,4.15,4.07,4.13,4.1,0.03000000000000025,0.7317,134488.39,55390.292
600794.SH,20191024,4.21,4.22,4.06,4.1,4.19,-0.09000000000000075,-2.148,210226.0,86697.055
600794.SH,20191023,4.14,4.28,4.11,4.19,4.15,0.040000000000000036,0.9639,351878.67,148109.472
600794.SH,20191022,4.09,4.16,4.05,4.15,4.2,-0.04999999999999982,-1.1905,252564.47,103624.235
600794.SH,20191021,4.07,4.24,3.98,4.2,4.1,0.10000000000000053,2.439,266485.9,109650.611
600794.SH,20191018,4.16,4.21,4.08,4.1,4.17,-0.07000000000000028,-1.6787,218356.0,90381.821
600794.SH,20191017,4.25,4.27,4.13,4.17,4.32,-0.15000000000000036,-3.4722,326964.62,137189.279
600794.SH,20191016,4.4,4.59,4.3,4.32,4.27,0.05000000000000071,1.171,774141.02,343550.825
600794.SH,20191015,4.18,4.28,4.12,4.27,4.2,0.0699999999999994,1.6667,337332.21,141412.043
600794.SH,20191014,4.1,4.21,4.05,4.2,4.04,0.16000000000000014,3.9604,337333.15,139883.671
600794.SH,20191011,4.05,4.12,4.02,4.04,4.08,-0.040000000000000036,-0.9804,189769.07,77092.56
600794.SH,20191010,3.97,4.15,3.96,4.08,3.92,0.16000000000000014,4.0816,264370.39,107715.449
600794.SH,20191009,3.83,3.92,3.82,3.92,3.87,0.04999999999999982,1.292,102928.0,39987.082
600794.SH,20191008,3.88,3.92,3.84,3.87,3.88,-0.009999999999999787,-0.2577,102474.4,39774.939
600794.SH,20190930,3.96,3.97,3.87,3.88,3.96,-0.08000000000000007,-2.0202,122077.07,47634.601
600794.SH,20190927,3.79,4.03,3.78,3.96,3.94,0.020000000000000018,0.5076,259753.02,101466.597
600794.SH,20190926,4.19,4.21,3.92,3.94,4.18,-0.23999999999999977,-5.7416,341907.0,137401.835
600794.SH,20190925,4.19,4.24,4.17,4.18,4.22,-0.040000000000000036,-0.9479,170734.04,71645.72
600794.SH,20190924,4.21,4.29,4.17,4.22,4.21,0.009999999999999787,0.2375,207532.08,87718.294
600794.SH,20190923,4.25,4.28,4.16,4.21,4.29,-0.08000000000000007,-1.8648,201225.0,84456.247
600794.SH,20190920,4.36,4.36,4.28,4.29,4.35,-0.05999999999999961,-1.3793,186778.0,80586.582
600794.SH,20190919,4.23,4.38,4.23,4.35,4.21,0.13999999999999968,3.3254,331573.27,143855.637
600794.SH,20190918,4.23,4.27,4.2,4.21,4.22,-0.009999999999999787,-0.237,149441.16,63252.4
600794.SH,20190917,4.38,4.38,4.2,4.22,4.38,-0.16000000000000014,-3.653,266559.02,113876.519
600794.SH,20190916,4.4,4.47,4.36,4.38,4.37,0.009999999999999787,0.2288,347484.47,153713.786
600794.SH,20190912,4.34,4.37,4.32,4.37,4.32,0.04999999999999982,1.1574,198550.0,86281.493
600794.SH,20190911,4.39,4.4,4.32,4.32,4.39,-0.0699999999999994,-1.5945,249731.76,108706.959
600794.SH,20190910,4.44,4.44,4.36,4.39,4.44,-0.05000000000000071,-1.1261,300320.8,131567.095
600794.SH,20190909,4.39,4.46,4.36,4.44,4.36,0.08000000000000007,1.8349,398466.11,175456.159
600794.SH,20190906,4.35,4.43,4.33,4.36,4.35,0.010000000000000675,0.2299,326107.25,142420.757
600794.SH,20190905,4.38,4.42,4.35,4.35,4.35,0.0,0.0,464900.57,203738.007
600794.SH,20190904,4.41,4.46,4.3,4.35,4.46,-0.11000000000000032,-2.4664,584942.73,254541.394
600794.SH,20190903,4.46,4.57,4.45,4.46,4.66,-0.20000000000000018,-4.2918,767481.21,345612.77
600794.SH,20190902,4.45,4.78,4.36,4.66,4.55,0.11000000000000032,2.4176,998486.01,452539.759
600794.SH,20190830,4.16,4.55,4.13,4.55,4.14,0.41000000000000014,9.9034,1072047.13,469048.849
600794.SH,20190829,4.12,4.17,4.11,4.14,4.11,0.02999999999999936,0.7299,228635.46,94767.062
600794.SH,20190828,4.17,4.2,4.1,4.11,4.14,-0.02999999999999936,-0.7246,280159.0,116123.918
600794.SH,20190827,4.18,4.25,4.12,4.14,4.15,-0.010000000000000675,-0.241,494181.9,206311.066
600794.SH,20190826,4.0,4.26,3.96,4.15,4.13,0.020000000000000462,0.4843,510757.79,210975.231
600794.SH,20190823,4.14,4.22,4.11,4.13,4.14,-0.009999999999999787,-0.2415,299779.72,124358.809
600794.SH,20190822,4.12,4.16,4.07,4.14,4.12,0.019999999999999574,0.4854,283033.99,116410.778
600794.SH,20190821,4.05,4.2,4.0,4.12,4.05,0.07000000000000028,1.7284,422471.74,173673.595
600794.SH,20190820,4.0,4.14,3.95,4.05,3.92,0.1299999999999999,3.3163,476003.87,192979.081
600794.SH,20190819,3.82,3.97,3.8,3.92,3.79,0.1299999999999999,3.4301,279414.43,109155.606
600794.SH,20190816,3.76,3.85,3.74,3.79,3.76,0.03000000000000025,0.7979,176651.0,67077.964
600794.SH,20190815,3.64,3.78,3.62,3.76,3.81,-0.050000000000000266,-1.3123,152518.0,56672.331
600794.SH,20190814,3.84,3.86,3.81,3.81,3.76,0.050000000000000266,1.3298,152949.74,58575.878
600794.SH,20190813,3.78,3.81,3.75,3.76,3.83,-0.07000000000000028,-1.8277,121663.0,45937.222
600794.SH,20190812,3.75,3.87,3.75,3.83,3.78,0.050000000000000266,1.3228,113683.0,43417.401
600794.SH,20190809,3.9,3.92,3.77,3.78,3.87,-0.0900000000000003,-2.3256,175044.0,67067.002
600794.SH,20190808,3.86,3.91,3.85,3.87,3.87,0.0,0.0,139196.0,54004.098
600794.SH,20190807,3.98,3.99,3.86,3.87,3.91,-0.040000000000000036,-1.023,182083.01,71261.332
600794.SH,20190806,3.94,3.99,3.78,3.91,4.07,-0.16000000000000014,-3.9312,341702.6,133009.322
600794.SH,20190805,4.03,4.14,4.01,4.07,4.07,0.0,0.0,217822.42,88741.243
600794.SH,20190802,4.08,4.12,4.0,4.07,4.2,-0.1299999999999999,-3.0952,255514.07,103939.58
600794.SH,20190801,4.17,4.22,4.13,4.2,4.22,-0.019999999999999574,-0.4739,289164.67,120646.108
600794.SH,20190731,4.34,4.38,4.19,4.22,4.4,-0.1800000000000006,-4.0909,625512.76,266414.629
600794.SH,20190730,4.51,4.51,4.32,4.4,4.1,0.3000000000000007,7.3171,1007971.36,450682.017
600794.SH,20190729,4.12,4.15,4.07,4.1,4.18,-0.08000000000000007,-1.9139,237122.29,97468.245
600794.SH,20190726,4.07,4.22,4.03,4.18,4.08,0.09999999999999964,2.451,399899.98,165984.054
600794.SH,20190725,4.0,4.12,3.97,4.08,4.07,0.009999999999999787,0.2457,314919.28,127758.767
600794.SH,20190724,3.95,4.07,3.91,4.07,3.87,0.20000000000000018,5.168,345606.45,138492.309
600794.SH,20190723,3.86,3.93,3.82,3.87,3.83,0.040000000000000036,1.0444,148095.0,57268.074
600794.SH,20190722,4.06,4.07,3.79,3.83,4.02,-0.1899999999999995,-4.7264,258261.0,100465.21
600794.SH,20190719,4.03,4.11,4.0,4.02,4.01,0.009999999999999787,0.2494,162402.0,65895.506
600794.SH,20190718,4.14,4.17,4.01,4.01,4.18,-0.16999999999999993,-4.067,224969.0,91766.076
600794.SH,20190717,4.18,4.21,4.15,4.18,4.2,-0.020000000000000462,-0.4762,148905.0,62269.586
600794.SH,20190716,4.18,4.24,4.12,4.2,4.18,0.020000000000000462,0.4785,153167.62,64200.538
600794.SH,20190715,4.18,4.23,4.05,4.18,4.19,-0.010000000000000675,-0.2387,207702.44,86074.939
600794.SH,20190712,4.2,4.24,4.17,4.19,4.26,-0.0699999999999994,-1.6432,194839.36,81913.242
600794.SH,20190711,4.15,4.45,4.14,4.26,4.14,0.1200000000000001,2.8986,359105.35,153824.777
600794.SH,20190710,4.2,4.27,4.12,4.14,4.16,-0.020000000000000462,-0.4808,157782.0,66167.155
600794.SH,20190709,4.22,4.24,4.1,4.16,4.22,-0.05999999999999961,-1.4218,213841.0,88705.991
600794.SH,20190708,4.39,4.39,4.22,4.22,4.41,-0.1900000000000004,-4.3084,268317.99,114511.899
600794.SH,20190705,4.37,4.45,4.36,4.41,4.37,0.040000000000000036,0.9153,181110.0,79669.95
600794.SH,20190704,4.49,4.54,4.31,4.37,4.48,-0.11000000000000032,-2.4554,323790.89,143058.653
600794.SH,20190703,4.6,4.61,4.46,4.48,4.6,-0.11999999999999922,-2.6087,286668.09,129194.872
600794.SH,20190702,4.6,4.66,4.58,4.6,4.71,-0.11000000000000032,-2.3355,425885.69,196747.539
600794.SH,20190701,4.52,4.74,4.49,4.71,4.46,0.25,5.6054,744381.1,342277.033
600794.SH,20190628,4.43,4.64,4.21,4.46,4.44,0.019999999999999574,0.4505,596428.44,264355.807
600794.SH,20190627,4.41,4.49,4.41,4.44,4.42,0.020000000000000462,0.4525,269882.29,119845.181
600794.SH,20190626,4.43,4.46,4.37,4.42,4.49,-0.07000000000000028,-1.559,217711.98,96167.799
600794.SH,20190625,4.56,4.6,4.4,4.49,4.6,-0.10999999999999943,-2.3913,436884.4,195575.845
600794.SH,20190624,4.52,4.64,4.45,4.6,4.49,0.10999999999999943,2.4499,619113.35,282453.197
600794.SH,20190621,4.45,4.57,4.45,4.49,4.48,0.009999999999999787,0.2232,505878.76,227563.705
600794.SH,20190620,4.4,4.5,4.31,4.48,4.42,0.0600000000000005,1.3575,476340.36,211027.519
600794.SH,20190619,4.48,4.54,4.37,4.42,4.29,0.1299999999999999,3.0303,560971.03,249291.13
600794.SH,20190618,4.38,4.42,4.25,4.29,4.34,-0.04999999999999982,-1.1521,257290.04,110921.868
600794.SH,20190617,4.38,4.53,4.2,4.34,4.33,0.009999999999999787,0.2309,441776.0,192333.878
600794.SH,20190614,4.54,4.57,4.31,4.33,4.55,-0.21999999999999975,-4.8352,477064.88,210929.125
600794.SH,20190613,4.44,4.64,4.4,4.55,4.48,0.0699999999999994,1.5625,535337.6,243953.597
600794.SH,20190612,4.65,4.67,4.46,4.48,4.65,-0.16999999999999993,-3.6559,557940.61,252861.103
600794.SH,20190611,4.46,4.66,4.41,4.65,4.42,0.23000000000000043,5.2036,633100.61,288952.391
600794.SH,20190610,4.52,4.55,4.35,4.42,4.47,-0.04999999999999982,-1.1186,371228.89,164539.494
600794.SH,20190606,4.58,4.65,4.35,4.47,4.63,-0.16000000000000014,-3.4557,611798.75,275316.4
600794.SH,20190605,4.93,4.93,4.62,4.63,4.83,-0.20000000000000018,-4.1408,639214.74,303542.779
600794.SH,20190604,4.74,5.0,4.57,4.83,4.81,0.020000000000000462,0.4158,902794.29,431473.698
600794.SH,20190603,4.96,5.08,4.75,4.81,5.01,-0.20000000000000018,-3.992,685194.44,334884.906
600794.SH,20190531,5.2,5.23,4.95,5.01,5.12,-0.11000000000000032,-2.1484,671715.38,339296.41
600794.SH,20190530,5.12,5.2,4.97,5.12,5.24,-0.1200000000000001,-2.2901,853590.91,432248.864
600794.SH,20190529,5.43,5.5,5.22,5.24,5.31,-0.0699999999999994,-1.3183,895859.76,477863.107
600794.SH,20190528,5.16,5.54,5.11,5.31,5.16,0.14999999999999947,2.907,1116948.53,596056.35
600794.SH,20190527,5.12,5.18,4.92,5.16,5.01,0.15000000000000036,2.994,798479.72,406037.315
600794.SH,20190524,5.38,5.38,5.01,5.01,5.57,-0.5600000000000005,-10.0539,1364236.82,697195.505
600794.SH,20190523,5.52,6.02,5.45,5.57,5.73,-0.16000000000000014,-2.7923,1381493.26,795155.871
600794.SH,20190522,5.5,6.05,5.39,5.73,5.55,0.1800000000000006,3.2432,1399227.25,798065.819
600794.SH,20190521,5.33,5.74,5.33,5.55,5.4,0.14999999999999947,2.7778,1092799.45,605355.655
600794.SH,20190520,5.89,5.97,5.4,5.4,6.0,-0.5999999999999996,-10.0,1169934.56,638868.241
600794.SH,20190517,5.8304,6.4294,5.8304,6.0001,6.0201,-0.020000000000000462,-0.3322,1931010.36,1188586.391
600794.SH,20190516,6.1299,6.4394,5.8903,6.0201,6.3495,-0.3293999999999997,-5.1878,2396409.51,1473769.441
600794.SH,20190515,5.9102,6.3495,5.8204,6.3495,5.7705,0.5789999999999997,10.0338,2361014.45,1463806.589
600794.SH,20190514,5.8903,6.2197,5.6107,5.7705,5.6606,0.10990000000000055,1.9415,2440393.53,1446057.808
600794.SH,20190513,5.0217,5.6606,5.0017,5.6606,5.1415,0.5190999999999999,10.0963,926473.89,500358.955
600794.SH,20190510,4.9418,5.2913,4.852,5.1415,4.812,0.32949999999999946,6.8475,1525793.94,780967.744
600794.SH,20190509,4.842,5.1315,4.7921,4.812,4.9918,-0.1797999999999993,-3.6019,904662.9,447345.878
600794.SH,20190508,4.5924,5.2513,4.4626,4.9918,4.862,0.12979999999999947,2.6697,1428483.9,698851.268
600794.SH,20190507,5.0616,5.1415,4.5724,4.862,5.0517,-0.1897000000000002,-3.7552,1200180.73,577973.008
600794.SH,20190506,5.1914,5.3512,5.0517,5.0517,5.6107,-0.5589999999999993,-9.9631,1199986.31,616889.934
600794.SH,20190430,5.1415,5.9701,5.1415,5.6107,5.7106,-0.09990000000000077,-1.7494,2108303.08,1157067.62
600794.SH,20190429,6.1399,6.1698,5.7106,5.7106,6.3495,-0.6388999999999996,-10.0622,957368.0,563122.986
600794.SH,20190426,6.1798,6.3495,6.1798,6.3495,5.7705,0.5789999999999997,10.0338,1608039.0,1019552.266
600794.SH,20190425,5.1814,5.7705,5.1215,5.7705,5.2413,0.5292000000000003,10.0967,1806424.28,1003746.565
600794.SH,20190424,5.1914,5.3312,5.0816,5.2413,5.6507,-0.40939999999999976,-7.2451,1477384.33,761614.282
600794.SH,20190423,5.3412,5.9901,5.3012,5.6507,5.441,0.20969999999999978,3.8541,1744929.06,1001654.153
600794.SH,20190422,5.3512,5.5708,5.1715,5.441,5.3911,0.049900000000000055,0.9256,1016072.47,546119.988
600794.SH,20190419,5.2913,5.4809,5.2114,5.3911,5.5109,-0.11980000000000057,-2.1739,1163807.98,622050.873
600794.SH,20190418,5.6906,5.9402,5.4111,5.5109,6.0101,-0.4992000000000001,-8.306,2325910.14,1326513.832
600794.SH,20190417,5.5309,6.0101,5.421,6.0101,5.461,0.5491000000000001,10.0549,2258564.64,1316121.525
600794.SH,20190416,5.3412,5.6906,5.2014,5.461,5.5908,-0.12979999999999947,-2.3217,1945209.61,1062375.765
600794.SH,20190415,4.9818,5.7505,4.9818,5.5908,5.2314,0.35939999999999994,6.8701,2644694.28,1459761.573
600794.SH,20190412,4.9618,5.2314,4.842,5.2314,4.7521,0.4792999999999994,10.0861,2392151.01,1225432.529
600794.SH,20190411,4.7521,4.7521,4.7521,4.7521,4.3229,0.4292000000000007,9.9285,113292.62,53927.287
600794.SH,20190410,3.8736,4.3229,3.7738,4.3229,3.9335,0.38939999999999975,9.8996,528293.52,221329.324
600794.SH,20190409,3.8936,3.9435,3.7937,3.9335,3.9834,-0.049900000000000055,-1.2527,460271.2,178083.766
600794.SH,20190408,3.7937,4.1432,3.6939,3.9834,3.7638,0.21960000000000024,5.8345,679848.17,270121.527
600794.SH,20190404,3.8037,3.9235,3.7139,3.7638,3.8536,-0.08980000000000032,-2.3303,358221.97,136464.664
600794.SH,20190403,3.614,3.9834,3.5941,3.8536,3.654,0.19960000000000022,5.4625,494334.16,187336.208
600794.SH,20190402,3.604,3.7438,3.5641,3.654,3.614,0.040000000000000036,1.1068,382518.44,140360.301
600794.SH,20190401,3.5441,3.644,3.5142,3.614,3.5342,0.0798000000000001,2.2579,297350.07,107166.468
600794.SH,20190329,3.4144,3.5441,3.4044,3.5342,3.5042,0.029999999999999805,0.8561,224285.23,78332.144
600794.SH,20190328,3.4144,3.6639,3.3744,3.5042,3.4643,0.039899999999999824,1.1517,268296.81,95019.11
600794.SH,20190327,3.4942,3.5441,3.3445,3.4643,3.5142,-0.049900000000000055,-1.42,212430.65,73263.711
600794.SH,20190326,3.5441,3.634,3.4044,3.5142,3.5841,-0.06989999999999963,-1.9503,340550.8,119479.084
600794.SH,20190325,3.6739,3.8436,3.5541,3.5841,3.7738,-0.1897000000000002,-5.0268,587015.75,216092.37
600794.SH,20190322,3.4144,3.7738,3.3744,3.7738,3.4343,0.33950000000000014,9.8856,624165.12,229542.045
600794.SH,20190321,3.3245,3.4743,3.3245,3.4343,3.3644,0.06990000000000007,2.0776,201277.4,68774.099
600794.SH,20190320,3.3944,3.4144,3.2946,3.3644,3.3944,-0.03000000000000025,-0.8838,178939.46,59960.719
600794.SH,20190319,3.3245,3.4144,3.2946,3.3944,3.3045,0.08990000000000009,2.7205,203240.72,68100.312
600794.SH,20190318,3.2047,3.3445,3.2047,3.3045,3.2047,0.09980000000000011,3.1142,152845.81,50358.568
600794.SH,20190315,3.1947,3.2446,3.1648,3.2047,3.1648,0.039899999999999824,1.2607,109152.96,35061.734
600794.SH,20190314,3.2446,3.3045,3.1149,3.1648,3.3045,-0.13969999999999994,-4.2276,191939.59,61068.691
600794.SH,20190313,3.3445,3.3944,3.2946,3.3045,3.3445,-0.040000000000000036,-1.196,226964.0,76159.223
600794.SH,20190312,3.3545,3.4144,3.2846,3.3445,3.3245,0.020000000000000018,0.6016,241500.69,81239.271
600794.SH,20190311,3.1548,3.3245,3.1548,3.3245,3.1847,0.13980000000000015,4.3897,173495.42,56612.918
600794.SH,20190308,3.3445,3.3744,3.1248,3.1847,3.4044,-0.2197,-6.4534,292737.8,96385.554
600794.SH,20190307,3.3345,3.4543,3.2946,3.4044,3.3744,0.029999999999999805,0.889,344061.59,116138.872
600794.SH,20190306,3.2047,3.5242,3.1947,3.3744,3.2047,0.16970000000000018,5.2953,500688.68,171470.553
600794.SH,20190305,3.0849,3.2147,3.0649,3.2047,3.0849,0.11979999999999968,3.8834,276920.14,87780.591
600794.SH,20190304,3.0749,3.1348,3.055,3.0849,3.0649,0.020000000000000018,0.6525,204108.27,63340.53
600794.SH,20190301,3.0849,3.1049,3.005,3.0649,3.0949,-0.029999999999999805,-0.9693,155010.0,47367.726
600794.SH,20190228,3.0749,3.1248,3.055,3.0949,3.0849,0.009999999999999787,0.3242,142285.0,44035.2
600794.SH,20190227,3.0849,3.1348,3.055,3.0849,3.1149,-0.029999999999999805,-0.9631,233827.04,72451.309
600794.SH,20190226,3.0649,3.2147,3.015,3.1149,3.0649,0.04999999999999982,1.6314,343271.23,106443.11
600794.SH,20190225,2.9951,3.0949,2.9551,3.0649,2.9651,0.09980000000000011,3.3658,316471.63,95630.377
600794.SH,20190222,2.9052,2.9651,2.8752,2.9651,2.9152,0.049900000000000055,1.7117,150613.85,44140.797
600794.SH,20190221,2.9152,2.9352,2.8752,2.9152,2.9152,0.0,0.0,122407.83,35602.997
600794.SH,20190220,2.9152,2.9252,2.8852,2.9152,2.9252,-0.009999999999999787,-0.3419,93600.85,27175.678
600794.SH,20190219,2.9152,2.9551,2.8653,2.9252,2.9052,0.020000000000000018,0.6884,105173.6,30720.745
600794.SH,20190218,2.8553,2.9352,2.8553,2.9052,2.8453,0.05989999999999984,2.1052,88970.42,25917.813
600794.SH,20190215,2.8453,2.8752,2.8253,2.8453,2.8653,-0.020000000000000018,-0.698,58910.0,16850.534
600794.SH,20190214,2.8752,2.8952,2.8453,2.8653,2.8653,0.0,0.0,58090.0,16680.416
600794.SH,20190213,2.8353,2.8952,2.8054,2.8653,2.8553,0.009999999999999787,0.3502,102879.46,29386.946
600794.SH,20190212,2.7554,2.9052,2.7355,2.8553,2.7554,0.09990000000000032,3.6256,129425.77,36618.557
600794.SH,20190211,2.7155,2.7654,2.6955,2.7554,2.7155,0.039899999999999824,1.4693,50643.41,13913.343
600794.SH,20190201,2.6856,2.7355,2.6556,2.7155,2.6756,0.039899999999999824,1.4913,36793.0,9933.792
600794.SH,20190131,2.6856,2.7255,2.6356,2.6756,2.6756,0.0,0.0,35828.38,9565.197
600794.SH,20190130,2.7155,2.7155,2.6556,2.6756,2.6955,-0.019899999999999807,-0.7383,27949.0,7554.8
600794.SH,20190129,2.6955,2.7055,2.6057,2.6955,2.6955,0.0,0.0,64043.55,17111.996
600794.SH,20190128,2.7954,2.8054,2.6756,2.6955,2.7554,-0.05989999999999984,-2.1739,65853.0,18037.587
600794.SH,20190125,2.8153,2.8153,2.7455,2.7554,2.8054,-0.050000000000000266,-1.7823,44294.17,12322.957
600794.SH,20190124,2.7754,2.8253,2.7654,2.8054,2.7854,0.020000000000000018,0.718,30799.17,8635.142
600794.SH,20190123,2.7954,2.8153,2.7654,2.7854,2.7954,-0.009999999999999787,-0.3577,24185.0,6753.109
600794.SH,20190122,2.8253,2.8453,2.7854,2.7954,2.8453,-0.049900000000000055,-1.7538,36463.38,10279.387
600794.SH,20190121,2.8253,2.8653,2.8153,2.8453,2.8253,0.020000000000000018,0.7079,34408.01,9798.495
600794.SH,20190118,2.7954,2.9252,2.7854,2.8253,2.7954,0.029900000000000038,1.0696,66205.81,18818.936
600794.SH,20190117,2.8153,2.8253,2.7654,2.7954,2.8253,-0.029900000000000038,-1.0583,50366.94,14093.57
600794.SH,20190116,2.8353,2.8653,2.8153,2.8253,2.8553,-0.03000000000000025,-1.0507,43946.0,12466.768
600794.SH,20190115,2.8752,2.8752,2.8253,2.8553,2.8752,-0.019899999999999807,-0.6921,54033.27,15421.386
600794.SH,20190114,2.9152,2.9451,2.8453,2.8752,2.9451,-0.06990000000000007,-2.3734,97774.57,28242.207
600794.SH,20190111,2.8353,3.055,2.8253,2.9451,2.8153,0.12979999999999992,4.6105,190427.04,56294.616
600794.SH,20190110,2.7754,2.8353,2.7654,2.8153,2.7854,0.029900000000000038,1.0735,55617.47,15620.436
600794.SH,20190109,2.8253,2.8752,2.7854,2.7854,2.8253,-0.039899999999999824,-1.4122,78471.02,22255.565
600794.SH,20190108,2.8153,2.8253,2.7854,2.8253,2.8253,0.0,0.0,39186.0,11030.276
600794.SH,20190107,2.7355,2.8553,2.7355,2.8253,2.7554,0.06990000000000007,2.5368,108074.83,30437.602
600794.SH,20190104,2.6756,2.7554,2.6556,2.7554,2.7155,0.039899999999999824,1.4693,57759.42,15782.907
600794.SH,20190103,2.7155,2.7455,2.6356,2.7155,2.7654,-0.049900000000000055,-1.8044,60510.0,16345.638
600794.SH,20190102,2.6057,2.7954,2.5757,2.7654,2.5857,0.17969999999999997,6.9498,92433.02,25075.597
600794.SH,20181228,2.5857,2.6157,2.5658,2.5857,2.5857,0.0,0.0,18685.0,4857.802
600794.SH,20181227,2.6356,2.6756,2.5757,2.5857,2.6257,-0.040000000000000036,-1.5234,21667.0,5687.17
600794.SH,20181226,2.5957,2.6556,2.5957,2.6257,2.6157,0.010000000000000231,0.3823,18696.0,4899.264
600794.SH,20181225,2.6756,2.6756,2.5558,2.6157,2.6756,-0.059900000000000286,-2.2388,35781.05,9332.826
600794.SH,20181224,2.6556,2.7055,2.6556,2.6756,2.6456,0.03000000000000025,1.134,24241.0,6513.809
600794.SH,20181221,2.7055,2.7055,2.6257,2.6456,2.6955,-0.049900000000000055,-1.8512,24878.0,6624.126
600794.SH,20181220,2.6756,2.7155,2.6556,2.6955,2.6856,0.00990000000000002,0.3686,20918.0,5632.578
600794.SH,20181219,2.7455,2.7455,2.6656,2.6856,2.7455,-0.05989999999999984,-2.1818,26675.81,7215.999
600794.SH,20181218,2.7455,2.8153,2.7255,2.7455,2.7255,0.020000000000000018,0.7338,39963.41,11025.805
600794.SH,20181217,2.7355,2.7654,2.7155,2.7255,2.7554,-0.029900000000000038,-1.0851,34235.0,9397.87
600794.SH,20181214,2.8153,2.8153,2.7455,2.7554,2.8054,-0.050000000000000266,-1.7823,38101.0,10578.732
600794.SH,20181213,2.7854,2.8253,2.7754,2.8054,2.7854,0.020000000000000018,0.718,26868.0,7537.825
600794.SH,20181212,2.8054,2.8153,2.7654,2.7854,2.8054,-0.020000000000000018,-0.7129,32878.0,9161.282
600794.SH,20181211,2.8153,2.8153,2.7754,2.8054,2.7854,0.020000000000000018,0.718,34939.0,9769.482
600794.SH,20181210,2.8353,2.8353,2.7754,2.7854,2.8353,-0.049900000000000055,-1.76,27210.44,7639.096
600794.SH,20181207,2.8253,2.8553,2.8054,2.8353,2.8353,0.0,0.0,27316.0,7741.088
600794.SH,20181206,2.8653,2.8752,2.8153,2.8353,2.8852,-0.049900000000000055,-1.7295,51386.2,14607.272
600794.SH,20181205,2.8852,2.9152,2.8553,2.8852,2.9451,-0.05989999999999984,-2.0339,44188.12,12748.246
600794.SH,20181204,2.9352,2.9551,2.9052,2.9451,2.9352,0.00990000000000002,0.3373,38614.62,11351.579
600794.SH,20181203,2.9152,2.9751,2.8852,2.9352,2.8453,0.08990000000000009,3.1596,88412.82,25946.83
600794.SH,20181130,2.8253,2.8553,2.8054,2.8453,2.8353,0.009999999999999787,0.3527,42972.0,12177.93
600794.SH,20181129,2.9451,2.9551,2.8353,2.8353,2.9252,-0.08989999999999965,-3.0733,53313.0,15412.844
600794.SH,20181128,2.9052,2.9451,2.8353,2.9252,2.8952,0.029999999999999805,1.0362,60944.36,17693.73
600794.SH,20181127,2.9152,2.9152,2.8653,2.8952,2.8752,0.020000000000000018,0.6956,38972.0,11250.21
600794.SH,20181126,2.8653,2.9352,2.8553,2.8752,2.8453,0.029900000000000038,1.0509,43858.0,12676.902
600794.SH,20181123,2.9851,2.9851,2.8153,2.8453,2.9352,-0.08990000000000009,-3.0628,82206.9,23644.857
600794.SH,20181122,3.015,3.015,2.9352,2.9352,2.9951,-0.05989999999999984,-1.9999,76966.12,22880.854
600794.SH,20181121,2.8453,3.025,2.8353,2.9951,2.9052,0.08990000000000009,3.0945,89070.71,26397.257
600794.SH,20181120,2.9951,3.015,2.9052,2.9052,3.055,-0.14980000000000038,-4.9034,127765.03,37829.062
600794.SH,20181119,3.1149,3.1648,2.9851,3.055,3.1049,-0.049900000000000055,-1.6071,155235.97,47590.834
600794.SH,20181116,2.9951,3.1448,2.9551,3.1049,3.005,0.09990000000000032,3.3245,203836.91,62244.574
600794.SH,20181115,2.9851,3.0649,2.9252,3.005,3.0849,-0.0799000000000003,-2.59,242503.34,72669.885
600794.SH,20181114,2.9951,3.2946,2.9252,3.0849,2.9951,0.08980000000000032,2.9982,367695.78,115889.2
600794.SH,20181113,2.7954,3.035,2.7854,2.9951,2.9152,0.07989999999999986,2.7408,214569.47,63196.775
600794.SH,20181112,2.7754,2.9951,2.7355,2.9152,2.7754,0.13980000000000015,5.0371,159261.04,46137.774
600794.SH,20181109,2.7155,2.9152,2.6656,2.7754,2.7155,0.05989999999999984,2.2059,118466.41,33167.708
600794.SH,20181108,2.6556,2.7654,2.6157,2.7155,2.6456,0.06990000000000007,2.6421,103301.7,27949.381
600794.SH,20181107,2.7155,2.7255,2.6356,2.6456,2.7055,-0.05989999999999984,-2.214,90882.73,24178.935
600794.SH,20181106,2.6356,2.8153,2.5957,2.7055,2.6157,0.08979999999999988,3.4331,122739.48,33078.417
600794.SH,20181105,2.5757,2.6556,2.5757,2.6157,2.5857,0.029999999999999805,1.1602,71322.85,18685.612
600794.SH,20181102,2.5658,2.6057,2.5358,2.5857,2.5458,0.03990000000000027,1.5673,67670.69,17476.493
600794.SH,20181101,2.5558,2.6157,2.5458,2.5458,2.5558,-0.010000000000000231,-0.3913,62670.39,16214.064
600794.SH,20181031,2.5358,2.5757,2.5258,2.5558,2.5258,0.03000000000000025,1.1877,40271.92,10282.56
600794.SH,20181030,2.5158,2.5558,2.446,2.5258,2.4859,0.039899999999999824,1.6051,42963.05,10776.655
600794.SH,20181029,2.5059,2.5158,2.4559,2.4859,2.5158,-0.029900000000000038,-1.1885,26367.0,6568.421
600794.SH,20181026,2.5158,2.5558,2.4959,2.5158,2.4959,0.01990000000000025,0.7973,28092.4,7084.746
600794.SH,20181025,2.436,2.4959,2.406,2.4959,2.4859,0.009999999999999787,0.4023,31822.0,7816.423
600794.SH,20181024,2.4759,2.5458,2.436,2.4859,2.4859,0.0,0.0,29126.0,7294.71
600794.SH,20181023,2.5458,2.5658,2.4659,2.4859,2.5358,-0.049900000000000055,-1.9678,45326.0,11411.878
600794.SH,20181022,2.416,2.5757,2.416,2.5358,2.416,0.11980000000000013,4.9586,57175.0,14360.163
600794.SH,20181019,2.2962,2.436,2.2663,2.416,2.3761,0.039899999999999824,1.6792,36922.0,8771.548
600794.SH,20181018,2.4659,2.4659,2.3661,2.3761,2.4659,-0.08979999999999988,-3.6417,23849.0,5738.351
600794.SH,20181017,2.4759,2.5158,2.406,2.4659,2.446,0.019899999999999807,0.8136,25485.6,6276.635
600794.SH,20181016,2.4759,2.5358,2.426,2.446,2.4859,-0.039899999999999824,-1.6051,28194.0,7009.228
600794.SH,20181015,2.5158,2.5558,2.4759,2.4859,2.5158,-0.029900000000000038,-1.1885,25755.0,6487.595
600794.SH,20181012,2.5158,2.6057,2.3062,2.5158,2.5658,-0.04999999999999982,-1.9487,80412.73,19852.359
600794.SH,20181011,2.7654,2.7654,2.5558,2.5658,2.8353,-0.2695000000000003,-9.5052,89510.0,23686.373
600794.SH,20181010,2.8253,2.8653,2.8054,2.8353,2.8653,-0.029999999999999805,-1.047,32399.27,9181.859
600794.SH,20181009,2.8253,2.8852,2.8253,2.8653,2.8253,0.040000000000000036,1.4158,25879.0,7408.948
600794.SH,20181008,2.8852,2.9252,2.8253,2.8253,2.9352,-0.10990000000000011,-3.7442,39272.0,11332.706
600794.SH,20180928,2.9252,2.9551,2.9052,2.9352,2.9352,0.0,0.0,40288.63,11812.167
600794.SH,20180927,2.9551,2.9851,2.9052,2.9352,3.005,-0.06979999999999986,-2.3228,70646.1,20803.316
600794.SH,20180926,2.8952,3.045,2.8752,3.005,2.8553,0.14969999999999972,5.2429,149649.94,44257.593
600794.SH,20180925,2.8453,2.8752,2.7954,2.8553,2.8453,0.010000000000000231,0.3515,33543.0,9566.763
600794.SH,20180921,2.8453,2.8453,2.8054,2.8453,2.8253,0.020000000000000018,0.7079,34420.0,9748.398
600794.SH,20180920,2.7954,2.8353,2.7954,2.8253,2.8153,0.009999999999999787,0.3552,30661.91,8647.694
600794.SH,20180919,2.8054,2.8353,2.7754,2.8153,2.8153,0.0,0.0,55148.44,15470.655
600794.SH,20180918,2.7155,2.9451,2.7155,2.8153,2.7355,0.0798000000000001,2.9172,70458.12,19818.899
600794.SH,20180917,2.7455,2.7554,2.7155,2.7355,2.7554,-0.019899999999999807,-0.7222,26045.24,7115.732
600794.SH,20180914,2.7554,2.7854,2.7355,2.7554,2.7455,0.00990000000000002,0.3606,35464.08,9814.292
600794.SH,20180913,2.7055,2.7455,2.7055,2.7455,2.6955,0.04999999999999982,1.8549,32578.0,8904.693
600794.SH,20180912,2.6756,2.7255,2.6756,2.6955,2.7055,-0.009999999999999787,-0.3696,23492.1,6366.652
600794.SH,20180911,2.7255,2.7355,2.6656,2.7055,2.7255,-0.020000000000000018,-0.7338,37478.1,10115.719
600794.SH,20180910,2.7554,2.7554,2.7055,2.7255,2.7255,0.0,0.0,33599.0,9195.444
600794.SH,20180907,2.7155,2.7654,2.7155,2.7255,2.7155,0.009999999999999787,0.3683,39115.25,10750.303
600794.SH,20180906,2.6356,2.7654,2.6356,2.7155,2.7654,-0.049900000000000055,-1.8044,49783.0,13565.535
600794.SH,20180905,2.7954,2.8253,2.7654,2.7654,2.7854,-0.020000000000000018,-0.718,49385.43,13843.203
600794.SH,20180904,2.7654,2.8153,2.7554,2.7854,2.7954,-0.009999999999999787,-0.3577,75230.5,21043.272
600794.SH,20180903,2.7155,2.8852,2.7155,2.7954,3.005,-0.2096,-6.975,114956.27,32218.297
600794.SH,20180831,2.9951,3.025,2.9851,3.005,3.005,0.0,0.0,18886.0,5684.138
600794.SH,20180830,3.055,3.055,2.9851,3.005,3.035,-0.03000000000000025,-0.9885,30887.84,9308.057
600794.SH,20180829,3.0949,3.0949,3.035,3.035,3.0849,-0.049900000000000055,-1.6176,33656.81,10284.854
600794.SH,20180828,3.0749,3.1248,3.0649,3.0849,3.0949,-0.009999999999999787,-0.3231,22786.66,7045.077
600794.SH,20180827,3.025,3.1049,2.9951,3.0949,3.025,0.06990000000000007,2.3107,37660.66,11578.8
600794.SH,20180824,3.025,3.055,2.9651,3.025,3.045,-0.020000000000000018,-0.6568,44734.66,13463.425
600794.SH,20180823,3.025,3.0649,3.015,3.045,3.025,0.020000000000000018,0.6612,24347.12,7421.632
600794.SH,20180822,3.0949,3.1049,3.025,3.025,3.0949,-0.06990000000000007,-2.2586,32503.0,9930.343
600794.SH,20180821,3.0749,3.1248,3.055,3.0949,3.0749,0.020000000000000018,0.6504,41798.25,12924.32
600794.SH,20180820,3.1049,3.1548,3.005,3.0749,3.1149,-0.040000000000000036,-1.2842,44037.9,13504.224
600794.SH,20180817,3.2247,3.2646,3.1049,3.1149,3.1748,-0.05989999999999984,-1.8867,42346.2,13436.037
600794.SH,20180816,3.2247,3.2646,3.1648,3.1748,3.2546,-0.0798000000000001,-2.4519,46698.0,15038.163
600794.SH,20180815,3.3045,3.3345,3.2347,3.2546,3.3045,-0.049900000000000055,-1.5101,49271.06,16211.935
600794.SH,20180814,3.2247,3.3245,3.2247,3.3045,3.2446,0.05989999999999984,1.8461,46344.36,15212.936
600794.SH,20180813,3.2446,3.2646,3.1748,3.2446,3.2646,-0.020000000000000018,-0.6126,44215.0,14250.683
600794.SH,20180810,3.3045,3.3145,3.2546,3.2646,3.3045,-0.039899999999999824,-1.2074,54695.0,17961.797
600794.SH,20180809,3.2347,3.3245,3.2147,3.3045,3.2646,0.039899999999999824,1.2222,80698.11,26658.631
600794.SH,20180808,3.2946,3.3445,3.2546,3.2646,3.3545,-0.08989999999999965,-2.68,84490.4,27891.317
600794.SH,20180807,3.2546,3.3644,3.2147,3.3545,3.2746,0.07989999999999986,2.44,141228.13,46582.527
600794.SH,20180806,3.1548,3.4942,3.1149,3.2746,3.1947,0.07989999999999986,2.501,201736.31,67322.982
600794.SH,20180803,3.0749,3.1947,3.045,3.1947,3.0649,0.12979999999999992,4.235,76940.0,24245.608
600794.SH,20180802,3.005,3.0949,2.9951,3.0649,3.1248,-0.05989999999999984,-1.9169,68325.0,20861.418
600794.SH,20180801,3.1149,3.2946,3.1149,3.1248,3.1149,0.00990000000000002,0.3178,115201.6,36778.812
600794.SH,20180731,3.0849,3.1348,3.0749,3.1149,3.1149,0.0,0.0,38413.65,11953.22
600794.SH,20180730,3.1947,3.2247,3.0949,3.1149,3.2147,-0.09980000000000011,-3.1045,73171.47,23021.847
600794.SH,20180727,3.2047,3.2646,3.1947,3.2147,3.2546,-0.039899999999999824,-1.226,92582.4,29909.061
600794.SH,20180726,3.2646,3.3145,3.1947,3.2546,3.3345,-0.07989999999999986,-2.3962,200974.4,65498.928
600794.SH,20180725,3.0949,3.4044,3.055,3.3345,3.0949,0.2395999999999998,7.7418,283054.03,93877.596
600794.SH,20180724,3.035,3.0949,3.005,3.0949,3.015,0.07989999999999986,2.6501,67769.93,20758.576
600794.SH,20180723,2.9951,3.025,2.9551,3.015,2.9851,0.029900000000000038,1.0016,39000.53,11713.339
600794.SH,20180720,2.9352,2.9951,2.9052,2.9851,2.9451,0.040000000000000036,1.3582,46090.6,13584.645
600794.SH,20180719,3.015,3.025,2.9152,2.9451,3.015,-0.06990000000000007,-2.3184,48941.36,14525.043
600794.SH,20180718,2.9951,3.045,2.9851,3.015,2.9951,0.01990000000000025,0.6644,43783.44,13207.584
600794.SH,20180717,2.9851,2.9951,2.9451,2.9951,2.9851,0.009999999999999787,0.335,24492.5,7288.634
600794.SH,20180716,3.015,3.015,2.9551,2.9851,3.015,-0.029900000000000038,-0.9917,30175.44,9015.543
600794.SH,20180713,2.9951,3.035,2.9651,3.015,3.015,0.0,0.0,35797.0,10774.844
600794.SH,20180712,2.9352,3.025,2.9252,3.015,2.9252,0.08980000000000032,3.0699,49606.6,14848.842
600794.SH,20180711,3.025,3.025,2.8952,2.9252,3.025,-0.09980000000000011,-3.2992,43645.47,12881.476
600794.SH,20180710,3.0649,3.0649,3.005,3.025,3.015,0.009999999999999787,0.3317,31242.44,9481.114
600794.SH,20180709,2.9651,3.035,2.9651,3.015,2.9551,0.059900000000000286,2.027,36439.0,10998.668
600794.SH,20180706,2.8752,2.9951,2.8453,2.9551,2.8752,0.07989999999999986,2.7789,69114.41,20249.462
600794.SH,20180705,3.1049,3.1448,2.8353,2.8752,3.0949,-0.2197,-7.0988,82119.1,24428.577
600794.SH,20180704,3.1049,3.1847,3.0849,3.0949,3.1448,-0.049900000000000055,-1.5867,47798.2,14960.624
600794.SH,20180703,3.025,3.1748,3.025,3.1448,3.0749,0.06990000000000007,2.2732,81890.2,25710.024
600794.SH,20180702,3.005,3.1548,2.9951,3.0749,3.005,0.06990000000000007,2.3261,87752.67,27087.666
600794.SH,20180629,2.9052,3.005,2.9052,3.005,2.9152,0.08979999999999988,3.0804,44710.25,13321.621
600794.SH,20180628,2.9651,2.9751,2.9052,2.9152,2.9651,-0.049900000000000055,-1.6829,29431.0,8668.649
600794.SH,20180627,2.9951,3.015,2.9551,2.9651,2.9851,-0.020000000000000018,-0.67,38245.5,11400.304
600794.SH,20180626,2.9451,2.9951,2.9152,2.9851,2.9651,0.020000000000000018,0.6745,34848.27,10363.211
600794.SH,20180625,2.9851,3.025,2.9551,2.9651,2.9651,0.0,0.0,49889.2,14921.878
600794.SH,20180622,2.9152,3.005,2.8752,2.9651,2.8752,0.08990000000000009,3.1267,85102.15,25099.401
600794.SH,20180621,2.8752,2.9451,2.8553,2.8752,2.8653,0.00990000000000002,0.3455,89905.76,26058.574
600794.SH,20180620,2.8353,2.8952,2.7155,2.8653,2.8653,0.0,0.0,123979.42,35015.563
600794.SH,20180619,3.055,3.0849,2.8353,2.8653,3.1548,-0.28949999999999987,-9.1765,156818.36,45855.467
600794.SH,20180615,3.3445,3.3644,3.1548,3.1548,3.3644,-0.2096,-6.2299,111102.02,36123.48
600794.SH,20180614,3.2946,3.4044,3.2546,3.3644,3.3145,0.049900000000000055,1.5055,90009.53,30208.307
600794.SH,20180613,3.3944,3.4044,3.3045,3.3145,3.3944,-0.0799000000000003,-2.3539,84018.24,28091.024
600794.SH,20180612,3.4543,3.4842,3.3545,3.3944,3.4543,-0.05989999999999984,-1.7341,96468.54,32880.286
600794.SH,20180611,3.5641,3.5641,3.4443,3.4543,3.5741,-0.11980000000000013,-3.3519,86696.0,30242.646
600794.SH,20180608,3.7538,3.7937,3.4942,3.5741,3.7837,-0.2096,-5.5396,159263.34,57348.097
600794.SH,20180607,3.7638,3.8536,3.7338,3.7837,3.7937,-0.009999999999999787,-0.2636,81500.36,30903.618
600794.SH,20180606,3.7837,3.8936,3.6639,3.7937,3.9036,-0.10990000000000011,-2.8153,153287.68,58091.264
600794.SH,20180605,3.604,4.1531,3.604,3.9036,4.0034,-0.09980000000000011,-2.4929,218829.1,84767.773
600794.SH,20180604,4.4826,4.4826,4.0034,4.0034,4.4427,-0.43930000000000025,-9.8881,88106.0,36141.927
600794.SH,20171208,4.3229,4.4626,4.2729,4.4427,4.3029,0.13980000000000015,3.249,163945.44,72003.541
600794.SH,20171207,4.3129,4.3328,4.263,4.3029,4.3029,0.0,0.0,76536.88,32926.249
600794.SH,20171206,4.233,4.3129,4.1132,4.3029,4.243,0.05989999999999984,1.4117,83816.28,35507.354
600794.SH,20171205,4.2031,4.263,4.1831,4.243,4.223,0.020000000000000462,0.4736,114516.95,48412.409
600794.SH,20171204,4.1531,4.3927,4.1531,4.223,4.1631,0.05989999999999984,1.4388,176595.56,75832.193
600794.SH,20171201,4.1931,4.253,4.1531,4.1631,4.253,-0.08990000000000009,-2.1138,225418.63,94582.638
600794.SH,20171130,3.8836,4.263,3.8636,4.253,3.8736,0.37939999999999996,9.7945,319245.77,134814.085
600794.SH,20171129,3.8436,3.8836,3.8037,3.8736,3.8436,0.03000000000000025,0.7805,46305.02,17798.593
600794.SH,20171128,3.7638,3.8536,3.7638,3.8436,3.7937,0.049900000000000055,1.3153,63111.96,24148.416
600794.SH,20171127,3.9335,3.9435,3.7837,3.7937,3.9335,-0.13980000000000015,-3.5541,84803.0,32759.07
600794.SH,20171124,3.9834,3.9934,3.9036,3.9335,3.9834,-0.049900000000000055,-1.2527,52475.19,20810.677
600794.SH,20171123,4.0034,4.0134,3.9635,3.9834,4.0134,-0.029999999999999805,-0.7475,59356.0,23716.758
600794.SH,20171122,4.0034,4.0234,3.9734,4.0134,4.0034,0.009999999999999787,0.2498,61298.0,24570.336
600794.SH,20171121,4.0633,4.0633,3.9734,4.0034,4.0533,-0.049900000000000055,-1.2311,65416.14,26211.53
600794.SH,20171120,4.0134,4.0633,3.9435,4.0533,4.0234,0.029900000000000482,0.7432,95559.57,38092.805
600794.SH,20171117,4.0833,4.1232,3.9834,4.0234,4.0833,-0.05990000000000073,-1.467,89971.0,36463.241
600794.SH,20171116,4.1232,4.1631,4.0833,4.0833,4.1232,-0.03989999999999938,-0.9677,59912.73,24695.029
600794.SH,20171115,4.1631,4.1631,4.0533,4.1232,4.1631,-0.03990000000000027,-0.9584,85105.09,34985.434
600794.SH,20171114,4.2729,4.3328,4.1631,4.1631,4.2929,-0.12980000000000036,-3.0236,128862.0,54264.027
600794.SH,20171113,4.3328,4.3528,4.213,4.2929,4.3328,-0.03989999999999938,-0.9209,95176.26,40791.407
600794.SH,20171110,4.3828,4.3927,4.3229,4.3328,4.3728,-0.040000000000000036,-0.9147,75825.91,33070.134
600794.SH,20171109,4.3628,4.3828,4.3129,4.3728,4.3728,0.0,0.0,81563.83,35513.515
600794.SH,20171108,4.3828,4.4826,4.3528,4.3728,4.3828,-0.009999999999999787,-0.2282,86637.84,38177.399
600794.SH,20171107,4.3528,4.4227,4.3528,4.3828,4.3728,0.009999999999999787,0.2287,68949.71,30306.174
600794.SH,20171106,4.3628,4.3927,4.3129,4.3728,4.3728,0.0,0.0,63890.78,27940.267
600794.SH,20171103,4.3628,4.4427,4.3328,4.3728,4.3828,-0.009999999999999787,-0.2282,68776.2,30086.084
600794.SH,20171102,4.4027,4.4027,4.2729,4.3828,4.3828,0.0,0.0,100895.73,43612.729
600794.SH,20171101,4.3728,4.4526,4.3528,4.3828,4.3828,0.0,0.0,97987.04,43198.661
600794.SH,20171031,4.3628,4.4227,4.3129,4.3828,4.3728,0.009999999999999787,0.2287,84127.4,36963.359
600794.SH,20171030,4.5724,4.5824,4.2929,4.3728,4.5724,-0.19960000000000022,-4.3653,189586.07,83672.669
600794.SH,20171027,4.5824,4.6423,4.5525,4.5724,4.6024,-0.03000000000000025,-0.6518,50049.2,23006.385
600794.SH,20171026,4.5824,4.6024,4.5525,4.6024,4.5724,0.03000000000000025,0.6561,58005.87,26601.612
600794.SH,20171025,4.5425,4.5924,4.5026,4.5724,4.5724,0.0,0.0,67866.94,30936.437
600794.SH,20171024,4.7721,4.7721,4.4526,4.5724,4.7721,-0.1997,-4.1847,209659.6,96442.292
600794.SH,20171023,4.7122,4.7821,4.7122,4.7721,4.7322,0.03990000000000027,0.8432,63741.05,30319.074
600794.SH,20171020,4.6224,4.7621,4.6124,4.7322,4.6124,0.11979999999999968,2.5973,81262.44,38295.768
600794.SH,20171019,4.7222,4.7322,4.5824,4.6124,4.7222,-0.1097999999999999,-2.3252,84708.0,39472.654
600794.SH,20171018,4.7222,4.7921,4.6922,4.7222,4.7721,-0.049900000000000055,-1.0457,104787.11,49609.064
600794.SH,20171017,4.6922,4.842,4.6823,4.7721,4.6922,0.0799000000000003,1.7028,133296.2,63683.219
600794.SH,20171016,4.7422,4.822,4.6423,4.6922,4.852,-0.1598000000000006,-3.2935,194096.11,92090.413
600794.SH,20171013,4.9219,4.9618,4.4926,4.852,4.9119,-0.05989999999999984,-1.2195,403120.08,192511.197
600794.SH,20171012,4.9718,5.0417,4.9019,4.9119,4.9718,-0.05989999999999984,-1.2048,116968.84,58139.233
600794.SH,20171011,4.9618,5.0517,4.9219,4.9718,4.9818,-0.009999999999999787,-0.2007,150974.62,75347.716
600794.SH,20171010,4.7621,5.0916,4.7222,4.9818,4.7621,0.21969999999999956,4.6135,329408.11,163100.156
600794.SH,20171009,4.6922,4.822,4.6623,4.7621,4.6723,0.08980000000000032,1.922,198290.76,94262.082
600794.SH,20170929,4.6423,4.7122,4.6423,4.6723,4.6723,0.0,0.0,68849.66,32228.031
600794.SH,20170928,4.6423,4.7122,4.6224,4.6723,4.6623,0.009999999999999787,0.2145,118390.8,55487.834
600794.SH,20170927,4.6723,4.6922,4.6024,4.6623,4.6523,0.009999999999999787,0.2149,72353.03,33689.808
600794.SH,20170926,4.5026,4.6922,4.5026,4.6523,4.5325,0.11980000000000057,2.6431,127644.0,59061.951
600794.SH,20170925,4.5225,4.5625,4.4027,4.5325,4.5425,-0.010000000000000675,-0.2201,85779.98,38646.219
600794.SH,20170922,4.5625,4.5824,4.5026,4.5425,4.5924,-0.04989999999999917,-1.0866,79161.96,36066.507
600794.SH,20170921,4.6323,4.7222,4.5525,4.5924,4.6323,-0.03990000000000027,-0.8613,135627.19,63010.212
600794.SH,20170920,4.6423,4.6423,4.5625,4.6323,4.6423,-0.009999999999999787,-0.2154,96854.03,44627.084
600794.SH,20170919,4.6423,4.7222,4.5625,4.6423,4.6323,0.009999999999999787,0.2159,153609.63,71533.271
600794.SH,20170918,4.4626,4.7322,4.4626,4.6323,4.4427,0.18959999999999955,4.2677,239504.2,111431.585
600794.SH,20170915,4.5225,4.5225,4.4127,4.4427,4.5225,-0.07979999999999965,-1.7645,160475.27,71671.893
600794.SH,20170914,4.5924,4.6124,4.5125,4.5225,4.6024,-0.0799000000000003,-1.7361,152132.4,69441.274
600794.SH,20170913,4.6124,4.6323,4.5625,4.6024,4.6423,-0.03989999999999938,-0.8595,130433.61,60003.842
600794.SH,20170912,4.6623,4.6823,4.5924,4.6423,4.6823,-0.040000000000000036,-0.8543,175917.11,81387.599
600794.SH,20170911,4.6323,4.6922,4.5425,4.6823,4.6423,0.040000000000000036,0.8616,259116.9,119736.051
600794.SH,20170908,4.5724,4.7721,4.5625,4.6423,4.6323,0.009999999999999787,0.2159,285487.58,133535.996
600794.SH,20170907,4.6323,4.6922,4.5325,4.6323,4.7122,-0.0799000000000003,-1.6956,428982.87,197357.495
600794.SH,20170906,4.5724,4.852,4.4926,4.7122,4.5724,0.13980000000000015,3.0575,864354.44,405405.083
600794.SH,20170905,4.1332,4.5724,4.1132,4.5724,4.1531,0.4192999999999998,10.0961,795336.7,355033.937
600794.SH,20170904,4.0433,4.1731,4.0433,4.1531,4.0533,0.09980000000000011,2.4622,213612.42,88257.116
600794.SH,20170901,4.0433,4.0633,4.0234,4.0533,4.0433,0.009999999999999787,0.2473,67666.0,27394.901
600794.SH,20170831,4.0333,4.0633,4.0234,4.0433,4.0433,0.0,0.0,73142.32,29591.367
600794.SH,20170830,4.0333,4.0433,4.0234,4.0433,4.0433,0.0,0.0,56524.51,22837.199
600794.SH,20170829,4.0433,4.0533,4.0134,4.0433,4.0533,-0.009999999999999787,-0.2467,83777.53,33818.203
600794.SH,20170828,4.0234,4.0733,4.0034,4.0533,4.0234,0.029900000000000482,0.7432,91860.95,37203.718
600794.SH,20170825,4.0034,4.0333,3.9834,4.0234,4.0034,0.019999999999999574,0.4996,66515.88,26747.262
600794.SH,20170824,4.0034,4.0433,3.9834,4.0034,4.0034,0.0,0.0,63403.74,25429.874
600794.SH,20170823,4.0333,4.0333,3.9934,4.0034,4.0234,-0.019999999999999574,-0.4971,63048.15,25315.426
600794.SH,20170822,4.0633,4.0733,4.0234,4.0234,4.0733,-0.049900000000000055,-1.2251,71223.14,28809.191
600794.SH,20170821,4.0333,4.0733,4.0333,4.0733,4.0333,0.040000000000000036,0.9917,77847.64,31633.105
600794.SH,20170818,4.0234,4.0533,4.0034,4.0333,4.0433,-0.010000000000000675,-0.2473,66929.63,26993.547
600794.SH,20170817,4.0234,4.0533,3.9934,4.0433,4.0433,0.0,0.0,109630.38,44204.972
600794.SH,20170816,3.9934,4.0533,3.9635,4.0433,4.0134,0.029900000000000482,0.745,133809.07,53614.783
600794.SH,20170815,4.0034,4.0333,3.9734,4.0134,4.0134,0.0,0.0,108683.48,43541.95
600794.SH,20170814,3.9635,4.0234,3.9635,4.0134,3.9834,0.029999999999999805,0.7531,91780.03,36739.267
600794.SH,20170811,4.0234,4.0234,3.9635,3.9834,4.0433,-0.059900000000000286,-1.4815,114573.9,45772.807
600794.SH,20170810,4.1232,4.1432,4.0234,4.0433,4.1432,-0.09989999999999988,-2.4112,119010.4,48545.215
600794.SH,20170809,4.1931,4.2031,4.1332,4.1432,4.1731,-0.029899999999999594,-0.7165,51649.91,21477.31
600794.SH,20170808,4.1332,4.1831,4.1332,4.1731,4.1631,0.009999999999999787,0.2402,80690.11,33606.035
600794.SH,20170807,4.1132,4.1831,4.0932,4.1631,4.1332,0.029899999999999594,0.7234,96421.36,40022.014
600794.SH,20170804,4.0034,4.3129,4.0034,4.1332,3.9934,0.1398000000000006,3.5008,277903.46,115540.551
600794.SH,20170803,3.9834,3.9934,3.9535,3.9934,3.9734,0.020000000000000018,0.5033,34114.83,13595.622
600794.SH,20170802,4.0134,4.0234,3.9734,3.9734,4.0134,-0.040000000000000036,-0.9967,52255.0,20892.859
600794.SH,20170801,3.9934,4.0134,3.9734,4.0134,3.9934,0.020000000000000018,0.5008,51609.11,20661.985
600794.SH,20170731,4.0134,4.0234,3.9535,3.9934,4.0134,-0.020000000000000018,-0.4983,72430.74,28892.587
600794.SH,20170728,4.0433,4.0533,4.0034,4.0134,4.0833,-0.06990000000000052,-1.7119,97866.0,39416.525
600794.SH,20170727,4.0234,4.0932,4.0234,4.0833,4.0433,0.040000000000000036,0.9893,65898.36,26830.486
600794.SH,20170726,4.0433,4.0533,4.0034,4.0433,4.0433,0.0,0.0,37389.68,15084.262
600794.SH,20170725,4.0234,4.0533,3.9934,4.0433,4.0333,0.010000000000000675,0.2479,51444.37,20716.354
600794.SH,20170724,3.9934,4.0433,3.9934,4.0333,4.0234,0.00990000000000002,0.2461,61492.35,24751.701
600794.SH,20170721,4.0234,4.0833,4.0134,4.0234,3.9934,0.029999999999999805,0.7512,75358.0,30514.715
600794.SH,20170720,3.9934,4.0234,3.9834,3.9934,3.9934,0.0,0.0,46258.6,18514.364
600794.SH,20170719,3.9435,4.0034,3.9135,3.9934,3.9335,0.05989999999999984,1.5228,66230.02,26286.222
600794.SH,20170718,3.8736,3.9535,3.8736,3.9335,3.9235,0.009999999999999787,0.2549,73970.16,28999.132
600794.SH,20170717,4.1332,4.1432,3.8436,3.9235,4.1531,-0.22960000000000003,-5.5284,135091.53,54048.908
600794.SH,20170714,4.0932,4.1631,4.0533,4.1531,4.0932,0.05989999999999984,1.4634,95561.17,39390.065
600794.SH,20170713,4.1032,4.1132,4.0633,4.0932,4.1132,-0.019999999999999574,-0.4862,64143.4,26235.482
600794.SH,20170712,4.1332,4.1432,4.0533,4.1132,4.1332,-0.020000000000000462,-0.4839,79007.23,32335.404
600794.SH,20170711,4.1631,4.1931,4.1232,4.1332,4.1731,-0.03989999999999938,-0.9561,62443.0,26020.743
600794.SH,20170710,4.1631,4.1831,4.1432,4.1731,4.1731,0.0,0.0,75949.95,31647.85
600794.SH,20170707,4.1931,4.1931,4.1332,4.1731,4.2031,-0.03000000000000025,-0.7138,80395.16,33528.569
600794.SH,20170706,4.1831,4.2031,4.1531,4.2031,4.1631,0.040000000000000036,0.9608,100618.99,42105.083
600794.SH,20170705,4.1531,4.1831,4.1332,4.1631,4.1631,0.0,0.0,60514.0,25201.551
600794.SH,20170704,4.1332,4.1831,4.1232,4.1631,4.1332,0.029899999999999594,0.7234,75292.3,31364.235
600794.SH,20170703,4.1032,4.1332,4.0932,4.1332,4.1032,0.03000000000000025,0.7311,51208.53,21132.089
600794.SH,20170630,4.1132,4.1232,4.0733,4.1032,4.1132,-0.009999999999999787,-0.2431,46427.57,19048.692
600794.SH,20170629,4.1232,4.1432,4.1032,4.1132,4.1232,-0.009999999999999787,-0.2425,53835.0,22246.969
600794.SH,20170628,4.1531,4.1531,4.1032,4.1232,4.1631,-0.03990000000000027,-0.9584,50330.04,20785.938
600794.SH,20170627,4.0932,4.1731,4.0733,4.1631,4.0932,0.06989999999999963,1.7077,100811.28,41649.942
600794.SH,20170626,4.0733,4.1032,4.0533,4.0932,4.0733,0.019900000000000695,0.4885,66926.2,27359.079
600794.SH,20170623,4.0333,4.0733,4.0134,4.0733,4.0433,0.02999999999999936,0.742,86024.4,34795.801
600794.SH,20170622,4.1432,4.1531,4.0433,4.0433,4.1531,-0.1097999999999999,-2.6438,102239.0,42036.121
600794.SH,20170621,4.1531,4.1631,4.1032,4.1531,4.1531,0.0,0.0,88388.45,36593.814
600794.SH,20170620,4.1332,4.1731,4.1232,4.1531,4.1432,0.00990000000000002,0.2389,127317.87,52856.428
600794.SH,20170619,4.1132,4.1931,4.1032,4.1432,4.1032,0.040000000000000036,0.9748,101633.38,42072.468
600794.SH,20170616,4.1531,4.1631,4.0932,4.1032,4.1531,-0.049900000000000055,-1.2015,77800.52,32058.733
600794.SH,20170615,4.0533,4.1631,4.0533,4.1531,4.0733,0.07980000000000054,1.9591,148695.84,61449.733
600794.SH,20170614,4.0733,4.0932,4.0433,4.0733,4.0733,0.0,0.0,81712.99,33261.554
600794.SH,20170613,4.0333,4.0833,4.0134,4.0733,4.0433,0.02999999999999936,0.742,91337.97,37128.834
600794.SH,20170612,4.1132,4.1132,4.0234,4.0433,4.1232,-0.07989999999999942,-1.9378,86285.69,35041.214
600794.SH,20170609,4.1631,4.1731,4.1032,4.1232,4.1631,-0.03990000000000027,-0.9584,74245.99,30676.331
600794.SH,20170608,4.1831,4.2031,4.1332,4.1631,4.2031,-0.040000000000000036,-0.9517,82806.07,34524.874
600794.SH,20170607,4.1332,4.233,4.1132,4.2031,4.0833,0.11979999999999968,2.9339,129645.47,54161.188
600794.SH,20170606,4.0733,4.0932,4.0333,4.0833,4.0833,0.0,0.0,67642.1,27476.533
600794.SH,20170605,4.0833,4.0932,4.0333,4.0833,4.0833,0.0,0.0,71065.52,28940.353
600794.SH,20170602,4.0433,4.1032,3.9834,4.0833,4.0533,0.03000000000000025,0.7401,116650.38,47132.777
600794.SH,20170601,4.223,4.223,4.0433,4.0533,4.253,-0.1997,-4.6955,102949.32,42555.757
600794.SH,20170531,4.3328,4.3528,4.233,4.253,4.2829,-0.029899999999999594,-0.6981,47271.53,20241.041
600794.SH,20170526,4.2929,4.3328,4.263,4.2829,4.2929,-0.010000000000000675,-0.2329,53029.75,22747.671
600794.SH,20170525,4.223,4.2929,4.213,4.2929,4.223,0.06990000000000052,1.6552,66919.15,28539.077
600794.SH,20170524,4.1332,4.223,4.0833,4.223,4.1831,0.03990000000000027,0.9538,53123.52,22118.354
600794.SH,20170523,4.2929,4.3328,4.1631,4.1831,4.2829,-0.09980000000000011,-2.3302,75582.74,32233.331
600794.SH,20170522,4.243,4.2929,4.1831,4.2829,4.243,0.03989999999999938,0.9404,76618.68,32420.608
600794.SH,20170519,4.243,4.2929,4.223,4.243,4.2729,-0.029899999999999594,-0.6998,34295.31,14596.628
600794.SH,20170518,4.243,4.3628,4.243,4.2729,4.2929,-0.020000000000000462,-0.4659,61001.14,26268.55
600794.SH,20170517,4.2729,4.3728,4.243,4.2929,4.2829,0.010000000000000675,0.2335,60782.58,26352.45
600794.SH,20170516,4.1731,4.2929,4.1132,4.2829,4.1731,0.1097999999999999,2.6311,55158.69,23128.687
600794.SH,20170515,4.1831,4.213,4.1332,4.1731,4.1731,0.0,0.0,33649.94,14075.64
600794.SH,20170512,4.1631,4.213,4.1132,4.1731,4.1531,0.019999999999999574,0.4816,46628.06,19382.113
600794.SH,20170511,4.253,4.2829,4.0333,4.1531,4.2729,-0.11979999999999968,-2.8037,89908.03,37313.408
600794.SH,20170510,4.4427,4.4726,4.253,4.2729,4.4726,-0.1997,-4.465,51901.43,22772.841
600794.SH,20170509,4.3828,4.4726,4.3129,4.4726,4.4027,0.06989999999999963,1.5877,62556.17,27440.646
600794.SH,20170508,4.5525,4.5525,4.2929,4.4027,4.5525,-0.14979999999999993,-3.2905,56699.07,25315.418
600794.SH,20170505,4.7022,4.7122,4.5026,4.5525,4.7222,-0.16969999999999974,-3.5937,104067.11,47943.774
600794.SH,20170504,4.832,4.832,4.6823,4.7222,4.832,-0.1097999999999999,-2.2724,71126.19,33746.544
600794.SH,20170503,4.9219,4.9418,4.7921,4.832,4.9219,-0.08990000000000009,-1.8265,58539.29,28418.625
600794.SH,20170502,4.8819,4.9518,4.8819,4.9219,4.872,0.049900000000000055,1.0242,40329.71,19897.436
600794.SH,20170428,4.822,4.9019,4.812,4.872,4.842,0.03000000000000025,0.6196,31447.67,15323.987
600794.SH,20170427,4.8819,4.8919,4.7422,4.842,4.8819,-0.03990000000000027,-0.8173,80880.86,38987.167
600794.SH,20170426,4.9019,4.9219,4.872,4.8819,4.8819,0.0,0.0,32701.88,16022.907
600794.SH,20170425,4.872,4.9319,4.852,4.8819,4.872,0.00990000000000002,0.2032,46386.36,22712.086
600794.SH,20170424,4.9818,4.9918,4.862,4.872,4.9918,-0.11979999999999968,-2.3999,58362.88,28772.356
600794.SH,20170421,5.0117,5.0217,4.9319,4.9918,5.0117,-0.019900000000000695,-0.3971,44692.0,22301.359
600794.SH,20170420,5.0217,5.0716,4.9119,5.0117,5.0117,0.0,0.0,88604.4,44213.108
600794.SH,20170419,5.1415,5.1615,4.9818,5.0117,5.1315,-0.11979999999999968,-2.3346,108436.71,54790.278
600794.SH,20170418,5.2713,5.3012,5.1215,5.1315,5.2813,-0.14979999999999993,-2.8364,74288.97,38858.499
600794.SH,20170417,5.3811,5.4111,5.2214,5.2813,5.431,-0.14970000000000017,-2.7564,102945.6,54733.128
600794.SH,20170414,5.5209,5.5309,5.4111,5.431,5.5309,-0.09989999999999988,-1.8062,85094.95,46502.098
600794.SH,20170413,5.5408,5.5708,5.4809,5.5309,5.5408,-0.00990000000000002,-0.1787,68398.16,37850.795
600794.SH,20170412,5.5608,5.5908,5.4909,5.5408,5.6007,-0.05989999999999984,-1.0695,87399.76,48429.564
600794.SH,20170411,5.5608,5.6107,5.441,5.6007,5.5808,0.019899999999999807,0.3566,119240.02,66055.691
600794.SH,20170410,5.6207,5.6507,5.5408,5.5808,5.6107,-0.029899999999999594,-0.5329,99457.93,55631.882
600794.SH,20170407,5.5907,5.6604,5.5608,5.6106,5.6006,0.009999999999999787,0.1786,149845.22,84347.28
600794.SH,20170406,5.5209,5.6804,5.4711,5.6006,5.501,0.09959999999999969,1.8106,217959.68,122235.8
600794.SH,20170405,5.4113,5.5209,5.3814,5.501,5.4213,0.07970000000000077,1.4701,95845.77,52699.952
600794.SH,20170331,5.501,5.501,5.3814,5.4213,5.501,-0.07970000000000077,-1.4488,130861.85,71163.372
600794.SH,20170330,5.3914,5.5807,5.3814,5.501,5.4113,0.08970000000000056,1.6576,237738.1,131403.13
600794.SH,20170329,5.3415,5.511,5.3316,5.4113,5.3415,0.06979999999999986,1.3067,159851.47,87018.119
600794.SH,20170328,5.4412,5.4412,5.3216,5.3415,5.4412,-0.09970000000000034,-1.8323,143025.22,76948.828
600794.SH,20170327,5.4412,5.5209,5.4412,5.4412,5.4312,0.010000000000000675,0.1841,83635.25,45922.562
600794.SH,20170324,5.4312,5.4711,5.4113,5.4312,5.4312,0.0,0.0,106216.96,57942.274
600794.SH,20170323,5.4711,5.491,5.3814,5.4312,5.4811,-0.049900000000000055,-0.9104,104895.3,57304.16
600794.SH,20170322,5.5907,5.6006,5.4312,5.4811,5.6106,-0.12950000000000017,-2.3081,165243.52,91238.922
600794.SH,20170321,5.5907,5.6305,5.5907,5.6106,5.6106,0.0,0.0,63022.46,35463.906
600794.SH,20170320,5.6006,5.6405,5.5707,5.6106,5.6006,0.009999999999999787,0.1786,58062.85,32650.365
600794.SH,20170317,5.6305,5.6704,5.5907,5.6006,5.6405,-0.03990000000000027,-0.7074,80506.28,45509.41
600794.SH,20170316,5.6006,5.6505,5.5907,5.6405,5.5907,0.04980000000000029,0.8908,96143.79,54266.873
600794.SH,20170315,5.6206,5.6206,5.5608,5.5907,5.6206,-0.029899999999999594,-0.532,70453.71,39491.735
600794.SH,20170314,5.6106,5.6505,5.5907,5.6206,5.6206,0.0,0.0,83478.87,47102.941
600794.SH,20170313,5.5707,5.6206,5.491,5.6206,5.5807,0.03989999999999938,0.715,92381.43,51619.706
600794.SH,20170310,5.6804,5.7003,5.5608,5.5807,5.6804,-0.09969999999999946,-1.7552,174550.25,98209.038
600794.SH,20170309,5.6903,5.7202,5.6505,5.6804,5.6903,-0.00990000000000002,-0.174,67656.03,38564.079
600794.SH,20170308,5.7501,5.7501,5.6704,5.6903,5.7501,-0.059800000000000075,-1.04,99448.28,56910.931
600794.SH,20170307,5.78,5.78,5.7202,5.7501,5.79,-0.03990000000000027,-0.6891,86318.68,49750.184
600794.SH,20170306,5.79,5.8,5.6804,5.79,5.8199,-0.029899999999999594,-0.5138,153716.41,88723.459
600794.SH,20170303,5.8298,5.8597,5.78,5.8199,5.8298,-0.00990000000000002,-0.1698,63237.31,36881.108
600794.SH,20170302,5.8498,5.8896,5.79,5.8298,5.8896,-0.059800000000000075,-1.0153,71999.5,42139.092
600794.SH,20170301,5.8896,5.9694,5.8398,5.8896,5.9195,-0.029900000000000482,-0.5051,108730.09,64285.458
600794.SH,20170228,5.8,5.9694,5.8,5.9195,5.8,0.11950000000000038,2.0603,112738.08,66885.014
600794.SH,20170227,5.8797,5.9295,5.78,5.8,5.8896,-0.0895999999999999,-1.5213,86836.42,51044.011
600794.SH,20170224,5.8896,5.9295,5.8498,5.8896,5.9096,-0.020000000000000462,-0.3384,60251.79,35580.285
600794.SH,20170223,5.8996,5.9395,5.8,5.9096,5.8597,0.049900000000000055,0.8516,126608.9,74621.929
600794.SH,20170222,5.8099,5.9494,5.7601,5.8597,5.7701,0.0895999999999999,1.5528,194438.04,114482.963
600794.SH,20170221,5.7501,5.8099,5.7202,5.7701,5.7501,0.020000000000000462,0.3478,113324.21,65471.191
600794.SH,20170220,5.6804,5.7501,5.6604,5.7501,5.6604,0.08969999999999967,1.5847,59358.08,34025.979
600794.SH,20170217,5.8099,5.8498,5.6505,5.6604,5.8099,-0.14949999999999974,-2.5732,120780.82,69422.143
600794.SH,20170216,5.7003,5.8199,5.6704,5.8099,5.7103,0.09959999999999969,1.7442,93858.12,54253.395
600794.SH,20170215,5.7103,5.78,5.6804,5.7103,5.7103,0.0,0.0,75807.92,43526.915
600794.SH,20170214,5.7501,5.7601,5.7003,5.7103,5.7601,-0.04980000000000029,-0.8646,55187.9,31701.789
600794.SH,20170213,5.7501,5.78,5.7003,5.7601,5.7402,0.019900000000000695,0.3467,87655.52,50601.312
600794.SH,20170210,5.7003,5.7501,5.6604,5.7402,5.7003,0.03989999999999938,0.7,123658.85,70941.809
600794.SH,20170209,5.6505,5.7501,5.6305,5.7003,5.6804,0.019900000000000695,0.3503,84916.44,48460.039
600794.SH,20170208,5.6604,5.6903,5.5807,5.6804,5.6704,0.009999999999999787,0.1764,78085.0,44148.133
600794.SH,20170207,5.7601,5.7701,5.6106,5.6704,5.7701,-0.09970000000000034,-1.7279,72179.7,41151.85
600794.SH,20170206,5.7402,5.79,5.7202,5.7701,5.7402,0.029900000000000482,0.5209,44293.45,25516.115
600794.SH,20170203,5.8298,5.8298,5.7202,5.7402,5.8099,-0.0697000000000001,-1.1997,21823.02,12601.031
600794.SH,20170126,5.8099,5.8398,5.79,5.8099,5.8,0.00990000000000002,0.1707,27060.2,15772.22
600794.SH,20170125,5.8398,5.8896,5.78,5.8,5.8498,-0.04980000000000029,-0.8513,39470.32,23069.691
600794.SH,20170124,5.6804,5.9195,5.6505,5.8498,5.6804,0.16940000000000044,2.9822,85328.47,49576.147
600794.SH,20170123,5.6405,5.7202,5.6006,5.6804,5.6305,0.049900000000000055,0.8862,58286.0,33144.947
600794.SH,20170120,5.5707,5.7202,5.5408,5.6305,5.5608,0.06969999999999921,1.2534,38877.92,21964.316
600794.SH,20170119,5.6006,5.6305,5.5309,5.5608,5.6106,-0.0497999999999994,-0.8876,54918.28,30744.246
600794.SH,20170118,5.6505,5.6903,5.5707,5.6106,5.6505,-0.03990000000000027,-0.7061,65543.07,36990.13
600794.SH,20170117,5.5807,5.6604,5.4611,5.6505,5.5608,0.08969999999999967,1.6131,106546.93,59350.693
600794.SH,20170116,6.069,6.069,5.4412,5.5608,6.0491,-0.48829999999999973,-8.0723,197869.27,113121.139
600794.SH,20170113,6.0989,6.1687,6.0391,6.0491,6.0989,-0.04980000000000029,-0.8165,75626.0,46234.93
600794.SH,20170112,6.2285,6.2982,6.0591,6.0989,6.2384,-0.13949999999999996,-2.2362,122711.64,75840.393
600794.SH,20170111,6.3979,6.3979,6.2285,6.2384,6.4079,-0.16949999999999932,-2.6452,119325.07,75351.859
600794.SH,20170110,6.4776,6.4975,6.378,6.4079,6.4776,-0.0697000000000001,-1.076,81184.0,52439.655
600794.SH,20170109,6.3879,6.4876,6.358,6.4776,6.4178,0.059800000000000075,0.9318,121219.65,78482.088
600794.SH,20170106,6.378,6.5075,6.3082,6.4178,6.3879,0.029899999999999594,0.4681,125618.06,80707.627
600794.SH,20170105,6.4477,6.4577,6.368,6.3879,6.4477,-0.059800000000000075,-0.9275,105393.65,67705.877
600794.SH,20170104,6.378,6.5075,6.3481,6.4477,6.3979,0.04980000000000029,0.7784,126482.6,81771.278
600794.SH,20170103,6.2783,6.4477,6.2783,6.3979,6.2584,0.13949999999999996,2.229,115886.42,74223.644
600794.SH,20161230,6.2285,6.2683,6.1886,6.2584,6.2285,0.029899999999999594,0.4801,79542.15,49734.016
600794.SH,20161229,6.2285,6.3082,6.1986,6.2285,6.2085,0.020000000000000462,0.3221,94167.03,58859.046
600794.SH,20161228,6.3182,6.3879,6.1786,6.2085,6.3082,-0.09970000000000034,-1.5805,78693.19,49755.753
600794.SH,20161227,6.3082,6.3979,6.2883,6.3082,6.3381,-0.029899999999999594,-0.4718,120657.03,76877.26
600794.SH,20161226,6.1687,6.3481,6.1089,6.3381,6.1786,0.15949999999999953,2.5815,109420.53,68516.177
600794.SH,20161223,6.3182,6.3481,6.1587,6.1786,6.3182,-0.13959999999999972,-2.2095,135419.29,84491.79
600794.SH,20161222,6.3879,6.4676,6.2883,6.3182,6.4377,-0.11950000000000038,-1.8563,164379.89,105000.795
600794.SH,20161221,6.3879,6.5075,6.3381,6.4377,6.4278,0.00990000000000002,0.154,150641.49,97038.631
600794.SH,20161220,6.6271,6.6371,6.3481,6.4278,6.657,-0.22919999999999963,-3.443,229529.48,148902.52
600794.SH,20161219,6.6171,6.7367,6.5673,6.657,6.6371,0.019899999999999807,0.2998,228293.6,152279.186
600794.SH,20161216,6.4776,6.7566,6.3979,6.6371,6.4876,0.14950000000000063,2.3044,349061.19,231274.225
600794.SH,20161215,6.4676,6.5872,6.358,6.4876,6.4975,-0.00990000000000002,-0.1524,252551.68,163956.586
600794.SH,20161214,6.6171,6.6969,6.4477,6.4975,6.6969,-0.1994000000000007,-2.9775,300948.65,198253.291
600794.SH,20161213,6.1288,6.7467,5.9793,6.6969,6.1388,0.5581000000000005,9.0914,443402.4,287108.591
600794.SH,20161212,6.5573,6.5673,6.0989,6.1388,6.5673,-0.42850000000000055,-6.5248,244182.78,155238.57
600794.SH,20161209,6.2883,6.6171,6.2683,6.5673,6.3281,0.2392000000000003,3.78,369449.73,241923.896
600794.SH,20161208,6.3082,6.4178,6.2384,6.3281,6.2783,0.04980000000000029,0.7932,201741.4,128465.254
600794.SH,20161207,6.0989,6.2883,6.0391,6.2783,6.069,0.20929999999999982,3.4487,213515.45,132144.761
600794.SH,20161206,6.1288,6.1687,6.0591,6.069,6.1388,-0.06979999999999986,-1.137,86623.0,53058.094
600794.SH,20161205,6.1786,6.2085,6.0491,6.1388,6.2384,-0.09960000000000058,-1.5966,185993.66,114499.623
600794.SH,20161202,6.2085,6.4776,6.1886,6.2384,6.2484,-0.009999999999999787,-0.16,341954.46,217556.698
600794.SH,20161201,6.0989,6.2982,6.069,6.2484,6.089,0.15939999999999976,2.6178,158255.34,97711.549
600794.SH,20161130,6.1288,6.1786,6.0591,6.089,6.1388,-0.0497999999999994,-0.8112,89644.6,54792.349
600794.SH,20161129,6.2285,6.2484,6.079,6.1388,6.2285,-0.08970000000000056,-1.4402,190970.83,118067.583
600794.SH,20161128,6.1487,6.2883,6.1288,6.2285,6.1388,0.08970000000000056,1.4612,137371.19,85821.55
600794.SH,20161125,6.1687,6.1786,6.0391,6.1388,6.1687,-0.029900000000000482,-0.4847,157659.13,96413.214
600794.SH,20161124,6.2484,6.3381,6.1687,6.1687,6.2783,-0.10959999999999948,-1.7457,140464.1,87800.946
600794.SH,20161123,6.3182,6.378,6.2484,6.2783,6.2883,-0.009999999999999787,-0.159,139248.88,88084.498
600794.SH,20161122,6.2783,6.358,6.2285,6.2883,6.2982,-0.00990000000000002,-0.1572,203711.71,128350.905
600794.SH,20161121,6.3182,6.4178,6.2783,6.2982,6.3481,-0.049900000000000055,-0.7861,155301.88,98766.835
600794.SH,20161118,6.3979,6.6371,6.3381,6.3481,6.4577,-0.10960000000000036,-1.6972,250894.84,163189.215
600794.SH,20161117,6.4079,6.4776,6.3381,6.4577,6.4477,0.009999999999999787,0.1551,176656.17,113896.982
600794.SH,20161116,6.4676,6.4975,6.3381,6.4477,6.4676,-0.019899999999999807,-0.3077,246786.69,158932.265
600794.SH,20161115,6.1786,6.5374,6.1786,6.4676,6.1487,0.3189000000000002,5.1865,608556.88,389480.881
600794.SH,20161114,5.8896,6.2085,5.8597,6.1487,5.8797,0.26900000000000013,4.5751,404974.09,246244.543
600794.SH,20161111,5.8797,5.9295,5.8199,5.8797,5.8996,-0.019900000000000695,-0.3373,120105.93,70764.508
600794.SH,20161110,5.9195,5.9295,5.8597,5.8996,5.8697,0.029900000000000482,0.5094,127719.78,75575.662
600794.SH,20161109,5.8896,5.9494,5.7701,5.8697,5.9395,-0.06979999999999986,-1.1752,147853.6,86778.746
600794.SH,20161108,5.8099,5.9395,5.78,5.9395,5.8199,0.11960000000000015,2.055,173291.88,101922.296
600794.SH,20161107,5.8199,5.8498,5.78,5.8199,5.8099,0.009999999999999787,0.1721,58553.89,34141.146
600794.SH,20161104,5.8597,5.8996,5.7701,5.8099,5.8498,-0.03990000000000027,-0.6821,122251.79,71740.491
600794.SH,20161103,5.8199,5.8597,5.7601,5.8498,5.8199,0.029900000000000482,0.5138,101245.92,59056.549
600794.SH,20161102,5.78,5.8498,5.7601,5.8199,5.79,0.029899999999999594,0.5164,85615.1,49771.192
600794.SH,20161101,5.8099,5.8298,5.7302,5.79,5.79,0.0,0.0,84685.67,49041.112
600794.SH,20161031,5.7601,5.8398,5.7402,5.79,5.7501,0.03990000000000027,0.6939,76964.55,44729.522
600794.SH,20161028,5.8996,5.9096,5.7501,5.7501,5.8996,-0.14950000000000063,-2.5341,91167.8,52982.585
600794.SH,20161027,5.8697,5.9395,5.8498,5.8996,5.8896,0.010000000000000675,0.1698,56132.14,33189.784
600794.SH,20161026,5.8298,5.9195,5.8,5.8896,5.8597,0.029899999999999594,0.5103,109431.59,64327.597
600794.SH,20161025,5.9395,5.9793,5.8398,5.8597,5.9494,-0.08969999999999967,-1.5077,113151.09,66984.464
600794.SH,20161024,5.9594,5.9893,5.8896,5.9494,5.9395,0.00990000000000002,0.1667,86843.09,51723.841
600794.SH,20161021,5.9694,5.9893,5.8298,5.9395,5.9694,-0.029900000000000482,-0.5009,93915.67,55976.539
600794.SH,20161020,5.9793,6.0591,5.9395,5.9694,5.9494,0.020000000000000462,0.3362,116980.02,70360.124
600794.SH,20161019,5.8597,6.0192,5.8298,5.9494,5.8498,0.09959999999999969,1.7026,169821.0,101597.715
600794.SH,20161018,5.8199,5.8498,5.7601,5.8498,5.79,0.059800000000000075,1.0328,91977.64,53665.117
600794.SH,20161017,5.9096,5.9395,5.7003,5.79,5.8797,-0.08969999999999967,-1.5256,151701.94,88712.576
600794.SH,20161014,5.8896,5.9993,5.8498,5.8797,5.8797,0.0,0.0,135205.48,80266.125
600794.SH,20161013,5.78,5.9694,5.7402,5.8797,5.78,0.09969999999999946,1.7249,182434.42,107702.323
600794.SH,20161012,5.7601,5.8298,5.7302,5.78,5.78,0.0,0.0,120436.32,69822.314
600794.SH,20161011,5.7302,5.8199,5.7003,5.78,5.7103,0.0697000000000001,1.2206,132694.94,76578.76
600794.SH,20161010,5.5807,5.7302,5.5608,5.7103,5.5707,0.13959999999999972,2.506,107196.54,60906.302
600794.SH,20160930,5.5608,5.6305,5.5408,5.5707,5.5707,0.0,0.0,39413.59,22115.934
600794.SH,20160929,5.5807,5.6206,5.5508,5.5707,5.5807,-0.009999999999999787,-0.1792,34584.0,19396.667
600794.SH,20160928,5.6006,5.6405,5.5608,5.5807,5.5807,0.0,0.0,50056.17,28085.581
600794.SH,20160927,5.6006,5.7003,5.4811,5.5807,5.6505,-0.06979999999999986,-1.2353,78363.03,43948.447
600794.SH,20160926,5.7003,5.78,5.6405,5.6505,5.7202,-0.0697000000000001,-1.2185,80899.0,46414.618
600794.SH,20160923,5.7003,5.78,5.6505,5.7202,5.6804,0.0398000000000005,0.7007,79603.19,45922.407
600794.SH,20160922,5.7202,5.78,5.6604,5.6804,5.7103,-0.029900000000000482,-0.5236,93192.0,53502.856
600794.SH,20160921,5.6006,5.7601,5.5907,5.7103,5.5907,0.11960000000000015,2.1393,97420.12,55727.312
600794.SH,20160920,5.5707,5.6505,5.5309,5.5907,5.5608,0.029899999999999594,0.5377,46034.16,25927.488
600794.SH,20160919,5.491,5.6106,5.491,5.5608,5.4811,0.07970000000000077,1.4541,58936.26,32971.322
600794.SH,20160914,5.4213,5.6106,5.3814,5.4811,5.4312,0.049900000000000055,0.9188,93727.73,51847.044
600794.SH,20160913,5.5209,5.5807,5.3615,5.4312,5.511,-0.07980000000000054,-1.448,125948.93,68736.484
600794.SH,20160912,5.6604,5.6704,5.491,5.511,5.7402,-0.22919999999999963,-3.9929,131907.14,73838.758
600794.SH,20160909,5.8,5.8298,5.7402,5.7402,5.8,-0.059800000000000075,-1.031,67265.6,38986.864
600794.SH,20160908,5.8398,5.8697,5.7601,5.8,5.8697,-0.0697000000000001,-1.1875,104378.43,60538.164
600794.SH,20160907,5.8797,5.9096,5.7701,5.8697,5.8797,-0.009999999999999787,-0.1701,102177.81,59806.879
600794.SH,20160906,5.8398,5.9096,5.7402,5.8797,5.8298,0.049900000000000055,0.8559,107154.73,62480.248
600794.SH,20160905,5.8996,5.9096,5.8,5.8298,5.8697,-0.03990000000000027,-0.6798,76238.05,44610.904
600794.SH,20160902,5.8697,5.9594,5.8398,5.8697,5.8896,-0.019899999999999807,-0.3379,61232.35,36166.906
600794.SH,20160901,5.8896,5.9993,5.8797,5.8896,5.9395,-0.049900000000000055,-0.8401,62914.83,37439.132
600794.SH,20160831,5.9295,5.9694,5.8597,5.9395,5.8896,0.049900000000000055,0.8473,89833.45,53431.661
600794.SH,20160830,5.9195,6.0192,5.8597,5.8896,5.9494,-0.059800000000000075,-1.0051,99569.55,59344.033
600794.SH,20160829,6.089,6.1189,5.8199,5.9494,6.0989,-0.14950000000000063,-2.4513,179332.09,106850.183
600794.SH,20160826,6.079,6.1587,5.9993,6.0989,6.089,0.00990000000000002,0.1626,111287.5,67936.928
600794.SH,20160825,5.9993,6.2185,5.8996,6.089,6.0292,0.059800000000000075,0.9918,228547.05,139591.058
600794.SH,20160824,5.9594,6.0391,5.8896,6.0292,5.9395,0.08970000000000056,1.5102,282125.77,169304.53
600794.SH,20160823,5.79,6.0092,5.6604,5.9395,5.8,0.13949999999999996,2.4052,304438.88,178762.724
600794.SH,20160822,5.7103,5.8797,5.6903,5.8,5.7003,0.09969999999999946,1.749,193432.85,112789.098
600794.SH,20160819,5.7003,5.7501,5.5907,5.7003,5.7003,0.0,0.0,94158.57,53444.776
600794.SH,20160818,5.7302,5.9195,5.6903,5.7003,5.7701,-0.06979999999999986,-1.2097,161517.99,94211.639
600794.SH,20160817,5.7302,5.79,5.6305,5.7701,5.7202,0.049900000000000055,0.8723,143714.55,82348.179
600794.SH,20160816,5.4811,5.7701,5.4811,5.7202,5.4811,0.23910000000000053,4.3623,228397.34,130141.85
600794.SH,20160815,5.3814,5.5309,5.3515,5.4811,5.3814,0.09969999999999946,1.8527,110616.84,60446.314
600794.SH,20160812,5.4412,5.4711,5.2817,5.3814,5.4113,-0.029899999999999594,-0.5525,57519.67,30918.924
600794.SH,20160811,5.491,5.5907,5.4013,5.4113,5.501,-0.08970000000000056,-1.6306,49054.52,26971.601
600794.SH,20160810,5.4811,5.5608,5.4412,5.501,5.4811,0.019900000000000695,0.3631,76359.0,42308.587
600794.SH,20160809,5.3914,5.4811,5.3615,5.4811,5.4013,0.07979999999999965,1.4774,65195.99,35522.779
600794.SH,20160808,5.3216,5.4412,5.2817,5.4013,5.3615,0.03979999999999961,0.7423,55304.04,29721.979
600794.SH,20160805,5.3615,5.3714,5.3116,5.3615,5.3814,-0.019899999999999807,-0.3698,39351.96,21086.526
600794.SH,20160804,5.3316,5.4213,5.3116,5.3814,5.3515,0.029900000000000482,0.5587,64195.07,34625.122
600794.SH,20160803,5.3515,5.3615,5.2817,5.3515,5.3515,0.0,0.0,41649.99,22252.387
600794.SH,20160802,5.2319,5.3914,5.222,5.3515,5.202,0.14949999999999974,2.8739,75997.52,40483.689
600794.SH,20160801,5.3415,5.3515,5.1622,5.202,5.3714,-0.16940000000000044,-3.1537,57621.49,30171.255
600794.SH,20160729,5.222,5.3914,5.202,5.3714,5.222,0.14939999999999998,2.861,126474.06,67486.414
600794.SH,20160728,5.2718,5.3017,5.0824,5.222,5.3316,-0.10959999999999948,-2.0557,133153.0,69617.577
600794.SH,20160727,5.6006,5.6305,5.0824,5.3316,5.6206,-0.2889999999999997,-5.1418,250607.54,134130.141
600794.SH,20160726,5.5807,5.6305,5.5408,5.6206,5.6006,0.019999999999999574,0.3571,103504.59,57942.86
600794.SH,20160725,5.7003,5.7003,5.5807,5.6006,5.7402,-0.13959999999999972,-2.432,144496.02,81669.897
600794.SH,20160722,5.7302,5.8498,5.6804,5.7402,5.78,-0.0398000000000005,-0.6886,164001.59,95031.113
600794.SH,20160721,5.6903,5.9295,5.6505,5.78,5.6604,0.11960000000000015,2.1129,263919.94,153983.702
600794.SH,20160720,5.491,5.6704,5.4811,5.6604,5.511,0.14939999999999998,2.7109,170878.46,96290.327
600794.SH,20160719,5.4512,5.5608,5.4113,5.511,5.4811,0.029900000000000482,0.5455,126923.55,70027.102
600794.SH,20160718,5.6903,5.6903,5.4512,5.4811,5.6305,-0.14939999999999998,-2.6534,142138.74,78629.413
600794.SH,20160715,5.6305,5.7103,5.5309,5.6305,5.5707,0.05979999999999919,1.0735,163047.37,92244.592
600794.SH,20160714,5.5807,5.7003,5.491,5.5707,5.5209,0.04980000000000029,0.902,174556.29,97773.179
600794.SH,20160713,5.4013,5.6206,5.4013,5.5209,5.3914,0.12950000000000017,2.402,211696.65,117687.065
600794.SH,20160712,5.3415,5.4611,5.2817,5.3914,5.3515,0.03990000000000027,0.7456,121491.81,65747.515
600794.SH,20160711,5.2817,5.4312,5.2518,5.3515,5.2917,0.059800000000000075,1.1301,121454.57,64924.645
600794.SH,20160708,5.2817,5.3316,5.1921,5.2917,5.3216,-0.029900000000000482,-0.5619,124207.13,65666.614
600794.SH,20160707,5.3814,5.4512,5.2419,5.3216,5.3814,-0.059800000000000075,-1.1112,154845.0,83362.069
600794.SH,20160706,5.4611,5.5209,5.3615,5.3814,5.491,-0.10959999999999948,-1.996,102151.3,55395.944
600794.SH,20160705,5.3515,5.5209,5.3515,5.491,5.3415,0.14949999999999974,2.7988,233085.68,127632.119
600794.SH,20160704,5.1921,5.4113,5.1422,5.3415,5.2419,0.09959999999999969,1.9001,186476.82,99516.23
600794.SH,20160701,5.3515,5.3615,5.212,5.2419,5.3515,-0.10959999999999948,-2.048,148718.5,78558.943
600794.SH,20160630,5.3714,5.4312,5.2518,5.3515,5.3615,-0.010000000000000675,-0.1865,144784.73,77478.181
600794.SH,20160629,5.0625,5.4611,5.0426,5.3615,5.0625,0.2990000000000004,5.9062,398692.09,211682.644
600794.SH,20160628,5.0725,5.1721,5.0226,5.0625,5.1323,-0.06979999999999986,-1.36,159891.74,81461.674
600794.SH,20160627,5.0226,5.1721,4.9429,5.1323,5.0525,0.07979999999999965,1.5794,198003.07,101301.16
600794.SH,20160624,4.9628,5.212,4.8831,5.0525,4.9927,0.059800000000000075,1.1977,276102.89,139903.266
600794.SH,20160623,4.9329,5.0426,4.8433,4.9927,4.923,0.0697000000000001,1.4158,245775.41,122433.461
600794.SH,20160622,4.8931,4.9628,4.8433,4.923,4.923,0.0,0.0,132406.21,64907.703
600794.SH,20160621,4.7934,5.0326,4.7934,4.923,4.8034,0.11960000000000015,2.4899,361261.56,178810.471
600794.SH,20160620,4.5742,4.9728,4.5343,4.8034,4.5642,0.2392000000000003,5.2408,230770.99,110666.279
600794.SH,20160617,4.5543,4.6041,4.5343,4.5642,4.5543,0.00990000000000002,0.2174,66441.64,30502.411
600794.SH,20160616,4.5941,4.5941,4.5343,4.5543,4.5842,-0.029900000000000482,-0.6522,57044.59,26103.001
600794.SH,20160615,4.4845,4.6141,4.4646,4.5842,4.4945,0.08969999999999967,1.9958,84511.2,38643.806
600794.SH,20160614,4.4945,4.5343,4.4646,4.4945,4.4845,0.010000000000000675,0.223,62036.03,27984.631
600794.SH,20160613,4.6639,4.6639,4.4845,4.4845,4.7237,-0.2392000000000003,-5.0638,115657.56,53117.42
600794.SH,20160608,4.7436,4.7536,4.7037,4.7237,4.7536,-0.029899999999999594,-0.629,62736.71,29768.496
600794.SH,20160607,4.7336,4.7635,4.7137,4.7536,4.7436,0.009999999999999787,0.2108,53561.84,25472.376
600794.SH,20160606,4.7635,4.8134,4.7237,4.7436,4.7635,-0.019899999999999807,-0.4178,55231.2,26394.304
600794.SH,20160603,4.7635,4.7835,4.7237,4.7635,4.7635,0.0,0.0,70185.4,33455.125
600794.SH,20160602,4.7835,4.7835,4.7237,4.7635,4.7635,0.0,0.0,81947.9,39063.515
600794.SH,20160601,4.7835,4.8233,4.7536,4.7635,4.7835,-0.020000000000000462,-0.4181,92055.39,44226.707
600794.SH,20160531,4.634,4.8034,4.5941,4.7835,4.634,0.14949999999999974,3.2262,149645.27,71179.101
600794.SH,20160530,4.6041,4.6639,4.5443,4.634,4.6141,0.019900000000000695,0.4313,61148.86,28313.538
600794.SH,20160527,4.5642,4.624,4.5642,4.6141,4.6041,0.009999999999999787,0.2172,40350.9,18577.823
600794.SH,20160526,4.5443,4.6041,4.4945,4.6041,4.5443,0.059800000000000075,1.3159,61374.47,28023.759
600794.SH,20160525,4.5642,4.5941,4.5244,4.5443,4.5443,0.0,0.0,45389.81,20778.861
600794.SH,20160524,4.6238,4.6238,4.5045,4.5443,4.6039,-0.05960000000000054,-1.2946,58310.44,26640.559
600794.SH,20160523,4.5542,4.6139,4.5542,4.6039,4.5741,0.029800000000000715,0.6515,55382.17,25569.774
600794.SH,20160520,4.5244,4.5841,4.4946,4.5741,4.5542,0.019899999999999807,0.437,60123.66,27436.264
600794.SH,20160519,4.5642,4.6437,4.5244,4.5542,4.5542,0.0,0.0,55617.29,25613.934
600794.SH,20160518,4.6835,4.6934,4.5343,4.5542,4.6934,-0.13919999999999977,-2.9659,79535.51,36760.847
600794.SH,20160517,4.7531,4.763,4.6835,4.6934,4.7332,-0.0398000000000005,-0.8409,59860.77,28402.986
600794.SH,20160516,4.6835,4.7332,4.6437,4.7332,4.6835,0.04969999999999963,1.0612,52601.54,24795.454
600794.SH,20160513,4.6934,4.7233,4.6338,4.6835,4.6934,-0.009899999999999132,-0.2109,66589.0,31314.93
600794.SH,20160512,4.7432,4.773,4.6238,4.6934,4.7332,-0.0398000000000005,-0.8409,82726.01,38907.218
600794.SH,20160511,4.8227,4.8525,4.7133,4.7332,4.8028,-0.06960000000000033,-1.4492,81846.05,39199.107
600794.SH,20160510,4.8028,4.8326,4.7133,4.8028,4.7829,0.019900000000000695,0.4161,63415.73,30529.043
600794.SH,20160509,4.9719,4.9818,4.7432,4.7829,4.9719,-0.18900000000000006,-3.8014,125598.63,61046.36
600794.SH,20160506,5.121,5.1508,4.9619,4.9719,5.1111,-0.13920000000000066,-2.7235,136919.32,69317.271
600794.SH,20160505,5.0912,5.121,5.0514,5.1111,5.1011,0.010000000000000675,0.196,72892.25,37313.269
600794.SH,20160504,5.1011,5.1508,5.0713,5.1011,5.121,-0.019900000000000695,-0.3886,98224.02,50472.887
600794.SH,20160503,5.0116,5.131,5.0017,5.121,5.0017,0.11930000000000085,2.3852,120006.64,61432.41
600794.SH,20160429,4.9818,5.0315,4.9719,5.0017,5.0116,-0.00990000000000002,-0.1975,50342.46,25338.898
600794.SH,20160428,5.0415,5.0713,4.952,5.0116,5.0415,-0.029900000000000482,-0.5931,100934.17,50665.196
600794.SH,20160427,5.1011,5.1111,5.0315,5.0415,5.0812,-0.039699999999999847,-0.7813,74066.62,37814.814
600794.SH,20160426,5.0116,5.0812,4.9917,5.0812,5.0315,0.04969999999999963,0.9878,63722.07,32339.246
600794.SH,20160425,5.0713,5.1011,4.9917,5.0315,5.1111,-0.07960000000000012,-1.5574,78045.23,39497.549
600794.SH,20160422,4.9719,5.131,4.9619,5.1111,4.9818,0.12930000000000064,2.5954,153098.15,77733.724
600794.SH,20160421,5.0614,5.0713,4.9619,4.9818,5.0713,-0.08950000000000014,-1.7648,214545.58,108176.392
600794.SH,20160420,5.3994,5.4492,4.9719,5.0713,5.4094,-0.33809999999999985,-6.2502,240891.4,125535.942
600794.SH,20160419,5.4094,5.4293,5.3398,5.4094,5.3895,0.019899999999999807,0.3692,95544.97,51766.183
600794.SH,20160418,5.469,5.4989,5.3199,5.3895,5.5287,-0.13919999999999977,-2.5178,162508.35,88113.241
600794.SH,20160415,5.5088,5.648,5.4889,5.5287,5.4989,0.029799999999999827,0.5419,290001.04,161853.629
600794.SH,20160414,5.5088,5.5088,5.4293,5.4989,5.469,0.029899999999999594,0.5467,157946.22,87007.266
600794.SH,20160413,5.3696,5.5585,5.3497,5.469,5.3895,0.07950000000000035,1.4751,306071.16,168440.468
600794.SH,20160412,5.4293,5.4293,5.2901,5.3895,5.4193,-0.029799999999999827,-0.5499,99938.6,53718.709
600794.SH,20160411,5.3895,5.4492,5.3497,5.4193,5.3199,0.09940000000000015,1.8685,114461.85,62282.947
600794.SH,20160408,5.3796,5.3796,5.2702,5.3199,5.3994,-0.07950000000000035,-1.4724,120829.53,64460.157
600794.SH,20160407,5.5387,5.5585,5.3796,5.3994,5.5188,-0.11939999999999973,-2.1635,188863.35,103212.375
600794.SH,20160406,5.4591,5.5685,5.4293,5.5188,5.4492,0.06959999999999944,1.2773,243372.97,134849.951
600794.SH,20160405,5.3099,5.4591,5.2801,5.4492,5.3199,0.12930000000000064,2.4305,194300.45,105714.179
600794.SH,20160401,5.3298,5.4094,5.2205,5.3199,5.3796,-0.05970000000000031,-1.1097,130465.72,69490.163
600794.SH,20160331,5.3994,5.4889,5.3298,5.3796,5.3298,0.04980000000000029,0.9344,223598.15,121800.779
600794.SH,20160330,5.2304,5.3497,5.2205,5.3298,5.1906,0.13919999999999977,2.6818,152076.0,80825.763
600794.SH,20160329,5.3398,5.3696,5.131,5.1906,5.3398,-0.14920000000000044,-2.7941,166337.25,87625.275
600794.SH,20160328,5.4193,5.479,5.3199,5.3398,5.3994,-0.05959999999999965,-1.1038,160630.39,87330.712
600794.SH,20160325,5.3497,5.4193,5.3298,5.3994,5.3497,0.04969999999999963,0.929,129457.87,70029.325
600794.SH,20160324,5.4591,5.4591,5.3398,5.3497,5.5188,-0.16909999999999936,-3.0641,207103.26,112320.856
600794.SH,20160323,5.4293,5.5884,5.4193,5.5188,5.4889,0.029899999999999594,0.5447,273684.0,151151.488
600794.SH,20160322,5.5784,5.5884,5.4392,5.4889,5.6281,-0.13919999999999977,-2.4733,300280.05,166279.103
600794.SH,20160321,5.6083,5.658,5.5387,5.6281,5.5685,0.05959999999999965,1.0703,517513.4,290993.334
600794.SH,20160318,5.5585,5.6878,5.479,5.5685,5.5884,-0.019899999999999807,-0.3561,602983.68,338960.833
600794.SH,20160317,5.479,5.658,5.4193,5.5884,5.5585,0.029899999999999594,0.5379,435387.15,243013.169
600794.SH,20160316,5.3994,5.7475,5.3199,5.5585,5.3597,0.1988000000000003,3.7092,467283.99,259558.454
600794.SH,20160315,5.2901,5.4293,5.2602,5.3597,5.3696,-0.00990000000000002,-0.1844,165094.43,88593.164
600794.SH,20160314,5.1508,5.4094,5.1508,5.3696,5.1111,0.25849999999999973,5.0576,217108.86,115035.041
600794.SH,20160311,5.0514,5.131,5.0017,5.1111,5.0713,0.0398000000000005,0.7848,47466.85,24220.709
600794.SH,20160310,5.2006,5.2105,5.0315,5.0713,5.1608,-0.08950000000000014,-1.7342,68691.4,35252.245
600794.SH,20160309,5.1807,5.2503,4.9818,5.1608,5.3597,-0.19890000000000008,-3.711,103904.07,53978.69
600794.SH,20160308,5.3994,5.4392,5.1807,5.3597,5.2503,0.10939999999999994,2.0837,212613.1,113981.514
600794.SH,20160307,5.1508,5.3398,5.1508,5.2503,5.121,0.12929999999999975,2.5249,87244.26,45927.304
600794.SH,20160304,5.2702,5.3199,5.0315,5.121,5.3,-0.17899999999999938,-3.3774,95303.58,49671.82
600794.SH,20160303,5.2205,5.3796,5.1707,5.3,5.2503,0.04969999999999963,0.9466,189886.85,101423.995
600794.SH,20160302,4.952,5.2702,4.9321,5.2503,4.952,0.29830000000000023,6.0238,135404.08,69915.362
600794.SH,20160301,4.8525,4.9719,4.773,4.952,4.8326,0.11939999999999973,2.4707,77447.36,38282.871
600794.SH,20160229,5.0713,5.0713,4.594,4.8326,5.0812,-0.2485999999999997,-4.8925,133511.01,64937.322
600794.SH,20160226,5.1011,5.2105,4.9719,5.0812,5.1011,-0.019899999999999807,-0.3901,136847.03,69671.155
600794.SH,20160225,5.5486,5.5784,5.0614,5.1011,5.6182,-0.5171000000000001,-9.204,250652.45,134255.361
600794.SH,20160224,5.3199,5.6381,5.2901,5.6182,5.3597,0.25849999999999973,4.823,313224.75,172534.668
600794.SH,20160223,5.3796,5.3796,5.2602,5.3597,5.3895,-0.029799999999999827,-0.5529,176412.77,94175.703
600794.SH,20160222,5.3398,5.3994,5.2602,5.3895,5.2801,0.10939999999999994,2.0719,168654.11,90475.112
600794.SH,20160219,5.2702,5.3696,5.1906,5.2801,5.3,-0.019899999999999807,-0.3755,118648.98,62708.656
600794.SH,20160218,5.3199,5.4293,5.2702,5.3,5.3199,-0.019899999999999807,-0.3741,114626.68,61741.15
600794.SH,20160217,5.2702,5.3696,5.2304,5.3199,5.3,0.019899999999999807,0.3755,121260.24,64612.407
600794.SH,20160216,5.121,5.3199,5.1011,5.3,5.0812,0.21879999999999988,4.3061,117740.53,62091.46
600794.SH,20160215,4.952,5.1409,4.8923,5.0812,5.1011,-0.019899999999999807,-0.3901,65776.95,33338.696
600794.SH,20160205,5.1906,5.1906,5.1011,5.1011,5.1707,-0.06960000000000033,-1.346,63048.41,32595.551
600794.SH,20160204,5.1111,5.2006,5.1111,5.1707,5.1111,0.05959999999999965,1.1661,86730.74,45047.049
600794.SH,20160203,5.0713,5.121,4.9719,5.1111,5.121,-0.00990000000000002,-0.1933,66029.57,33426.0
600794.SH,20160202,4.9917,5.1608,4.9719,5.121,5.0017,0.11930000000000085,2.3852,64019.43,32845.784
600794.SH,20160201,5.0415,5.0713,4.9221,5.0017,5.0315,-0.029800000000000715,-0.5923,60052.23,30262.774
600794.SH,20160129,4.8426,5.1111,4.8326,5.0315,4.9023,0.12919999999999998,2.6355,95542.02,48077.174
600794.SH,20160128,5.0514,5.121,4.8923,4.9023,5.0812,-0.17889999999999961,-3.5208,90037.0,45424.742
600794.SH,20160127,5.1707,5.2602,4.8724,5.0812,5.2006,-0.11939999999999973,-2.2959,147222.48,75052.967
600794.SH,20160126,5.3597,5.5685,5.131,5.2006,5.3796,-0.17900000000000027,-3.3274,227214.13,122809.084
600794.SH,20160125,5.3796,5.4094,5.3199,5.3796,5.3298,0.04980000000000029,0.9344,66763.21,36061.362
600794.SH,20160122,5.3597,5.4193,5.1707,5.3298,5.3,0.029799999999999827,0.5623,99614.85,53171.76
600794.SH,20160121,5.4591,5.5486,5.2901,5.3,5.5188,-0.21879999999999988,-3.9646,100835.82,55038.225
600794.SH,20160120,5.5983,5.6381,5.469,5.5188,5.6281,-0.10930000000000017,-1.942,104740.55,58501.254
600794.SH,20160119,5.469,5.648,5.4094,5.6281,5.4492,0.17889999999999961,3.2831,147519.93,82251.806
600794.SH,20160118,5.2901,5.5387,5.2503,5.4492,5.4094,0.0398000000000005,0.7358,125208.67,68644.305
600794.SH,20160115,5.5287,5.6679,5.2702,5.4094,5.6083,-0.19890000000000008,-3.5465,117734.75,64823.364
600794.SH,20160114,5.2503,5.7077,5.2503,5.6083,5.4889,0.11939999999999973,2.1753,154511.4,85729.327
600794.SH,20160113,5.7276,5.8171,5.469,5.4889,5.6679,-0.17900000000000027,-3.1581,137179.32,78400.533
600794.SH,20160112,5.7077,5.7176,5.5088,5.6679,5.6281,0.0398000000000005,0.7072,133283.78,75649.983
600794.SH,20160111,5.9662,6.0955,5.5784,5.6281,6.0458,-0.41769999999999996,-6.9089,203160.2,119749.597
600794.SH,20160108,6.1452,6.2447,5.6381,6.0458,5.9265,0.11929999999999996,2.013,210297.3,127910.646
600794.SH,20160107,6.4833,6.4833,5.9066,5.9265,6.5529,-0.6264000000000003,-9.5591,49779.5,30832.937
600794.SH,20160106,6.4734,6.5629,6.3739,6.5529,6.4435,0.10939999999999994,1.6978,179137.82,116665.655
600794.SH,20160105,6.016,6.543,6.016,6.4435,6.4038,0.039699999999999847,0.6199,297328.25,188456.984
600794.SH,20160104,7.0998,7.1098,6.3739,6.4038,7.0799,-0.6760999999999999,-9.5496,231453.18,157731.009
600794.SH,20151231,7.2191,7.249,7.07,7.0799,7.239,-0.15909999999999958,-2.1978,159001.02,114295.761
600794.SH,20151230,7.2689,7.2788,7.0799,7.239,7.2589,-0.019899999999999807,-0.2741,249412.5,180388.983
600794.SH,20151229,7.1595,7.2788,7.07,7.2589,7.1197,0.13919999999999977,1.9551,215591.05,155971.333
600794.SH,20151228,7.3584,7.3981,7.1098,7.1197,7.3584,-0.2386999999999997,-3.2439,393059.47,286557.294
600794.SH,20151225,7.5572,7.7163,7.239,7.3584,7.5373,-0.1789000000000005,-2.3735,560700.34,418092.467
600794.SH,20151224,7.5373,7.8257,7.4677,7.5373,7.6169,-0.07960000000000012,-1.045,565677.26,433272.421
600794.SH,20151223,7.5672,7.9351,7.3683,7.6169,7.6069,0.009999999999999787,0.1315,805700.43,620907.243
600794.SH,20151222,7.4081,7.766,7.3186,7.6069,7.3981,0.2088000000000001,2.8223,727689.61,553643.679
600794.SH,20151221,7.0402,7.7163,7.0203,7.3981,7.07,0.32810000000000006,4.6407,589191.49,434844.951
600794.SH,20151218,7.1893,7.2092,7.0004,7.07,7.1794,-0.10939999999999994,-1.5238,283497.28,201561.491
600794.SH,20151217,6.8811,7.239,6.8811,7.1794,6.8512,0.3281999999999998,4.7904,404264.09,288742.899
600794.SH,20151216,6.891,6.9507,6.8512,6.8512,6.9009,-0.04969999999999963,-0.7202,120148.65,83319.573
600794.SH,20151215,6.8612,6.9805,6.8214,6.9009,6.8512,0.04969999999999963,0.7254,136057.51,94305.549
600794.SH,20151214,6.6722,6.8711,6.6325,6.8512,6.7418,0.10940000000000083,1.6227,108586.48,74058.07
600794.SH,20151211,6.7717,6.8413,6.7021,6.7418,6.8612,-0.11940000000000062,-1.7402,122673.72,83361.324
600794.SH,20151210,6.722,6.9407,6.6225,6.8612,6.6921,0.16910000000000025,2.5269,167904.79,113869.313
600794.SH,20151209,6.7418,6.8114,6.6623,6.6921,6.7717,-0.07960000000000012,-1.1755,117060.2,79147.693
600794.SH,20151208,7.0302,7.0402,6.7617,6.7717,7.06,-0.28829999999999956,-4.0836,182870.59,126233.849
600794.SH,20151207,7.0302,7.0799,7.0103,7.06,7.0302,0.029799999999999827,0.4239,137944.01,97771.176
600794.SH,20151204,7.0998,7.1495,6.9904,7.0302,7.1396,-0.10939999999999994,-1.5323,241314.06,171378.33
600794.SH,20151203,7.1098,7.1993,7.0103,7.1396,7.1098,0.029799999999999827,0.4191,235918.2,168146.882
600794.SH,20151202,6.8811,7.1595,6.712,7.1098,6.9009,0.20889999999999986,3.0271,337606.18,237348.817
600794.SH,20151201,6.7418,6.9904,6.6623,6.9009,6.6822,0.21870000000000012,3.2729,277900.26,191417.108
600794.SH,20151130,6.7418,6.8811,6.3739,6.6822,6.7916,-0.10939999999999994,-1.6108,334802.04,223539.553
600794.SH,20151127,7.3484,7.428,6.6424,6.7916,7.3484,-0.5568,-7.5772,473148.47,337989.76
600794.SH,20151126,7.5473,7.5572,7.3186,7.3484,7.5075,-0.15910000000000046,-2.1192,420007.25,313155.115
600794.SH,20151125,7.4578,7.5274,7.2589,7.5075,7.5075,0.0,0.0,637154.98,474628.034
600794.SH,20151124,7.1993,7.7362,7.1893,7.5075,7.1296,0.37790000000000035,5.3004,896980.23,674917.01
600794.SH,20151123,7.1595,7.3385,7.0203,7.1296,7.1396,-0.009999999999999787,-0.1401,482557.13,347451.758
600794.SH,20151120,7.1893,7.1993,7.07,7.1396,7.1595,-0.019900000000000695,-0.278,325727.66,233822.876
600794.SH,20151119,7.1396,7.2191,6.9805,7.1595,7.06,0.09950000000000081,1.4093,367148.9,261808.528
600794.SH,20151118,6.9606,7.418,6.9109,7.06,6.891,0.1689999999999996,2.4525,695266.76,502123.978
600794.SH,20151117,7.0103,7.06,6.8711,6.891,6.9407,-0.04969999999999963,-0.7161,315897.66,221873.473
600794.SH,20151116,6.6623,6.9507,6.6126,6.9407,6.7816,0.15909999999999958,2.3461,186511.72,127654.134
600794.SH,20151113,6.8811,6.9606,6.7617,6.7816,7.0004,-0.21879999999999988,-3.1255,274511.3,189365.011
600794.SH,20151112,7.1595,7.1993,6.9606,7.0004,7.1098,-0.10939999999999994,-1.5387,352285.26,249799.361
600794.SH,20151111,7.06,7.1197,7.0004,7.1098,7.0501,0.05970000000000031,0.8468,398140.99,282484.995
600794.SH,20151110,7.07,7.1893,6.9407,7.0501,7.0501,0.0,0.0,392594.36,278758.148
600794.SH,20151109,7.0103,7.1197,6.891,7.0501,7.0799,-0.029800000000000715,-0.4209,406377.06,286631.016
600794.SH,20151106,6.9507,7.1396,6.9009,7.0799,6.9606,0.11929999999999996,1.7139,528795.01,372865.707
600794.SH,20151105,7.0203,7.06,6.8612,6.9606,6.9904,-0.029799999999999827,-0.4263,393477.14,274687.972
600794.SH,20151104,6.6822,7.0004,6.6424,6.9904,6.6225,0.36790000000000056,5.5553,349293.14,240893.874
600794.SH,20151103,6.6623,6.7518,6.5728,6.6225,6.5927,0.029799999999999827,0.452,118478.82,79171.566
600794.SH,20151102,6.5131,6.8313,6.4734,6.5927,6.6921,-0.09940000000000015,-1.4853,180701.07,121627.26
600794.SH,20151030,6.7617,6.8114,6.5629,6.6921,6.7916,-0.09949999999999992,-1.465,181647.37,122167.281
600794.SH,20151029,6.8612,6.9308,6.6325,6.7916,6.8313,-0.039699999999999847,-0.5811,221804.11,151377.802
600794.SH,20151028,7.06,7.1098,6.7816,6.8313,7.1098,-0.2785000000000002,-3.9171,353086.59,246514.928
600794.SH,20151027,6.8214,7.1098,6.7617,7.1098,6.8114,0.2984,4.3809,558307.16,391108.783
600794.SH,20151026,6.9308,6.9308,6.712,6.8114,6.8413,-0.029900000000000482,-0.4371,253790.97,173743.064
600794.SH,20151023,6.6623,6.8413,6.5629,6.8413,6.6325,0.2088000000000001,3.1481,287491.2,193322.043
600794.SH,20151022,6.3143,6.6325,6.3143,6.6325,6.4038,0.2286999999999999,3.5713,247636.69,162208.476
600794.SH,20151021,7.0998,7.1296,6.364,6.4038,7.0501,-0.6462999999999992,-9.1672,391439.19,266470.427
600794.SH,20151020,6.7418,7.1396,6.722,7.0501,6.8114,0.2386999999999997,3.5044,319069.14,223942.757
600794.SH,20151019,6.9805,6.9805,6.7717,6.8114,7.0004,-0.18900000000000006,-2.6998,331591.19,229281.341
600794.SH,20151016,7.1495,7.1495,6.8114,7.0004,7.1197,-0.11929999999999996,-1.6756,487668.62,341690.962
600794.SH,20151015,6.722,7.1495,6.6126,7.1197,6.7518,0.36789999999999967,5.4489,497833.54,350579.539
600794.SH,20151014,6.5927,7.0402,6.5629,6.7518,6.6722,0.07960000000000012,1.193,439175.88,300334.067
600794.SH,20151013,6.4734,6.7418,6.4236,6.6722,6.5629,0.10930000000000017,1.6654,328316.27,217277.443
600794.SH,20151012,6.1452,6.712,6.0955,6.5629,6.1054,0.4574999999999996,7.4934,393845.82,255779.216
600794.SH,20151009,6.0259,6.1154,5.9861,6.1054,6.0458,0.05960000000000054,0.9858,141426.53,86268.644
600794.SH,20151008,6.016,6.1552,5.9364,6.0458,5.837,0.2088000000000001,3.5772,155758.22,94387.207
600794.SH,20150930,5.8071,5.8767,5.7574,5.837,5.8171,0.019899999999999807,0.3421,75426.72,44043.418
600794.SH,20150929,5.6779,5.8469,5.648,5.8171,5.8071,0.009999999999999787,0.1722,95864.76,55429.172
600794.SH,20150928,5.6381,5.8668,5.5983,5.8071,5.6381,0.16900000000000048,2.9975,75949.57,43694.653
600794.SH,20150925,5.8668,5.8867,5.6182,5.6381,5.8867,-0.2486000000000006,-4.2231,113871.62,65462.966
600794.SH,20150924,5.8668,5.9165,5.7773,5.8867,5.8171,0.06960000000000033,1.1965,107681.28,63356.938
600794.SH,20150923,5.837,6.0358,5.7674,5.8171,5.9364,-0.11929999999999996,-2.0096,171124.51,101132.257
600794.SH,20150922,5.7375,6.0657,5.6779,5.9364,5.7375,0.19890000000000008,3.4667,210721.17,125423.175
600794.SH,20150921,5.5088,5.7674,5.4889,5.7375,5.5387,0.19879999999999942,3.5893,142627.78,81255.605
600794.SH,20150918,5.5088,5.658,5.4293,5.5387,5.4392,0.09950000000000081,1.8293,108426.22,60229.305
600794.SH,20150917,5.6182,5.8071,5.4293,5.4392,5.6083,-0.16910000000000025,-3.0152,198700.69,112341.622
600794.SH,20150916,5.2205,5.6381,5.1409,5.6083,5.121,0.4872999999999994,9.5157,186551.26,100643.206
600794.SH,20150915,5.4193,5.7176,5.1011,5.121,5.5585,-0.4375,-7.8708,186988.46,101836.838
600794.SH,20150914,6.1651,6.2148,5.5585,5.5585,6.1452,-0.5866999999999996,-9.5473,197645.77,116079.424
600794.SH,20150911,6.1949,6.2844,6.006,6.1452,6.1949,-0.04969999999999963,-0.8023,144127.95,89056.49
600794.SH,20150910,6.1253,6.3938,6.016,6.1949,6.1651,0.029799999999999827,0.4834,222847.24,140049.999
600794.SH,20150909,6.0657,6.2447,5.9861,6.1651,5.9563,0.2088000000000001,3.5055,216149.94,133119.678
600794.SH,20150908,5.6679,5.9662,5.5784,5.9563,5.658,0.29829999999999934,5.2722,135183.47,78525.973
600794.SH,20150907,5.6182,5.9165,5.5685,5.658,5.5088,0.14920000000000044,2.7084,155217.47,89673.202
600794.SH,20150902,5.469,5.9463,5.1707,5.5088,5.6779,-0.16910000000000025,-2.9782,181736.81,103243.189
600794.SH,20150901,6.0657,6.0657,5.4989,5.6779,6.0955,-0.4176000000000002,-6.851,189183.63,108715.577
600794.SH,20150831,6.4634,6.4634,6.0657,6.0955,6.4634,-0.36789999999999967,-5.6921,193203.66,120709.703
600794.SH,20150828,6.1949,6.543,6.1651,6.4634,6.0458,0.4176000000000002,6.9073,272212.05,172889.243
600794.SH,20150827,5.6978,6.0458,5.6182,6.0458,5.4989,0.5468999999999999,9.9456,375477.61,220527.506
600794.SH,20150826,5.8668,6.0458,5.3199,5.4989,5.8071,-0.30820000000000025,-5.3073,280732.07,163173.97
600794.SH,20150825,6.2248,6.2248,5.8071,5.8071,6.4535,-0.6463999999999999,-10.0163,263627.03,156929.75
600794.SH,20150824,6.712,6.8711,6.4535,6.4535,7.1694,-0.7159000000000004,-9.9855,277759.44,181787.31
600794.SH,20150821,7.5572,7.7263,6.9805,7.1694,7.7462,-0.5767999999999995,-7.4462,239354.23,176345.715
600794.SH,20150820,8.0146,8.0146,7.4379,7.7462,8.0445,-0.29829999999999934,-3.7081,273234.34,212833.412
600794.SH,20150819,7.7561,8.1141,7.1595,8.0445,7.8754,0.16909999999999936,2.1472,459234.25,351715.068
600794.SH,20150818,8.6013,8.651,7.8754,7.8754,8.7505,-0.8751000000000007,-10.0006,608021.06,504917.686
600794.SH,20150817,9.3968,9.3968,8.7206,8.7505,8.6709,0.079600000000001,0.918,865392.52,779340.929
600794.SH,20150814,8.6709,8.6709,8.6709,8.6709,7.8854,0.7854999999999999,9.9614,32710.8,28523.818
600794.SH,20150724,8.2036,8.3229,7.7163,7.8854,8.124,-0.2386000000000008,-2.937,859765.5,699742.488
600794.SH,20150723,7.5672,8.124,7.5672,8.124,7.3882,0.7358000000000002,9.9591,746451.52,588583.727
600794.SH,20150722,7.428,7.5572,7.0899,7.3882,7.418,-0.029799999999999827,-0.4017,466161.74,344756.651
600794.SH,20150721,7.3981,7.5572,7.1694,7.418,7.418,0.0,0.0,466886.57,347437.308
600794.SH,20150720,7.3186,7.5373,7.1595,7.418,7.1993,0.21870000000000012,3.0378,596669.57,442352.768
600794.SH,20150717,6.7816,7.3385,6.7717,7.1993,6.7319,0.4673999999999996,6.9431,452571.25,322682.871
600794.SH,20150716,6.0756,6.9705,6.006,6.7319,6.5728,0.15910000000000046,2.4206,444165.85,294515.157
600794.SH,20150715,7.0501,7.1893,6.5728,6.5728,7.2987,-0.7259000000000002,-9.9456,558089.18,382390.231
600794.SH,20150714,7.0998,7.766,7.0998,7.2987,7.0998,0.19890000000000008,2.8015,962546.66,718787.908
600794.SH,20150713,7.0799,7.0998,6.7418,7.0998,6.4535,0.6463000000000001,10.0147,710585.53,498934.411
600794.SH,20150710,6.2645,6.4535,5.9662,6.4535,5.8668,0.5867000000000004,10.0003,412649.72,264128.337
600794.SH,20150709,4.7929,5.8668,4.7929,5.8668,5.3298,0.5369999999999999,10.0754,923888.52,505734.22
600794.SH,20150708,5.3298,5.3298,5.3298,5.3298,5.9265,-0.5967000000000002,-10.0683,54343.0,29127.848
600794.SH,20150707,6.1452,6.2148,5.9265,5.9265,6.5827,-0.6562000000000001,-9.9686,232854.97,139700.508
600794.SH,20150706,8.0345,8.0345,6.5827,6.5827,7.3086,-0.7259000000000002,-9.9321,540131.69,382575.492
600794.SH,20150703,7.6467,8.1439,7.3086,7.3086,8.124,-0.8154000000000003,-10.0369,592041.71,442828.711
600794.SH,20150702,9.0289,9.2178,8.124,8.124,9.0289,-0.9048999999999996,-10.0223,466863.22,396451.683
600794.SH,20150701,9.5659,10.1128,8.84,9.0289,9.8244,-0.7955000000000005,-8.0972,442025.06,425647.412
600794.SH,20150630,8.9692,9.8642,8.1936,9.8244,9.0985,0.7259000000000011,7.9782,533826.22,477368.992
600794.SH,20150629,10.4906,10.5801,9.0985,9.0985,10.1128,-1.0143000000000004,-10.0299,457813.77,439596.337
600794.SH,20150626,10.9182,10.9381,10.1128,10.1128,11.2364,-1.1235999999999997,-9.9996,403620.75,425376.395
600794.SH,20150625,12.0816,12.0816,10.9381,11.2364,12.012,-0.7756000000000007,-6.4569,401528.45,469460.252
600794.SH,20150624,11.843,12.2308,11.6342,12.012,11.7137,0.2983000000000011,2.5466,435739.98,523329.594
600794.SH,20150623,11.1867,11.7435,10.1227,11.7137,11.1767,0.536999999999999,4.8046,523732.18,590054.554
600794.SH,20150619,12.1512,12.1512,11.1767,11.1767,12.4197,-1.2430000000000003,-10.0083,410188.7,481886.164
600794.SH,20150618,12.9268,13.1754,12.3998,12.4197,12.8373,-0.4176000000000002,-3.253,465679.82,601204.62
600794.SH,20150617,12.3203,13.076,11.654,12.8373,12.5092,0.32810000000000095,2.6229,601298.4,744593.825
600794.SH,20150616,13.2351,13.2351,12.3899,12.5092,13.5036,-0.9944000000000006,-7.364,669733.65,860374.272
600794.SH,20150615,14.2991,14.3985,13.4638,13.5036,14.2692,-0.7655999999999992,-5.3654,1059027.88,1474971.89
600794.SH,20150612,13.603,14.5178,13.5831,14.2692,13.5334,0.7357999999999993,5.4369,1082796.79,1535792.778
600794.SH,20150611,13.6229,13.9212,13.424,13.5334,13.6726,-0.13919999999999888,-1.0181,678067.14,926465.343
600794.SH,20150610,13.424,14.1201,13.1854,13.6726,13.8019,-0.12930000000000064,-0.9368,802673.51,1106372.588
600794.SH,20150609,13.3743,14.0803,12.9766,13.8019,13.3644,0.4375,3.2736,957989.29,1312390.308
600794.SH,20150608,14.1201,14.4681,13.2053,13.3644,13.8814,-0.5169999999999995,-3.7244,1409493.61,1937737.115
600794.SH,20150605,12.6981,13.8814,12.6981,13.8814,12.6186,1.2627999999999986,10.0074,1796733.78,2416197.778
600794.SH,20150604,11.6938,12.7479,10.9381,12.6186,11.7137,0.9049000000000014,7.7251,1269673.68,1531792.052
600794.SH,20150603,12.0319,12.2208,11.2165,11.7137,11.9822,-0.2685000000000013,-2.2408,863465.13,1026118.293
600794.SH,20150602,11.2066,12.022,10.9381,11.9822,11.1668,0.8154000000000003,7.302,971234.93,1122363.75
600794.SH,20150601,10.8088,11.2364,10.7392,11.1668,10.779,0.38780000000000037,3.5977,621935.61,689170.311
600794.SH,20150529,11.0475,11.3856,10.252,10.779,11.3856,-0.6066000000000003,-5.3278,851397.71,928282.829
600794.SH,20150528,12.6484,12.907,11.3856,11.3856,12.6484,-1.2628000000000004,-9.9839,1310342.38,1605810.47
600794.SH,20150527,11.9722,12.897,11.6938,12.6484,11.9722,0.6761999999999997,5.6481,1327322.39,1630288.211
600794.SH,20150526,11.5944,11.9822,11.3358,11.9722,11.3657,0.6065000000000005,5.3362,1234561.56,1448419.478
600794.SH,20150525,11.2165,11.485,10.958,11.3657,11.2662,0.09950000000000081,0.8832,892791.17,1010854.62
600794.SH,20150522,11.5347,11.7535,11.0773,11.2662,11.4651,-0.19890000000000008,-1.7348,945888.78,1077922.741
600794.SH,20150521,11.0574,11.5944,10.8387,11.4651,11.0475,0.4176000000000002,3.78,1118651.46,1264215.894
600794.SH,20150520,10.7392,11.3358,10.4409,11.0475,10.3017,0.7457999999999991,7.2396,1067362.49,1166661.019
600794.SH,20150519,10.0929,10.4608,10.0929,10.3017,10.1525,0.14920000000000044,1.4696,432629.87,446566.983
600794.SH,20150518,10.2719,10.3116,9.9537,10.1525,10.3315,-0.17900000000000027,-1.7326,428652.13,435823.181
600794.SH,20150515,10.1426,10.5006,10.0034,10.3315,10.1426,0.1889000000000003,1.8624,653231.88,680296.667
600794.SH,20150514,9.9039,10.1923,9.894,10.1426,9.9039,0.2386999999999997,2.4102,418524.4,423507.271
600794.SH,20150513,10.0432,10.0531,9.8343,9.9039,9.9934,-0.08949999999999925,-0.8956,327148.46,325884.466
600794.SH,20150512,10.0432,10.242,9.8443,9.9934,9.9934,0.0,0.0,492832.48,495964.359
600794.SH,20150511,9.3968,9.9934,9.1482,9.9934,9.0886,0.9047999999999998,9.9553,423014.43,407409.24
600794.SH,20150508,8.7306,9.1681,8.7306,9.0886,8.6908,0.39780000000000015,4.5773,355918.63,320726.117
600794.SH,20150507,9.2079,9.2178,8.5914,8.6908,9.2278,-0.5370000000000008,-5.8194,322234.31,287170.901
600794.SH,20150506,9.8244,9.9835,8.9493,9.2278,9.8443,-0.6165000000000003,-6.2625,297519.83,288884.274
600794.SH,20150505,10.3315,10.3315,9.6554,9.8443,10.3415,-0.4971999999999994,-4.8078,269174.25,272306.337
600794.SH,20150504,10.3415,10.4906,10.1625,10.3415,10.3514,-0.00990000000000002,-0.0956,237715.92,246763.821
600794.SH,20150430,10.242,10.5205,10.1525,10.3514,10.2321,0.11929999999999907,1.1659,286450.4,296988.821
600794.SH,20150429,10.1525,10.3415,9.9537,10.2321,10.1525,0.079600000000001,0.784,196433.76,200681.634
600794.SH,20150428,10.5403,10.5503,10.1227,10.1525,10.5403,-0.38780000000000037,-3.6792,345704.04,356016.052
600794.SH,20150427,10.5403,10.6796,10.4906,10.5403,10.4807,0.05959999999999965,0.5687,297331.42,316056.981
600794.SH,20150424,10.6,10.6597,10.3514,10.4807,10.7392,-0.25849999999999973,-2.4071,346860.02,366026.813
600794.SH,20150423,10.8387,10.9182,10.6,10.7392,10.8188,-0.07959999999999923,-0.7358,411147.97,443586.507
600794.SH,20150422,10.6,10.9282,10.6,10.8188,10.5602,0.2585999999999995,2.4488,389858.19,422075.986
600794.SH,20150421,10.242,10.5702,10.1625,10.5602,10.3116,0.2485999999999997,2.4109,284026.83,298116.172
600794.SH,20150420,10.8287,10.8585,10.242,10.3116,10.8287,-0.5170999999999992,-4.7753,539004.02,567740.805
600794.SH,20150417,10.8188,11.0276,10.7889,10.8287,10.8188,0.00990000000000002,0.0915,393580.97,429716.822
600794.SH,20150416,10.9779,10.9779,10.1426,10.8188,11.0475,-0.2286999999999999,-2.0702,407556.64,439503.557
600794.SH,20150415,11.1569,11.3756,10.9878,11.0475,11.1668,-0.11930000000000085,-1.0683,464114.88,520601.508
600794.SH,20150414,11.4353,11.4651,11.0475,11.1668,11.4253,-0.25849999999999973,-2.2625,564955.87,636489.335
600794.SH,20150413,11.6342,11.6839,11.2861,11.4253,11.6342,-0.20889999999999986,-1.7956,638923.44,734051.332
600794.SH,20150410,11.833,11.9026,11.4452,11.6342,12.022,-0.38780000000000037,-3.2258,914892.35,1072369.014
600794.SH,20150409,11.0077,12.1115,10.8188,12.022,11.0077,1.0143000000000004,9.2145,1516984.77,1752733.695
600794.SH,20150408,11.2165,11.2165,10.8387,11.0077,11.2265,-0.21879999999999988,-1.949,599677.93,662846.987
600794.SH,20150407,10.9182,11.2961,10.7889,11.2265,10.9083,0.31819999999999915,2.917,803333.27,890228.072
600794.SH,20150403,11.0773,11.0773,10.7889,10.9083,11.0972,-0.1889000000000003,-1.7022,519832.37,569508.671
600794.SH,20150402,11.0773,11.1469,10.9978,11.0972,11.0475,0.04970000000000141,0.4499,647800.3,720505.344
600794.SH,20150401,11.0873,11.137,10.9381,11.0475,11.0773,-0.029799999999999827,-0.269,479563.51,530518.814
600794.SH,20150331,10.9381,11.2265,10.7591,11.0773,10.9381,0.13919999999999888,1.2726,670037.08,741553.898
600794.SH,20150330,11.127,11.3458,10.8387,10.9381,11.1767,-0.23859999999999992,-2.1348,814009.87,898598.598
600794.SH,20150327,11.2364,11.5645,10.5702,11.1767,11.5645,-0.38780000000000037,-3.3534,964957.17,1068240.174
600794.SH,20150326,12.1313,12.9268,11.3259,11.5645,12.2706,-0.7060999999999993,-5.7544,1726428.3,2103618.996
600794.SH,20150325,11.1171,12.2904,10.7392,12.2706,11.1767,1.0938999999999997,9.7873,1514976.34,1795776.988
600794.SH,20150324,10.1426,11.2364,9.8045,11.1767,10.2122,0.964500000000001,9.4446,1760833.83,1863123.07
600794.SH,20150323,9.5559,10.3315,9.3769,10.2122,9.546,0.6661999999999999,6.9788,1559758.74,1539762.832
600794.SH,20150320,9.0488,9.6951,8.8599,9.546,9.0587,0.4872999999999994,5.3794,1561827.82,1454736.312
600794.SH,20150319,8.7505,9.0786,8.6212,9.0587,9.0786,-0.019899999999999807,-0.2192,1618308.32,1432626.934
600794.SH,20150318,8.9493,9.2775,8.651,9.0786,8.5417,0.5368999999999993,6.2856,864747.99,779068.434
600794.SH,20150317,8.1646,8.7176,7.9668,8.5423,8.0792,0.46309999999999896,5.732,521035.55,966640.035
600794.SH,20150316,7.6835,8.1511,7.5981,8.0792,7.5532,0.5259999999999998,6.9639,354458.83,621486.921
600794.SH,20150313,7.3868,7.6071,7.3643,7.5532,7.3823,0.1709000000000005,2.315,137893.6,229436.829
600794.SH,20150312,7.733,7.7735,7.2474,7.3823,7.733,-0.3506999999999998,-4.5351,227972.19,380681.009
600794.SH,20150311,7.6925,7.8049,7.4902,7.733,7.697,0.03599999999999959,0.4677,230574.9,392712.456
600794.SH,20150310,7.1935,7.7555,7.1935,7.697,7.2789,0.4180999999999999,5.744,267630.0,446412.604
600794.SH,20150309,7.1935,7.3373,7.0136,7.2789,7.1665,0.11240000000000006,1.5684,206091.46,329747.802
600794.SH,20150306,6.7664,7.2744,6.7574,7.1665,6.7933,0.37319999999999975,5.4936,303091.6,474622.384
600794.SH,20150305,6.8158,6.8428,6.7529,6.7933,6.8473,-0.05399999999999938,-0.7886,124625.12,187829.04
600794.SH,20150304,6.7888,6.8563,6.7394,6.8473,6.8248,0.022499999999999964,0.3297,105531.11,159095.438
600794.SH,20150303,6.7529,6.9372,6.7439,6.8248,6.7259,0.09889999999999954,1.4704,169858.01,258325.642
600794.SH,20150302,6.7574,6.7978,6.6315,6.7259,6.7529,-0.027000000000000135,-0.3998,89293.92,133018.982
600794.SH,20150227,6.7574,6.8023,6.7169,6.7529,6.7574,-0.004499999999999282,-0.0666,61575.08,92380.787
600794.SH,20150226,6.7619,6.8113,6.6944,6.7574,6.8023,-0.04490000000000016,-0.6601,61289.0,92050.651
600794.SH,20150225,6.7439,6.8113,6.654,6.8023,6.7709,0.03139999999999965,0.4637,79717.06,119062.134
600794.SH,20150217,6.4337,6.7978,6.3842,6.7709,6.4247,0.3462000000000005,5.3886,145642.39,214428.616
600794.SH,20150216,6.3617,6.4696,6.2808,6.4247,6.2988,0.12589999999999968,1.9988,54737.82,77633.069
600794.SH,20150213,6.2269,6.3617,6.1909,6.2988,6.1774,0.1214000000000004,1.9652,61187.18,85702.137
600794.SH,20150212,6.1369,6.1909,6.0965,6.1774,6.1369,0.04049999999999976,0.6599,82163.7,112216.628
600794.SH,20150211,6.0695,6.1414,6.0155,6.1369,6.1234,0.013499999999999623,0.2205,96604.46,130187.688
600794.SH,20150210,6.3932,6.3932,5.8987,6.1234,6.5281,-0.40470000000000006,-6.1994,153204.53,206735.8
600794.SH,20150209,6.6989,6.7259,6.5236,6.5281,6.645,-0.11689999999999934,-1.7592,70128.76,103097.46
600794.SH,20150206,6.6315,6.7304,6.5371,6.645,6.6,0.04499999999999993,0.6818,133474.11,197159.985
600794.SH,20150205,6.4696,6.6135,6.4112,6.6,6.4067,0.1932999999999998,3.0172,119470.83,173840.588
600794.SH,20150204,6.4741,6.5011,6.4022,6.4067,6.4606,-0.0539000000000005,-0.8343,35451.9,50900.553
600794.SH,20150203,6.4741,6.4966,6.3887,6.4606,6.4606,0.0,0.0,32830.43,47141.156
600794.SH,20150202,6.3078,6.5011,6.2988,6.4606,6.4157,0.04490000000000016,0.6998,26649.76,38007.63
600794.SH,20150130,6.4112,6.4831,6.3887,6.4157,6.3977,0.017999999999999794,0.2814,32477.03,46464.521
600794.SH,20150129,6.4741,6.5011,6.3887,6.3977,6.5146,-0.11689999999999934,-1.7944,57837.44,82903.391
600794.SH,20150128,6.5596,6.5775,6.5101,6.5146,6.618,-0.1034000000000006,-1.5624,60157.09,87400.828
600794.SH,20150127,6.6675,6.6944,6.5416,6.618,6.6764,-0.058399999999999785,-0.8747,66333.29,97507.582
600794.SH,20150126,6.6,6.6989,6.5506,6.6764,6.6,0.07640000000000047,1.1576,58089.26,85801.829
600794.SH,20150123,6.8068,6.8068,6.5641,6.6,6.7664,-0.16640000000000033,-2.4592,93923.46,139067.876
600794.SH,20150122,6.7664,6.7933,6.7124,6.7664,6.7844,-0.017999999999999794,-0.2653,87062.87,130733.615
600794.SH,20150121,6.6,6.8113,6.582,6.7844,6.5865,0.19789999999999974,3.0046,145430.42,217801.005
600794.SH,20150120,6.3842,6.5865,6.3797,6.5865,6.3258,0.26069999999999993,4.1212,91797.95,132959.429
600794.SH,20150119,6.4292,6.609,6.2314,6.3258,6.5641,-0.23829999999999973,-3.6304,97557.49,140227.86
600794.SH,20150116,6.5056,6.627,6.4517,6.5641,6.5191,0.04499999999999993,0.6903,97517.08,142130.096
600794.SH,20150115,6.5641,6.5685,6.4472,6.5191,6.5281,-0.009000000000000341,-0.1379,86708.96,125702.189
600794.SH,20150114,6.3662,6.654,6.3258,6.5281,6.3842,0.14390000000000036,2.254,121359.41,175984.8
600794.SH,20150113,6.2493,6.4202,6.2358,6.3842,6.2358,0.14839999999999964,2.3798,44620.16,62873.359
600794.SH,20150112,6.3617,6.3617,6.1999,6.2358,6.3797,-0.14389999999999947,-2.2556,55248.4,77023.034
600794.SH,20150109,6.3797,6.4696,6.3393,6.3797,6.3887,-0.009000000000000341,-0.1409,53151.54,75640.925
600794.SH,20150108,6.4202,6.4517,6.3662,6.3887,6.4561,-0.06740000000000013,-1.044,58122.66,82720.654
600794.SH,20150107,6.4157,6.4966,6.3797,6.4561,6.4561,0.0,0.0,60100.36,85960.14
600794.SH,20150106,6.3617,6.4606,6.3213,6.4561,6.4382,0.017900000000000027,0.278,71586.87,101794.283
600794.SH,20150105,6.3168,6.5011,6.3078,6.4382,6.4157,0.022499999999999964,0.3507,79495.5,113390.247
600794.SH,20141231,6.4921,6.4921,6.2943,6.4157,6.5281,-0.11240000000000006,-1.7218,82121.33,115925.988
600794.SH,20141230,6.7799,6.7799,6.5191,6.5281,6.7529,-0.2248000000000001,-3.3289,78913.73,116057.816
600794.SH,20141229,6.6045,6.8248,6.5596,6.7529,6.609,0.14390000000000036,2.1773,140093.18,209878.586
600794.SH,20141226,6.645,6.654,6.5281,6.609,6.7034,-0.09440000000000026,-1.4082,95139.12,139212.701
600794.SH,20141225,6.645,6.9192,6.6045,6.7034,6.6045,0.09890000000000043,1.4975,163112.98,244445.19
600794.SH,20141224,6.1954,6.7439,6.1549,6.6045,6.1504,0.4540999999999995,7.3833,174738.24,252293.011
600794.SH,20141223,6.0695,6.2808,6.0155,6.1504,6.1055,0.04490000000000016,0.7354,77094.21,106187.126
600794.SH,20141222,6.5281,6.5281,5.9211,6.1055,6.5775,-0.47199999999999953,-7.176,170908.18,234110.73
600794.SH,20141219,6.7844,6.7844,6.4651,6.5775,6.8023,-0.2248000000000001,-3.3048,155211.98,227137.581
600794.SH,20141218,6.8248,6.8653,6.7574,6.8023,6.8473,-0.04499999999999993,-0.6572,92893.83,140364.157
600794.SH,20141217,7.0271,7.0271,6.8248,6.8473,7.0901,-0.2427999999999999,-3.4245,147101.47,225781.766
600794.SH,20141216,7.216,7.216,7.0361,7.0901,7.189,-0.09890000000000043,-1.3757,150017.09,236325.912
600794.SH,20141215,7.0766,7.3463,7.0766,7.189,7.0676,0.1214000000000004,1.7177,281152.24,451459.29
600794.SH,20141212,7.0586,7.0946,6.9507,7.0676,7.1036,-0.036000000000000476,-0.5068,125062.06,195083.587
600794.SH,20141211,7.0361,7.2384,6.9012,7.1036,7.1036,0.0,0.0,183508.65,287960.819
600794.SH,20141210,6.8428,7.1485,6.7933,7.1036,6.9462,0.15739999999999998,2.266,210417.05,327552.072
600794.SH,20141209,7.0721,7.1755,6.8608,6.9462,7.3463,-0.4001000000000001,-5.4463,368302.49,575200.9
600794.SH,20141208,7.4138,7.4138,7.0271,7.3463,6.7394,0.6069000000000004,9.0053,812027.38,1307464.332
600794.SH,20141205,6.3707,6.7574,6.1549,6.7394,6.4112,0.3281999999999998,5.1192,263319.65,377349.179
600794.SH,20141204,6.3842,6.4966,6.2943,6.4112,6.4067,0.0045000000000001705,0.0702,178844.52,254340.879
600794.SH,20141203,6.663,6.7214,6.2988,6.4067,6.6495,-0.2427999999999999,-3.6514,182685.37,261613.909
600794.SH,20141202,6.7394,6.8203,6.609,6.6495,6.7574,-0.10789999999999988,-1.5968,142373.32,211033.921
600794.SH,20141201,6.645,6.8653,6.5865,6.7574,6.7844,-0.027000000000000135,-0.398,169988.29,253064.245
600794.SH,20141128,6.5326,6.8338,6.4696,6.7844,6.5551,0.2292999999999994,3.498,244006.44,361911.238
600794.SH,20141127,6.4202,6.5641,6.3617,6.5551,6.5236,0.031500000000000306,0.4829,182430.96,261904.853
600794.SH,20141126,6.1684,6.6,5.9616,6.5236,6.1234,0.4001999999999999,6.5356,321133.67,447369.059
600794.SH,20141125,6.2044,6.2358,6.0425,6.1234,6.2089,-0.08549999999999969,-1.3771,122128.23,166221.641
600794.SH,20141124,6.3033,6.3033,6.1234,6.2089,6.2673,-0.058399999999999785,-0.9318,99381.7,137072.02
600794.SH,20141121,6.2898,6.3617,5.9661,6.2673,6.2628,0.004499999999999282,0.0719,221131.85,303498.13
600794.SH,20141120,6.1594,6.2988,5.9886,6.2628,6.0965,0.16630000000000056,2.7278,169789.6,234670.037
600794.SH,20141119,6.0785,6.3168,6.0695,6.0965,6.092,0.0045000000000001705,0.0739,122644.02,168128.682
600794.SH,20141118,5.9031,6.1819,5.8717,6.092,5.9256,0.16639999999999944,2.8082,207855.43,278330.95
600794.SH,20141117,6.1594,6.1594,5.8942,5.9256,6.1594,-0.23379999999999956,-3.7958,193956.62,259033.637
600794.SH,20141114,5.7458,6.2448,5.7323,6.1594,5.6784,0.48099999999999987,8.4707,317574.54,424201.835
600794.SH,20141113,5.5974,5.7458,5.4895,5.6784,5.6244,0.05400000000000027,0.9601,147322.9,184599.418
600794.SH,20141112,5.2512,5.6514,5.1658,5.6244,5.2512,0.37319999999999975,7.1069,216029.46,264664.132
600794.SH,20141111,5.3861,5.3951,5.1164,5.2512,5.3816,-0.13039999999999985,-2.4231,65198.09,76141.965
600794.SH,20141110,5.3367,5.3861,5.2557,5.3816,5.2872,0.09439999999999937,1.7854,79912.86,94471.745
600794.SH,20141107,5.2602,5.3861,5.1838,5.2872,5.2602,0.027000000000000135,0.5133,73779.85,86650.84
600794.SH,20141106,5.2333,5.2827,5.1658,5.2602,5.2557,0.0045000000000001705,0.0856,76576.35,89018.689
600794.SH,20141105,5.2602,5.3052,5.1388,5.2557,5.3187,-0.06299999999999972,-1.1845,135735.35,157568.763
600794.SH,20141104,5.3502,5.3726,5.2872,5.3187,5.3591,-0.04039999999999999,-0.7539,46655.93,55319.866
600794.SH,20141103,5.4041,5.4401,5.3052,5.3591,5.4715,-0.11240000000000006,-2.0543,93365.87,111091.46
600794.SH,20141031,5.5075,5.5525,5.3546,5.4715,5.5165,-0.04499999999999993,-0.8157,72057.05,87021.336
600794.SH,20141030,5.4401,5.5525,5.4131,5.5165,5.4715,0.04499999999999993,0.8224,63577.63,77549.555
600794.SH,20141029,5.3996,5.503,5.3322,5.4715,5.4221,0.049399999999999444,0.9111,97377.92,117538.814
600794.SH,20141028,5.3681,5.4401,5.1883,5.4221,5.3322,0.08990000000000009,1.686,187655.58,219936.818
600794.SH,20141027,5.2647,5.4311,5.2378,5.3322,5.2962,0.036000000000000476,0.6797,45890.37,54497.864
600794.SH,20141024,5.2512,5.4715,5.2422,5.2962,5.1973,0.09889999999999954,1.9029,51547.53,61103.326
600794.SH,20141023,5.2422,5.2827,5.1164,5.1973,5.2647,-0.06740000000000013,-1.2802,43864.76,50627.394
600794.SH,20141022,5.3861,5.4715,5.2557,5.2647,5.3412,-0.07649999999999935,-1.4323,54115.0,64706.403
600794.SH,20141021,5.2827,5.467,5.2198,5.3412,5.2647,0.07649999999999935,1.4531,63250.28,75877.217
600794.SH,20141020,5.2378,5.3187,5.2243,5.2647,5.1973,0.06740000000000013,1.2968,40170.73,46993.535
600794.SH,20141017,5.3052,5.3502,5.1703,5.1973,5.3412,-0.14389999999999947,-2.6942,62012.36,72346.969
600794.SH,20141016,5.3996,5.4311,5.3187,5.3412,5.4041,-0.06289999999999996,-1.1639,54681.14,65245.681
600794.SH,20141015,5.521,5.521,5.3322,5.4041,5.512,-0.10789999999999988,-1.9575,55213.21,66522.944
600794.SH,20141014,5.5435,5.5749,5.4895,5.512,5.5165,-0.0045000000000001705,-0.0816,56423.47,69391.875
600794.SH,20141013,5.6604,5.6918,5.4356,5.5165,5.6604,-0.14390000000000036,-2.5422,86230.77,105868.428
600794.SH,20141010,5.5525,5.7683,5.4625,5.6604,5.521,0.1394000000000002,2.5249,72549.18,91186.905
600794.SH,20141009,5.6649,5.7503,5.4311,5.521,5.557,-0.036000000000000476,-0.6478,67333.01,83182.492
600794.SH,20141008,5.3726,5.5884,5.3726,5.557,5.3726,0.18440000000000012,3.4322,55334.46,67435.78
600794.SH,20140930,5.3591,5.4176,5.3187,5.3726,5.3591,0.013500000000000512,0.2519,36819.89,43889.335
600794.SH,20140929,5.3591,5.4266,5.2827,5.3591,5.2737,0.08539999999999992,1.6194,49229.83,58669.892
600794.SH,20140926,5.3412,5.3906,5.2512,5.2737,5.3816,-0.10789999999999988,-2.005,59937.93,70480.742
600794.SH,20140925,5.4176,5.521,5.2962,5.3816,5.3322,0.049399999999999444,0.9264,70691.65,84721.025
600794.SH,20140924,5.2288,5.3412,5.1883,5.3322,5.2422,0.08999999999999986,1.7168,74842.11,87635.194
600794.SH,20140923,5.3052,5.3816,5.2198,5.2422,5.3007,-0.05849999999999955,-1.1036,54886.58,64716.003
600794.SH,20140922,5.3097,5.476,5.2512,5.3007,5.3052,-0.0045000000000001705,-0.0848,99202.91,118079.967
600794.SH,20140919,5.1838,5.3726,5.1838,5.3052,5.2602,0.04499999999999993,0.8555,48215.28,56871.182
600794.SH,20140918,5.3412,5.3906,5.2378,5.2602,5.2962,-0.03599999999999959,-0.6797,75012.32,88469.235
600794.SH,20140917,4.9455,5.3457,4.8376,5.2962,4.9545,0.34169999999999945,6.8968,141604.4,159733.056
600794.SH,20140916,4.995,5.1478,4.8646,4.9545,4.995,-0.04049999999999976,-0.8108,171582.64,190800.047
600794.SH,20140915,4.7072,5.0175,4.6758,4.995,4.7342,0.2607999999999997,5.5089,131123.18,142772.946
600794.SH,20140912,4.6308,4.7432,4.5903,4.7342,4.6353,0.09890000000000043,2.1336,86042.32,89353.538
600794.SH,20140911,4.8736,4.8736,4.5813,4.6353,4.8781,-0.2427999999999999,-4.9773,120575.34,126736.337
600794.SH,20140910,4.8376,4.932,4.8061,4.8781,4.8736,0.0045000000000001705,0.0923,64494.08,69703.821
600794.SH,20140909,4.8556,4.9095,4.7702,4.8736,4.8466,0.027000000000000135,0.5571,67609.6,73103.174
600794.SH,20140905,4.6308,4.8916,4.6038,4.8466,4.6173,0.2292999999999994,4.9661,129093.45,137351.593
600794.SH,20140904,4.5993,4.7207,4.5903,4.6173,4.5993,0.017999999999999794,0.3914,54800.78,56488.382
600794.SH,20140903,4.5679,4.6668,4.5679,4.5993,4.6038,-0.004499999999999282,-0.0977,47805.88,49038.354
600794.SH,20140902,4.451,4.6398,4.451,4.6038,4.4689,0.13490000000000002,3.0186,82107.5,83550.356
600794.SH,20140901,4.4734,4.5184,4.4375,4.4689,4.4734,-0.0045000000000001705,-0.1006,43981.04,43788.589
600794.SH,20140829,4.3476,4.5004,4.3206,4.4734,4.3476,0.1257999999999999,2.8936,72175.31,71398.299
600794.SH,20140828,4.3206,4.388,4.2666,4.3476,4.3476,0.0,0.0,41168.23,39642.889
600794.SH,20140827,4.361,4.3745,4.2172,4.3476,4.3521,-0.0045000000000001705,-0.1034,42339.65,40536.786
600794.SH,20140826,4.415,4.5274,4.2981,4.3521,4.406,-0.053899999999999615,-1.2233,70949.41,69372.733
600794.SH,20140825,4.433,4.4555,4.3431,4.406,4.4375,-0.031500000000000306,-0.7099,55439.19,54180.679
600794.SH,20140822,4.3745,4.4555,4.3521,4.4375,4.3566,0.08089999999999975,1.857,74978.87,73727.064
600794.SH,20140821,4.3341,4.4015,4.2801,4.3566,4.3431,0.013500000000000512,0.3108,50263.28,48552.052
600794.SH,20140820,4.3341,4.4375,4.2711,4.3431,4.3386,0.0045000000000001705,0.1037,51155.86,49581.822
600794.SH,20140819,4.424,4.424,4.2891,4.3386,4.379,-0.04039999999999999,-0.9226,82967.43,80303.892
600794.SH,20140818,4.1947,4.3925,4.1587,4.379,4.1902,0.18879999999999963,4.5058,148199.52,141323.167
600794.SH,20140815,4.1407,4.1992,4.1138,4.1902,4.1497,0.04049999999999976,0.976,48285.86,44700.666
600794.SH,20140814,4.2621,4.2621,4.1363,4.1497,4.2711,-0.12139999999999951,-2.8424,62375.8,58313.146
600794.SH,20140813,4.2172,4.3521,4.2037,4.2711,4.2127,0.058399999999999785,1.3863,104949.58,99606.035
600794.SH,20140812,4.2486,4.2621,4.1947,4.2127,4.2442,-0.031500000000000306,-0.7422,36087.8,33847.4
600794.SH,20140811,4.1003,4.2711,4.1003,4.2442,4.0958,0.14840000000000053,3.6232,88165.87,82663.795
600794.SH,20140808,4.1407,4.1857,4.0823,4.0958,4.1407,-0.04490000000000016,-1.0844,61534.91,56530.153
600794.SH,20140807,4.2576,4.2801,4.1363,4.1407,4.1992,-0.05850000000000044,-1.3931,103000.42,96413.371
600794.SH,20140806,4.2307,4.2936,4.1452,4.1992,4.2172,-0.017999999999999794,-0.4268,73187.99,68627.652
600794.SH,20140805,4.0508,4.2442,4.0373,4.2172,4.0418,0.17539999999999978,4.3397,134208.72,124175.492
600794.SH,20140804,3.9789,4.1003,3.9339,4.0418,3.9789,0.0629000000000004,1.5808,72428.94,64964.766
600794.SH,20140801,3.9924,4.1273,3.9115,3.9789,3.9834,-0.0045000000000001705,-0.113,81196.53,72190.221
600794.SH,20140731,3.9294,4.0418,3.9294,3.9834,3.9204,0.06300000000000017,1.607,52612.7,46712.596
600794.SH,20140730,3.9969,4.0194,3.9115,3.9204,3.9924,-0.07200000000000006,-1.8034,56591.32,49729.767
600794.SH,20140729,3.7676,4.0149,3.7541,3.9924,3.7811,0.21130000000000004,5.5883,138596.14,121650.918
600794.SH,20140728,3.7091,3.7856,3.6642,3.7811,3.6912,0.08990000000000009,2.4355,84991.37,70849.85
600794.SH,20140725,3.6417,3.7001,3.6147,3.6912,3.6417,0.049499999999999655,1.3593,36952.8,30079.72
600794.SH,20140724,3.6507,3.6597,3.5877,3.6417,3.6417,0.0,0.0,39988.31,32302.438
600794.SH,20140723,3.7091,3.7271,3.6372,3.6417,3.7181,-0.07640000000000002,-2.0548,35131.41,28726.479
600794.SH,20140722,3.6867,3.7271,3.6642,3.7181,3.6912,0.026900000000000368,0.7288,24982.49,20575.759
600794.SH,20140721,3.7496,3.7496,3.6867,3.6912,3.7541,-0.0629000000000004,-1.6755,26578.07,21889.234
600794.SH,20140718,3.7316,3.7811,3.7181,3.7541,3.7496,0.0045000000000001705,0.12,26278.02,21928.899
600794.SH,20140717,3.7316,3.7721,3.6867,3.7496,3.7541,-0.0045000000000001705,-0.1199,34821.01,28747.39
600794.SH,20140716,3.7811,3.7811,3.7046,3.7541,3.7856,-0.03149999999999986,-0.8321,34848.19,29013.882
600794.SH,20140715,3.6957,3.7946,3.6867,3.7856,3.7046,0.08099999999999996,2.1865,61548.03,51533.922
600794.SH,20140714,3.6282,3.7136,3.6237,3.7046,3.6282,0.07640000000000002,2.1057,35260.49,28845.887
600794.SH,20140711,3.6147,3.6372,3.5922,3.6282,3.6192,0.008999999999999897,0.2487,19604.91,15796.726
600794.SH,20140710,3.6057,3.6462,3.5967,3.6192,3.6102,0.009000000000000341,0.2493,20986.77,16881.413
600794.SH,20140709,3.6462,3.6552,3.6057,3.6102,3.6597,-0.0495000000000001,-1.3526,26336.52,21284.331
600794.SH,20140708,3.6417,3.6732,3.6237,3.6597,3.6687,-0.008999999999999897,-0.2453,23943.59,19424.515
600794.SH,20140707,3.7226,3.7226,3.6507,3.6687,3.7226,-0.05390000000000006,-1.4479,33435.08,27343.294
600794.SH,20140704,3.7901,3.7901,3.7046,3.7226,3.7586,-0.03600000000000003,-0.9578,23217.16,19260.374
600794.SH,20140703,3.7181,3.7766,3.7181,3.7586,3.7181,0.04049999999999976,1.0893,38269.0,31978.781
600794.SH,20140702,3.6957,3.7226,3.6732,3.7181,3.6912,0.026900000000000368,0.7288,28684.99,23617.964
600794.SH,20140701,3.7046,3.7046,3.6642,3.6912,3.6777,0.013499999999999623,0.3671,25403.63,20798.008
600794.SH,20140630,3.6552,3.7091,3.6552,3.6777,3.6417,0.03600000000000003,0.9885,33481.65,27383.925
600794.SH,20140627,3.6057,3.6732,3.6057,3.6417,3.6147,0.027000000000000135,0.7469,30825.0,25037.624
600794.SH,20140626,3.6057,3.6552,3.5877,3.6147,3.6057,0.008999999999999897,0.2496,23956.65,19313.738
600794.SH,20140625,3.6192,3.6327,3.5788,3.6057,3.6147,-0.008999999999999897,-0.249,18295.39,14662.489
600794.SH,20140624,3.6147,3.6192,3.5698,3.6147,3.6192,-0.0045000000000001705,-0.1243,18758.0,14986.172
600794.SH,20140623,3.6417,3.6732,3.5653,3.6192,3.6282,-0.008999999999999897,-0.2481,27274.79,21882.8
600794.SH,20140620,3.6282,3.6372,3.5698,3.6282,3.6282,0.0,0.0,23013.09,18440.7
600794.SH,20140619,3.6912,3.7271,3.5877,3.6282,3.7091,-0.08089999999999975,-2.1811,29182.5,23637.174
600794.SH,20140618,3.7676,3.7811,3.6957,3.7091,3.7721,-0.06300000000000017,-1.6702,21262.06,17645.551
600794.SH,20140617,3.7406,3.835,3.7316,3.7721,3.7496,0.022499999999999964,0.6001,44818.03,37728.126
600794.SH,20140616,3.7721,3.7946,3.7091,3.7496,3.7676,-0.017999999999999794,-0.4778,37171.1,30861.248
600794.SH,20140613,3.7226,3.7766,3.6957,3.7676,3.7901,-0.022499999999999964,-0.5937,50050.36,41595.665
600794.SH,20140612,3.9115,4.0328,3.7856,3.7901,3.8125,-0.022400000000000198,-0.5875,127845.0,110858.398
600794.SH,20140611,3.7901,3.8665,3.7406,3.8125,3.7901,0.022400000000000198,0.591,57817.23,48771.353
600794.SH,20140610,3.7406,3.8215,3.6687,3.7901,3.7406,0.049499999999999655,1.3233,40759.77,33943.202
600794.SH,20140609,3.7406,3.7721,3.7001,3.7406,3.7361,0.0045000000000001705,0.1204,35397.39,29420.391
600794.SH,20140606,3.6327,3.7766,3.5922,3.7361,3.6057,0.13039999999999985,3.6165,72420.62,59790.067
600794.SH,20140605,3.6057,3.6102,3.5428,3.6057,3.6057,0.0,0.0,25782.28,20472.4
600794.SH,20140604,3.6282,3.6372,3.345,3.6057,3.6102,-0.0044999999999997264,-0.1246,19451.45,15421.952
600794.SH,20140603,3.5877,3.6237,3.5788,3.6102,3.5877,0.022499999999999964,0.6271,10009.23,8041.942
600794.SH,20140530,3.6102,3.6192,3.5743,3.5877,3.5967,-0.008999999999999897,-0.2502,14119.07,11285.297
600794.SH,20140529,3.6417,3.6552,3.5877,3.5967,3.6417,-0.04500000000000037,-1.2357,18214.22,14677.427
600794.SH,20140528,3.6192,3.6507,3.5518,3.6417,3.6372,0.0045000000000001705,0.1237,27534.83,22087.1
600794.SH,20140527,3.6642,3.6642,3.6327,3.6372,3.6507,-0.013500000000000068,-0.3698,15202.39,12335.151
600794.SH,20140526,3.6057,3.6687,3.6057,3.6507,3.6012,0.0495000000000001,1.3745,35252.36,28439.709
600794.SH,20140523,3.6057,3.6417,3.5608,3.6012,3.6192,-0.018000000000000238,-0.4973,27063.67,21604.197
600794.SH,20140522,3.6732,3.6912,3.6192,3.6192,3.6642,-0.04499999999999993,-1.2281,16382.51,13322.959
600794.SH,20140521,3.6552,3.6732,3.6012,3.6642,3.6552,0.009000000000000341,0.2462,14821.51,12033.931
600794.SH,20140520,3.6147,3.6912,3.6147,3.6552,3.6147,0.04049999999999976,1.1204,17845.69,14518.36
600794.SH,20140519,3.6102,3.6282,3.5518,3.6147,3.6192,-0.0045000000000001705,-0.1243,12889.48,10316.798
600794.SH,20140516,3.5877,3.6237,3.5653,3.6192,3.5877,0.031500000000000306,0.878,15047.98,12038.123
600794.SH,20140515,3.6192,3.6372,3.5653,3.5877,3.6462,-0.058499999999999996,-1.6044,32122.08,25649.919
600794.SH,20140514,3.7721,3.7721,3.5922,3.6462,3.7586,-0.11240000000000006,-2.9905,102001.55,82291.114
600794.SH,20140513,3.7316,3.7721,3.7001,3.7586,3.7181,0.04049999999999976,1.0893,28371.98,23636.094
600794.SH,20140512,3.7316,3.7631,3.5967,3.7181,3.7226,-0.0044999999999997264,-0.1209,85341.86,69896.918
600794.SH,20140509,3.88,3.8845,3.6867,3.7226,3.8755,-0.15290000000000026,-3.9453,45478.07,38101.081
600794.SH,20140508,3.7991,3.9969,3.7991,3.8755,3.9249,-0.04939999999999989,-1.2586,18993.48,16562.035
600794.SH,20140507,3.9564,4.0553,3.9204,3.9249,4.0059,-0.08099999999999952,-2.022,22455.72,19977.229
600794.SH,20140506,4.0418,4.0688,3.9879,4.0059,4.0598,-0.0539000000000005,-1.3277,28923.69,25881.9
600794.SH,20140505,4.0463,4.0868,3.9789,4.0598,4.0508,0.009000000000000341,0.2222,37556.57,33620.737
600794.SH,20140430,3.8845,4.0553,3.826,4.0508,3.8845,0.16629999999999967,4.2811,61133.72,54398.341
600794.SH,20140429,3.8125,3.889,3.7766,3.8845,3.7991,0.08539999999999992,2.2479,20501.39,17494.424
600794.SH,20140428,3.7901,3.862,3.7676,3.7991,3.8305,-0.03139999999999965,-0.8197,26104.3,22119.714
600794.SH,20140425,3.7856,3.88,3.7856,3.8305,3.7856,0.04489999999999972,1.1861,27065.45,23149.059
600794.SH,20140424,3.9025,3.916,3.7856,3.7856,3.9025,-0.11689999999999978,-2.9955,39972.61,34082.346
600794.SH,20140423,3.9025,4.0059,3.8845,3.9025,3.88,0.022499999999999964,0.5799,43009.11,37566.926
600794.SH,20140422,4.0373,4.0913,3.8575,3.88,4.0508,-0.17079999999999984,-4.2165,68466.96,59806.206
600794.SH,20140421,4.1542,4.1767,4.0463,4.0508,4.1632,-0.11240000000000006,-2.6998,34543.12,31453.014
600794.SH,20140418,4.2037,4.2307,4.1363,4.1632,4.1947,-0.031500000000000306,-0.7509,18075.5,16801.833
600794.SH,20140417,4.2262,4.2711,4.1722,4.1947,4.2172,-0.022499999999999964,-0.5335,26445.7,24785.46
600794.SH,20140416,4.1587,4.2486,4.1407,4.2172,4.1812,0.036000000000000476,0.861,23747.5,22200.477
600794.SH,20140415,4.1947,4.2891,4.1363,4.1812,4.2172,-0.036000000000000476,-0.8536,38178.77,35559.019
600794.SH,20140414,4.2666,4.3206,4.1632,4.2172,4.2576,-0.04039999999999999,-0.9489,58838.67,55171.684
600794.SH,20140411,4.3386,4.3566,4.1587,4.2576,4.3431,-0.08549999999999969,-1.9686,73644.58,69466.507
600794.SH,20140410,4.1632,4.388,4.1632,4.3431,4.1587,0.18440000000000012,4.4341,149149.45,142933.799
600794.SH,20140409,4.0643,4.2397,4.0328,4.1587,4.0328,0.12589999999999968,3.1219,91302.51,84423.316
600794.SH,20140408,4.0014,4.0688,3.9339,4.0328,4.0508,-0.017999999999999794,-0.4444,46131.49,41169.479
600794.SH,20140404,4.0239,4.0688,3.8665,4.0508,3.9924,0.058399999999999785,1.4628,57244.15,50604.294
600794.SH,20140403,4.0104,4.0553,3.9474,3.9924,4.0104,-0.017999999999999794,-0.4488,44269.06,39324.832
600794.SH,20140402,4.0104,4.1093,3.9429,4.0104,4.0014,0.008999999999999453,0.2249,35953.75,32097.999
600794.SH,20140401,3.826,4.0059,3.826,4.0014,3.826,0.17540000000000022,4.5844,47034.12,41380.881
600794.SH,20140331,3.7991,3.898,3.7631,3.826,3.8215,0.0045000000000001705,0.1178,33914.12,28761.554
600794.SH,20140328,3.9204,3.9924,3.8125,3.8215,3.9204,-0.09889999999999999,-2.5227,41108.26,35625.327
600794.SH,20140327,4.0823,4.1003,3.8485,3.9204,4.0778,-0.15739999999999998,-3.8599,53399.1,46877.804
600794.SH,20140326,4.0239,4.1228,4.0239,4.0778,4.0194,0.058399999999999785,1.453,58639.41,53075.783
600794.SH,20140325,3.9115,4.0283,3.853,4.0194,3.916,0.10340000000000016,2.6404,56675.89,49974.333
600794.SH,20140324,4.0014,4.0688,3.898,3.916,3.9969,-0.0809000000000002,-2.0241,55754.27,49373.839
600794.SH,20140321,3.907,4.0553,3.7766,3.9969,3.9204,0.07650000000000023,1.9513,106840.38,92315.404
600794.SH,20140320,4.1452,4.1497,3.8935,3.9204,4.1722,-0.25180000000000025,-6.0352,102592.73,91149.008
600794.SH,20140319,4.3745,4.388,4.1363,4.1722,4.3745,-0.20230000000000015,-4.6245,67655.3,63382.446
600794.SH,20140318,4.3566,4.4277,4.2721,4.3743,4.3743,0.0,0.0,78391.45,76877.652
600794.SH,20140317,4.1298,4.4232,4.1254,4.3743,4.1298,0.2444999999999995,5.9204,78262.74,75776.296
600794.SH,20140314,4.1121,4.1787,4.0454,4.1298,4.1121,0.017700000000000493,0.4304,51896.42,48077.009
600794.SH,20140313,4.0543,4.1165,3.9565,4.1121,4.0676,0.044500000000000206,1.094,61148.64,55685.813
600794.SH,20140312,4.2454,4.2676,3.912,4.0676,4.2365,-0.16890000000000072,-3.9868,144490.91,130706.031
600794.SH,20140311,4.4499,4.5877,4.1743,4.2365,4.5077,-0.27119999999999944,-6.0164,138226.65,135647.098
600794.SH,20140310,4.7567,4.7567,4.4366,4.5077,4.8144,-0.3067000000000002,-6.3705,106422.73,109278.389
600794.SH,20140307,4.7122,4.9167,4.6277,4.8144,4.73,0.08439999999999959,1.7844,133540.2,143154.101
600794.SH,20140306,4.7655,4.9389,4.6233,4.73,4.73,0.0,0.0,151234.65,162174.528
600794.SH,20140305,4.6677,5.0145,4.6233,4.73,4.69,0.040000000000000036,0.8529,253648.59,275181.569
600794.SH,20140304,4.2187,4.69,4.1654,4.69,4.2632,0.42680000000000007,10.0113,256807.73,256760.638
600794.SH,20140303,4.2499,4.3388,4.1698,4.2632,4.2676,-0.004399999999999515,-0.1031,101059.07,96673.329
600794.SH,20140228,4.0632,4.2899,3.9876,4.2676,4.0765,0.1910999999999996,4.6878,165338.26,155660.595
600794.SH,20140227,3.9698,4.2454,3.9565,4.0765,3.9209,0.15560000000000018,3.9685,193989.98,180748.341
600794.SH,20140226,3.9342,3.9787,3.8453,3.9209,3.9565,-0.035600000000000076,-0.8998,112576.29,99178.058
600794.SH,20140225,4.1076,4.2232,3.9076,3.9565,4.1209,-0.16439999999999966,-3.9894,121028.15,111063.038
600794.SH,20140224,4.1476,4.1521,3.9209,4.1209,4.161,-0.0400999999999998,-0.9637,162183.39,147137.122
600794.SH,20140221,4.201,4.2988,4.1298,4.161,4.2187,-0.05770000000000053,-1.3677,101892.08,95963.2
600794.SH,20140220,4.2943,4.3921,4.1565,4.2187,4.3121,-0.09339999999999993,-2.166,181413.01,174449.262
600794.SH,20140219,4.2988,4.3788,4.201,4.3121,4.2765,0.03559999999999963,0.8325,127193.1,123008.23
600794.SH,20140218,4.3521,4.4232,4.2588,4.2765,4.3921,-0.1155999999999997,-2.632,138793.24,134845.236
600794.SH,20140217,4.2676,4.441,4.1432,4.3921,4.2454,0.14670000000000005,3.4555,179230.58,173897.396
600794.SH,20140214,4.2054,4.3343,4.0276,4.2454,4.1476,0.09780000000000033,2.358,219652.73,208116.111
600794.SH,20140213,3.9787,4.3121,3.9742,4.1476,3.9742,0.17339999999999955,4.3631,349289.43,327087.47
600794.SH,20140212,3.6542,4.0231,3.6453,3.9742,3.6586,0.3156000000000003,8.6263,315180.96,276328.556
600794.SH,20140211,3.6586,3.712,3.5786,3.6586,3.6586,0.0,0.0,121408.43,99434.236
600794.SH,20140210,3.4052,3.7253,3.4052,3.6586,3.3874,0.2711999999999999,8.0061,158927.53,129222.663
600794.SH,20140207,3.2808,3.4319,3.2763,3.3874,3.3163,0.07109999999999994,2.144,31498.04,23958.09
600794.SH,20140130,3.2585,3.3208,3.1785,3.3163,3.2985,0.017799999999999816,0.5396,26534.31,19507.597
600794.SH,20140129,3.3341,3.4008,3.2452,3.2985,3.3252,-0.026699999999999946,-0.803,37603.94,27919.513
600794.SH,20140128,3.2941,3.3608,3.2896,3.3252,3.2763,0.048900000000000166,1.4925,51920.94,38911.838
600794.SH,20140127,3.2007,3.3163,3.1652,3.2763,3.1918,0.0844999999999998,2.6474,55393.57,40246.559
600794.SH,20140124,3.1074,3.1918,3.0896,3.1918,3.1074,0.08440000000000003,2.7161,61189.19,43509.049
600794.SH,20140123,3.1385,3.1385,3.0985,3.1074,3.1385,-0.031099999999999905,-0.9909,25765.77,18033.153
600794.SH,20140122,3.0807,3.1741,3.0629,3.1385,3.0807,0.05779999999999985,1.8762,43575.22,30620.95
600794.SH,20140121,3.0763,3.094,3.0496,3.0807,3.0629,0.01780000000000026,0.5811,14502.17,10023.514
600794.SH,20140120,3.1118,3.1118,3.0629,3.0629,3.1118,-0.048900000000000166,-1.5714,12056.39,8348.603
600794.SH,20140117,3.1118,3.1385,3.0852,3.1118,3.1252,-0.013399999999999856,-0.4288,11323.31,7912.433
600794.SH,20140116,3.1252,3.1696,3.1074,3.1252,3.1252,0.0,0.0,17180.06,12093.298
600794.SH,20140115,3.0985,3.1918,3.0718,3.1252,3.0763,0.048900000000000166,1.5896,32388.41,22854.468
600794.SH,20140114,2.9829,3.0763,2.974,3.0763,2.9829,0.09339999999999993,3.1312,15222.02,10409.695
600794.SH,20140113,2.9918,3.0629,2.9562,2.9829,3.0407,-0.057800000000000296,-1.9009,19084.36,12884.069
600794.SH,20140110,3.0807,3.2007,3.0274,3.0407,3.0807,-0.040000000000000036,-1.2984,23038.57,16138.656
600794.SH,20140109,3.054,3.1341,3.0318,3.0807,3.0451,0.035600000000000076,1.1691,22122.75,15435.04
600794.SH,20140108,3.1207,3.1207,3.0185,3.0451,3.1163,-0.07119999999999971,-2.2848,29623.59,20415.096
600794.SH,20140107,3.2096,3.2363,3.014,3.1163,3.2096,-0.09330000000000016,-2.9069,61678.25,43238.705
600794.SH,20140106,3.3341,3.3474,3.2007,3.2096,3.3652,-0.15560000000000018,-4.6238,22873.21,16809.289
600794.SH,20140103,3.4186,3.4186,3.3385,3.3652,3.4186,-0.05339999999999989,-1.562,17885.69,13513.8
600794.SH,20140102,3.383,3.4897,3.383,3.4186,3.383,0.035600000000000076,1.0523,41038.73,31713.216
600794.SH,20131231,3.2452,3.4052,3.2452,3.383,3.2363,0.14670000000000005,4.533,38143.6,28810.644
600794.SH,20131230,3.2896,3.2896,3.2185,3.2363,3.223,0.01330000000000009,0.4127,15308.95,11184.216
600794.SH,20131227,3.1652,3.2319,3.1652,3.223,3.1785,0.04449999999999976,1.4,21905.26,15850.297
600794.SH,20131226,3.263,3.2674,3.1741,3.1785,3.2496,-0.07109999999999994,-2.188,16488.81,11891.07
600794.SH,20131225,3.1874,3.2541,3.1696,3.2496,3.2319,0.01770000000000005,0.5477,21248.67,15378.827
600794.SH,20131224,3.263,3.3163,3.2141,3.2319,3.2941,-0.06219999999999981,-1.8882,25675.27,18876.087
600794.SH,20131223,3.3741,3.4097,3.2808,3.2941,3.3786,-0.08450000000000024,-2.501,21687.3,16156.549
600794.SH,20131220,3.383,3.4319,3.3519,3.3786,3.383,-0.0043999999999999595,-0.1301,18772.32,14334.101
600794.SH,20131219,3.3786,3.4408,3.3786,3.383,3.3786,0.0043999999999999595,0.1302,20520.57,15737.284
600794.SH,20131218,3.3297,3.383,3.3252,3.3786,3.3297,0.048900000000000166,1.4686,13973.52,10577.037
600794.SH,20131217,3.3519,3.3874,3.3163,3.3297,3.3474,-0.01770000000000005,-0.5288,15352.95,11528.644
600794.SH,20131216,3.3963,3.4186,3.3474,3.3474,3.4097,-0.06230000000000002,-1.8271,25737.22,19577.552
600794.SH,20131213,3.3652,3.4141,3.3341,3.4097,3.3652,0.04449999999999976,1.3224,25612.76,19505.856
600794.SH,20131212,3.3697,3.3741,3.3385,3.3652,3.3741,-0.008899999999999686,-0.2638,29356.45,22171.046
600794.SH,20131211,3.4319,3.4319,3.3563,3.3741,3.4408,-0.06669999999999998,-1.9385,29311.83,22269.476
600794.SH,20131210,3.4452,3.463,3.423,3.4408,3.423,0.017799999999999816,0.52,36918.98,28586.044
600794.SH,20131209,3.4808,3.4808,3.4052,3.423,3.4452,-0.022199999999999775,-0.6444,34667.49,26751.993
600794.SH,20131206,3.463,3.4897,3.4363,3.4452,3.463,-0.01780000000000026,-0.514,20241.19,15731.146
600794.SH,20131205,3.503,3.5341,3.4497,3.463,3.503,-0.040000000000000036,-1.1419,27302.82,21391.883
600794.SH,20131204,3.4852,3.5608,3.463,3.503,3.4941,0.00890000000000013,0.2547,35895.53,28397.994
600794.SH,20131203,3.4319,3.4986,3.343,3.4941,3.4586,0.035499999999999865,1.0264,36546.7,28109.066
600794.SH,20131202,3.5697,3.5697,3.423,3.4586,3.6008,-0.14219999999999988,-3.9491,62987.4,49344.152
600794.SH,20131129,3.6364,3.6408,3.5786,3.6008,3.6364,-0.035600000000000076,-0.979,33074.73,26791.124
600794.SH,20131128,3.6231,3.6453,3.5875,3.6364,3.6275,0.00890000000000013,0.2453,36336.29,29583.975
600794.SH,20131127,3.583,3.672,3.5786,3.6275,3.5608,0.06669999999999998,1.8732,38154.53,31242.036
600794.SH,20131126,3.5653,3.5875,3.5386,3.5608,3.5653,-0.0045000000000001705,-0.1262,17346.08,13919.613
600794.SH,20131125,3.5786,3.6142,3.5564,3.5653,3.6053,-0.040000000000000036,-1.1095,19613.36,15785.064
600794.SH,20131122,3.6408,3.6497,3.5742,3.6053,3.6408,-0.035499999999999865,-0.9751,27380.83,22166.245
600794.SH,20131121,3.6897,3.6897,3.6008,3.6408,3.6986,-0.05779999999999985,-1.5628,32550.89,26599.557
600794.SH,20131120,3.6808,3.7031,3.6542,3.6986,3.7031,-0.0045000000000001705,-0.1215,31383.31,25931.388
600794.SH,20131119,3.6631,3.712,3.6275,3.7031,3.6631,0.040000000000000036,1.092,36315.62,29985.016
600794.SH,20131118,3.6053,3.672,3.6053,3.6631,3.6008,0.06230000000000002,1.7302,33991.2,27845.727
600794.SH,20131115,3.543,3.6364,3.543,3.6008,3.543,0.05779999999999985,1.6314,34095.74,27675.678
600794.SH,20131114,3.4541,3.5742,3.4541,3.543,3.5519,-0.008899999999999686,-0.2506,15844.35,12600.278
600794.SH,20131113,3.6231,3.6231,3.5386,3.5519,3.6097,-0.057800000000000296,-1.6012,19551.32,15695.301
600794.SH,20131112,3.6231,3.6319,3.5875,3.6097,3.6142,-0.0044999999999997264,-0.1245,19494.56,15812.526
600794.SH,20131111,3.6319,3.6542,3.5742,3.6142,3.6142,0.0,0.0,19144.01,15546.257
600794.SH,20131108,3.712,3.7386,3.6008,3.6142,3.7253,-0.11109999999999998,-2.9823,29366.04,24125.197
600794.SH,20131107,3.7297,3.8142,3.6942,3.7253,3.8187,-0.09340000000000037,-2.4459,35795.75,30292.017
600794.SH,20131106,3.7564,3.8987,3.712,3.8187,3.752,0.06670000000000043,1.7777,91593.74,78811.385
600794.SH,20131105,3.6097,3.7786,3.5341,3.752,3.6231,0.1288999999999998,3.5577,38608.33,31799.026
600794.SH,20131104,3.6586,3.6808,3.5519,3.6231,3.6542,-0.031099999999999905,-0.8511,28240.23,22849.539
600794.SH,20131101,3.6675,3.6808,3.6008,3.6542,3.672,-0.01780000000000026,-0.4847,14278.62,11684.674
600794.SH,20131031,3.6008,3.6808,3.6008,3.672,3.6097,0.06230000000000002,1.7259,22174.15,18131.391
600794.SH,20131030,3.5653,3.6231,3.5653,3.6097,3.5919,0.01780000000000026,0.4956,22220.39,17956.902
600794.SH,20131029,3.672,3.7742,3.423,3.5919,3.672,-0.08010000000000028,-2.1814,40334.74,32623.589
600794.SH,20131028,3.6942,3.7253,3.6319,3.672,3.672,0.0,0.0,20682.08,17090.211
600794.SH,20131025,3.7209,3.7609,3.6542,3.672,3.7342,-0.06219999999999981,-1.6657,24511.38,20351.521
600794.SH,20131024,3.6542,3.7564,3.6275,3.7342,3.6942,0.040000000000000036,1.0828,31861.97,26563.767
600794.SH,20131023,3.7875,3.8098,3.6053,3.6942,3.7964,-0.10220000000000029,-2.692,65154.52,54207.646
600794.SH,20131022,3.9253,3.9298,3.7742,3.7964,3.9209,-0.12449999999999983,-3.1753,66774.36,57436.863
600794.SH,20131021,3.7831,3.9565,3.6942,3.9209,3.8098,0.11109999999999998,2.9162,61135.5,52934.905
600794.SH,20131018,4.0098,4.0543,3.7386,3.8098,4.0098,-0.20000000000000018,-4.9878,96023.39,83496.977
600794.SH,20131017,4.0898,4.1121,4.0009,4.0098,4.1209,-0.11109999999999953,-2.696,61643.27,55980.264
600794.SH,20131016,4.1121,4.2321,4.0898,4.1209,4.0632,0.05769999999999964,1.4201,132564.06,123843.695
600794.SH,20131015,3.9609,4.1076,3.9609,4.0632,3.9698,0.09339999999999993,2.3528,78202.46,70874.131
600794.SH,20131014,4.1209,4.1209,3.9609,3.9698,4.1121,-0.14229999999999965,-3.4605,103741.83,93215.354
600794.SH,20131011,4.1209,4.1387,4.0498,4.1121,4.1254,-0.01330000000000009,-0.3224,80058.29,73550.76
600794.SH,20131010,4.0854,4.2854,4.0454,4.1254,4.0943,0.03110000000000035,0.7596,101180.33,94544.103
600794.SH,20131009,4.1032,4.1298,4.0054,4.0943,4.1965,-0.10220000000000073,-2.4354,113271.72,103749.882
600794.SH,20131008,4.3299,4.3299,3.9298,4.1965,4.3388,-0.14229999999999965,-3.2797,182589.83,168902.681
600794.SH,20130923,4.0454,4.441,4.0454,4.3388,4.0365,0.3022999999999998,7.4892,215355.08,205909.914
600794.SH,20130918,3.9565,4.0632,3.9565,4.0365,3.9387,0.09780000000000033,2.4831,82855.22,74746.72
600794.SH,20130917,4.1432,4.1698,3.9253,3.9387,4.0231,-0.08440000000000047,-2.0979,101900.64,92121.438
600794.SH,20130916,3.912,4.0498,3.8764,4.0231,3.8809,0.14220000000000033,3.6641,118965.26,106988.701
600794.SH,20130913,3.8275,3.9031,3.7342,3.8809,3.832,0.048900000000000166,1.2761,73237.06,62393.285
600794.SH,20130912,3.8231,3.8898,3.7653,3.832,3.8942,-0.062200000000000255,-1.5972,76475.88,65745.856
600794.SH,20130911,3.9565,4.1209,3.8898,3.8942,3.8809,0.01330000000000009,0.3427,123142.11,110513.459
600794.SH,20130910,3.8231,3.9342,3.7564,3.8809,3.8364,0.044500000000000206,1.1599,78573.32,68122.873
600794.SH,20130909,3.8275,3.9742,3.7831,3.8364,3.8275,0.008899999999999686,0.2325,100871.04,87893.242
600794.SH,20130906,3.6319,3.8676,3.6231,3.8275,3.6231,0.20440000000000014,5.6416,111849.08,94929.439
600794.SH,20130905,3.5919,3.6808,3.5608,3.6231,3.6053,0.017799999999999816,0.4937,58296.21,47551.393
600794.SH,20130904,3.6408,3.6897,3.6008,3.6053,3.6319,-0.026599999999999735,-0.7324,67595.48,55566.126
600794.SH,20130903,3.5786,3.6364,3.5164,3.6319,3.5786,0.053300000000000125,1.4894,67826.63,55014.747
600794.SH,20130902,3.8275,3.8676,3.5297,3.5786,3.8676,-0.28900000000000015,-7.4723,131975.25,107644.907
600794.SH,20130830,3.7831,4.0365,3.7564,3.8676,3.7964,0.07119999999999971,1.8755,184779.72,163443.191
600794.SH,20130829,3.8053,3.8987,3.7475,3.7964,3.8809,-0.0844999999999998,-2.1773,139291.99,119220.858
600794.SH,20130828,4.0231,4.0987,3.8587,3.8809,3.9209,-0.040000000000000036,-1.0202,329008.97,295277.911
600794.SH,20130827,3.6008,3.9209,3.5786,3.9209,3.5653,0.3555999999999999,9.9739,198242.73,168142.53
600794.SH,20130826,3.5119,3.5919,3.4897,3.5653,3.5341,0.031200000000000117,0.8828,66148.71,52732.729
600794.SH,20130823,3.5164,3.5564,3.4008,3.5341,3.4852,0.048900000000000166,1.4031,86806.15,68393.368
600794.SH,20130822,3.4186,3.5075,3.3786,3.4852,3.4275,0.05769999999999964,1.6834,63470.58,49406.85
600794.SH,20130821,3.4764,3.5119,3.3608,3.4275,3.5075,-0.07999999999999963,-2.2808,88430.24,68004.883
600794.SH,20130820,3.5786,3.7075,3.4764,3.5075,3.5786,-0.07109999999999994,-1.9868,158496.89,128350.488
600794.SH,20130819,3.423,3.583,3.4141,3.5786,3.4008,0.17779999999999996,5.2282,152119.81,120157.719
600794.SH,20130816,3.3341,3.4675,3.3119,3.4008,3.3697,0.031099999999999905,0.9229,108325.37,83271.874
600794.SH,20130815,3.3474,3.4097,3.2896,3.3697,3.3474,0.022299999999999986,0.6662,68636.37,51876.604
600794.SH,20130814,3.4141,3.4363,3.3341,3.3474,3.3697,-0.022299999999999986,-0.6618,59563.07,45310.642
600794.SH,20130813,3.3741,3.4319,3.343,3.3697,3.3697,0.0,0.0,47583.61,36222.916
600794.SH,20130812,3.3119,3.4052,3.2719,3.3697,3.2985,0.07119999999999971,2.1586,67969.4,50954.057
600794.SH,20130809,3.3208,3.3519,3.2496,3.2985,3.3208,-0.022299999999999986,-0.6715,44181.08,32847.115
600794.SH,20130808,3.2274,3.3385,3.1963,3.3208,3.2407,0.08010000000000028,2.4717,68160.76,50066.507
600794.SH,20130807,3.3874,3.4186,3.223,3.2407,3.3874,-0.14670000000000005,-4.3308,69234.48,51605.194
600794.SH,20130806,3.4008,3.4008,3.3385,3.3874,3.3741,0.01330000000000009,0.3942,54900.52,41641.451
600794.SH,20130805,3.3252,3.423,3.2808,3.3741,3.3652,0.008899999999999686,0.2645,49700.87,37626.312
600794.SH,20130802,3.4808,3.503,3.3474,3.3652,3.4897,-0.12449999999999983,-3.5676,108219.55,82913.698
600794.SH,20130801,3.4586,3.5075,3.3919,3.4897,3.463,0.026699999999999946,0.771,119608.45,93054.971
600794.SH,20130731,3.4986,3.5341,3.4008,3.463,3.5297,-0.06669999999999998,-1.8897,133286.35,103893.954
600794.SH,20130730,3.2319,3.5475,3.2096,3.5297,3.2985,0.23119999999999985,7.0092,215327.46,164811.643
600794.SH,20130729,3.1163,3.3786,3.0763,3.2985,3.0718,0.22670000000000012,7.38,175098.66,127982.566
600794.SH,20130726,2.9874,3.0896,2.9651,3.0718,3.0229,0.048900000000000166,1.6177,37848.42,25852.657
600794.SH,20130725,3.1029,3.1118,3.0185,3.0229,3.1074,-0.08450000000000024,-2.7193,50026.61,34599.979
600794.SH,20130724,3.0051,3.1341,2.9118,3.1074,3.0051,0.10230000000000006,3.4042,55017.82,37106.497
600794.SH,20130723,2.9118,3.0096,2.9029,3.0051,2.9118,0.09330000000000016,3.2042,41854.48,27767.651
600794.SH,20130722,2.8673,2.9251,2.8051,2.9118,2.8673,0.04449999999999976,1.552,21771.02,14125.221
600794.SH,20130719,2.894,2.9696,2.8629,2.8673,2.9162,-0.04889999999999972,-1.6768,26957.73,17661.601
600794.SH,20130718,2.9118,3.0007,2.8896,2.9162,2.9696,-0.05339999999999989,-1.7982,24714.37,16266.078
600794.SH,20130717,3.0496,3.0852,2.9473,2.9696,3.0585,-0.0889000000000002,-2.9067,36865.07,24990.725
600794.SH,20130716,3.0185,3.0674,3.0096,3.0585,3.0185,0.040000000000000036,1.3252,30346.14,20738.924
600794.SH,20130715,2.9562,3.0496,2.9562,3.0185,2.9785,0.040000000000000036,1.343,22880.52,15503.466
600794.SH,20130712,3.0629,3.0807,2.9607,2.9785,3.0585,-0.08000000000000007,-2.6157,41431.59,28146.171
600794.SH,20130711,2.974,3.094,2.9429,3.0585,2.974,0.0844999999999998,2.8413,42774.16,29284.216
600794.SH,20130710,2.8495,2.9874,2.8362,2.974,2.8495,0.12450000000000028,4.3692,31659.85,20932.135
600794.SH,20130709,2.8362,2.8896,2.8273,2.8495,2.8229,0.026599999999999735,0.9423,18600.57,11919.353
600794.SH,20130708,2.9874,3.0007,2.8229,2.8229,3.0451,-0.22219999999999995,-7.297,36935.92,24132.021
600794.SH,20130705,3.1118,3.1607,3.0407,3.0451,3.1074,-0.06230000000000002,-2.0049,35054.82,24432.092
600794.SH,20130704,3.1029,3.1474,3.0229,3.1074,3.1341,-0.026699999999999946,-0.8519,50597.48,35360.939
600794.SH,20130703,2.9029,3.1518,2.8362,3.1341,2.9429,0.19120000000000026,6.497,67175.31,45704.8
600794.SH,20130702,2.9207,2.9429,2.8584,2.9429,2.9162,0.026699999999999946,0.9156,32465.87,21223.28
600794.SH,20130701,2.8006,2.9385,2.7918,2.9162,2.8051,0.11109999999999998,3.9606,29283.75,18972.887
600794.SH,20130628,2.8095,2.8807,2.7251,2.8051,2.814,-0.00890000000000013,-0.3163,30461.28,19269.212
600794.SH,20130627,3.0051,3.0363,2.8006,2.814,2.9607,-0.14670000000000005,-4.9549,46109.63,30336.573
600794.SH,20130626,2.8896,3.0007,2.8495,2.9607,2.9251,0.035600000000000076,1.2171,38159.84,25210.581
600794.SH,20130625,2.8673,3.0229,2.6139,2.9251,2.9029,0.02220000000000022,0.7648,73640.91,46380.513
600794.SH,20130624,3.0985,3.1252,2.8629,2.9029,3.094,-0.19110000000000005,-6.1765,43529.33,29148.834
600794.SH,20130621,3.1296,3.1341,3.0007,3.094,3.1652,-0.07120000000000015,-2.2495,42078.78,29115.169
600794.SH,20130620,3.2585,3.2985,3.1429,3.1652,3.3208,-0.15560000000000018,-4.6856,34635.28,25155.926
600794.SH,20130619,3.463,3.463,3.2452,3.3208,3.4408,-0.11999999999999966,-3.4876,58774.57,43714.166
600794.SH,20130618,3.4986,3.5297,3.423,3.4408,3.4986,-0.057800000000000296,-1.6521,41632.94,32398.071
600794.SH,20130617,3.4319,3.5519,3.4008,3.4986,3.4541,0.044500000000000206,1.2883,52528.34,41193.825
600794.SH,20130614,3.4675,3.5519,3.3608,3.4541,3.4719,-0.01780000000000026,-0.5127,61693.35,47913.486
600794.SH,20130613,3.6853,3.6853,3.4675,3.4719,3.6897,-0.2178,-5.9029,86043.28,68253.569
600794.SH,20130607,3.6319,3.7297,3.6053,3.6897,3.6186,0.07110000000000039,1.9648,101863.68,84347.072
600794.SH,20130606,3.6097,3.7297,3.6097,3.6186,3.6097,0.008899999999999686,0.2466,61014.37,50174.746
600794.SH,20130605,3.6497,3.6986,3.583,3.6097,3.6586,-0.04889999999999972,-1.3366,55667.06,45370.076
600794.SH,20130604,3.7342,3.7653,3.6186,3.6586,3.752,-0.09339999999999993,-2.4893,103223.4,85221.955
600794.SH,20130603,3.7653,3.8676,3.7253,3.752,3.8275,-0.07550000000000034,-1.9726,96056.3,82081.8
600794.SH,20130531,3.8942,4.0365,3.8231,3.8275,3.9076,-0.08009999999999984,-2.0499,234148.48,206162.886
600794.SH,20130530,3.712,3.9476,3.6142,3.9076,3.7253,0.18230000000000013,4.8936,229086.8,195225.319
600794.SH,20130529,3.7297,3.8364,3.7031,3.7253,3.7297,-0.0043999999999999595,-0.118,135469.1,114570.02
600794.SH,20130528,3.7786,3.8676,3.6897,3.7297,3.8009,-0.07120000000000015,-1.8732,147025.86,123640.529
600794.SH,20130527,3.8098,3.952,3.7297,3.8009,3.7609,0.040000000000000036,1.0636,220226.14,189206.176
600794.SH,20130524,3.5564,3.8142,3.5564,3.7609,3.6008,0.1600999999999999,4.4462,228429.2,189064.2
600794.SH,20130523,3.4008,3.6008,3.3385,3.6008,3.3874,0.21340000000000003,6.2998,237320.59,186819.296
600794.SH,20130522,3.2763,3.3919,3.2452,3.3874,3.2719,0.11549999999999994,3.5301,169642.78,126999.787
600794.SH,20130521,3.1963,3.2763,3.1607,3.2719,3.1963,0.07560000000000011,2.3652,96269.9,69854.816
600794.SH,20130520,3.1563,3.2407,3.1385,3.1963,3.183,0.01330000000000009,0.4178,87142.79,62547.61
600794.SH,20130517,3.1696,3.3341,3.1652,3.183,3.0763,0.10670000000000002,3.4685,148718.76,107643.163
600794.SH,20130516,3.0852,3.1341,3.0274,3.0763,3.0763,0.0,0.0,53441.24,36994.057
600794.SH,20130515,3.014,3.0807,2.9785,3.0763,3.0229,0.05339999999999989,1.7665,30570.63,20940.933
600794.SH,20130514,3.0585,3.0763,2.9962,3.0229,3.0585,-0.035600000000000076,-1.164,34967.91,23714.847
600794.SH,20130513,3.1029,3.1029,3.0363,3.0585,3.094,-0.035499999999999865,-1.1474,37044.42,25511.88
600794.SH,20130510,2.9829,3.1074,2.9829,3.094,3.014,0.08000000000000007,2.6543,68870.22,47650.346
600794.SH,20130509,3.0807,3.0896,2.9829,3.014,3.094,-0.08000000000000007,-2.5856,45297.7,30843.111
600794.SH,20130508,3.054,3.1385,3.0229,3.094,3.0585,0.035499999999999865,1.1607,70526.31,48794.814
600794.SH,20130507,2.9785,3.0585,2.9429,3.0585,2.9918,0.06669999999999998,2.2294,55912.86,37900.035
600794.SH,20130506,2.9473,3.0096,2.9385,2.9918,2.934,0.05779999999999985,1.97,34421.02,22924.471
600794.SH,20130503,2.9029,2.9651,2.9029,2.934,2.8896,0.044399999999999995,1.5365,27798.02,18381.613
600794.SH,20130502,2.934,2.934,2.8584,2.8896,2.9562,-0.06659999999999977,-2.2529,33739.2,21902.521
600794.SH,20130426,3.1252,3.1652,2.934,2.9562,3.1518,-0.19560000000000022,-6.206,63167.48,43288.079
600794.SH,20130425,3.2052,3.2052,3.1385,3.1518,3.2052,-0.05339999999999989,-1.666,39157.18,27787.091
600794.SH,20130424,3.1563,3.2052,3.1385,3.2052,3.1518,0.05339999999999989,1.6943,45698.78,32611.027
600794.SH,20130423,3.2852,3.2852,3.1474,3.1518,3.2763,-0.12449999999999983,-3.8,61187.43,43718.971
600794.SH,20130422,3.2852,3.3119,3.2407,3.2763,3.3252,-0.048900000000000166,-1.4706,46774.27,34358.495
600794.SH,20130419,3.2763,3.3474,3.2719,3.3252,3.303,0.02220000000000022,0.6721,82428.74,61566.464
600794.SH,20130418,3.183,3.3252,3.1563,3.303,3.2007,0.10230000000000006,3.1962,81643.55,60271.858
600794.SH,20130417,3.1696,3.2185,3.1563,3.2007,3.1874,0.01330000000000009,0.4173,23384.13,16763.903
600794.SH,20130416,3.1385,3.1963,3.1207,3.1874,3.1785,0.008899999999999686,0.28,25275.2,17948.135
600794.SH,20130415,3.1785,3.1918,3.1385,3.1785,3.1607,0.01780000000000026,0.5632,24675.71,17545.962
600794.SH,20130412,3.1963,3.2363,3.1341,3.1607,3.1963,-0.035600000000000076,-1.1138,51903.64,36979.581
600794.SH,20130411,3.2541,3.2985,3.1874,3.1963,3.2496,-0.053300000000000125,-1.6402,32092.27,23327.137
600794.SH,20130410,3.2896,3.3208,3.2096,3.2496,3.3163,-0.06669999999999998,-2.0113,41064.31,30084.777
600794.SH,20130409,3.3385,3.3519,3.2585,3.3163,3.3297,-0.013399999999999856,-0.4024,34831.99,25942.444
600794.SH,20130408,3.2452,3.343,3.1429,3.3297,3.2674,0.06230000000000002,1.9067,53127.06,38855.563
600794.SH,20130403,3.2896,3.343,3.2452,3.2674,3.3163,-0.048900000000000166,-1.4745,35818.23,26340.103
600794.SH,20130402,3.3608,3.423,3.2896,3.3163,3.3563,-0.040000000000000036,-1.1918,71365.68,53791.513
600794.SH,20130401,3.1652,3.3652,3.1652,3.3563,3.1652,0.19110000000000005,6.0375,88101.57,65594.302
600794.SH,20130329,3.1474,3.1918,3.1252,3.1652,3.1296,0.035600000000000076,1.1375,35606.38,25352.856
600794.SH,20130328,3.2896,3.2896,3.1207,3.1296,3.303,-0.1734,-5.2498,70710.78,50619.281
600794.SH,20130327,3.3163,3.3963,3.2852,3.303,3.3252,-0.02220000000000022,-0.6676,59992.85,44935.682
600794.SH,20130326,3.2852,3.3608,3.2007,3.3252,3.2852,0.040000000000000036,1.2176,71438.85,52493.439
600794.SH,20130325,3.3563,3.3741,3.2674,3.2852,3.3741,-0.08889999999999976,-2.6348,70303.97,52358.701
600794.SH,20130322,3.3741,3.4586,3.3341,3.3741,3.3874,-0.01330000000000009,-0.3926,92502.86,70824.746
600794.SH,20130321,3.3341,3.3919,3.2896,3.3874,3.3608,0.02660000000000018,0.7915,88712.68,66563.08
600794.SH,20130320,3.2274,3.383,3.1918,3.3608,3.2274,0.13339999999999996,4.1334,102795.83,76035.706
600794.SH,20130319,3.2363,3.2808,3.1474,3.2274,3.2407,-0.01330000000000009,-0.4104,55523.17,40068.704
600794.SH,20130318,3.343,3.3608,3.2007,3.2407,3.4097,-0.16900000000000004,-4.9564,102606.42,75727.239
600794.SH,20130315,3.2585,3.6453,3.2496,3.4097,3.3341,0.07560000000000011,2.2675,191775.86,149410.308
600794.SH,20130314,3.5119,3.5919,3.3119,3.3341,3.4675,-0.13339999999999996,-3.8472,75705.93,58402.948
600794.SH,20130313,3.5094,3.5401,3.4326,3.4677,3.5313,-0.0636000000000001,-1.801,40841.09,64911.888
600794.SH,20130312,3.6542,3.6717,3.4721,3.5313,3.6717,-0.14040000000000008,-3.8238,62244.73,100397.114
600794.SH,20130311,3.652,3.7068,3.6103,3.6717,3.6761,-0.0043999999999999595,-0.1197,46330.04,77124.265
600794.SH,20130308,4.0621,4.095,3.6344,3.6761,3.9283,-0.2522000000000002,-6.4201,112024.28,195368.686
600794.SH,20130307,4.0797,4.0863,3.856,3.9283,4.1345,-0.20619999999999994,-4.9873,112954.44,203985.326
600794.SH,20130306,3.7704,4.1477,3.7507,4.1345,3.7704,0.3641000000000001,9.6568,125835.01,231847.581
600794.SH,20130305,3.6761,3.7858,3.6629,3.7704,3.6629,0.10749999999999993,2.9348,40152.63,68369.286
600794.SH,20130304,3.8604,3.9262,3.6366,3.6629,3.9108,-0.2479,-6.3389,63606.21,109112.818
600794.SH,20130301,3.7617,3.9262,3.7617,3.9108,3.7573,0.1535000000000002,4.0854,91971.43,162466.869
600794.SH,20130228,3.652,3.7595,3.6213,3.7573,3.6279,0.12939999999999996,3.5668,46076.91,77644.078
600794.SH,20130227,3.6871,3.7573,3.5928,3.6279,3.6893,-0.0613999999999999,-1.6643,47240.99,78582.706
600794.SH,20130226,3.652,3.7726,3.6235,3.6893,3.6761,0.013199999999999878,0.3591,35732.65,60498.456
600794.SH,20130225,3.7748,3.7946,3.6542,3.6761,3.7617,-0.0855999999999999,-2.2756,44230.21,74790.747
600794.SH,20130222,3.7134,3.7836,3.6717,3.7617,3.6893,0.07240000000000002,1.9624,38871.46,66150.087
600794.SH,20130221,3.7507,3.7748,3.6739,3.6893,3.7836,-0.09430000000000005,-2.4923,40896.41,69273.947
600794.SH,20130220,3.7419,3.8077,3.709,3.7836,3.7353,0.04829999999999979,1.2931,42453.95,72827.19
600794.SH,20130219,3.8889,3.9371,3.7002,3.7353,3.8954,-0.1600999999999999,-4.11,72435.29,125047.39
600794.SH,20130218,4.0007,4.0029,3.8406,3.8954,3.9744,-0.07900000000000018,-1.9877,82439.75,147487.245
600794.SH,20130208,3.6191,3.9744,3.5884,3.9744,3.6125,0.36190000000000033,10.018,142688.89,253865.593
600794.SH,20130207,3.5752,3.652,3.5094,3.6125,3.5971,0.015399999999999636,0.4281,43705.06,71394.321
600794.SH,20130206,3.6059,3.7002,3.5445,3.5971,3.5642,0.03290000000000015,0.9231,69674.56,114984.76
600794.SH,20130205,3.4875,3.6081,3.4699,3.5642,3.5292,0.03500000000000014,0.9917,49687.88,80809.088
600794.SH,20130204,3.5313,3.5489,3.3888,3.5292,3.5248,0.0043999999999999595,0.1248,50621.79,80500.331
600794.SH,20130201,3.7507,3.8253,3.4853,3.5248,3.7748,-0.25,-6.6229,112184.75,183407.939
600794.SH,20130131,3.7682,3.8384,3.7309,3.7748,3.7397,0.03509999999999991,0.9386,53680.55,92497.08
600794.SH,20130130,3.8296,3.8757,3.7134,3.7397,3.8296,-0.08990000000000009,-2.3475,84453.58,146047.817
600794.SH,20130129,3.6629,3.981,3.641,3.8296,3.6498,0.17980000000000018,4.9263,137822.99,240772.302
600794.SH,20130128,3.5796,3.698,3.5401,3.6498,3.5774,0.07240000000000002,2.0238,77774.83,128649.882
600794.SH,20130125,3.5752,3.7068,3.5116,3.5774,3.5357,0.04170000000000007,1.1794,74714.44,123726.181
600794.SH,20130124,3.584,3.6849,3.459,3.5357,3.5906,-0.05489999999999995,-1.529,73965.8,119910.362
600794.SH,20130123,3.4765,3.641,3.4546,3.5906,3.4699,0.12069999999999981,3.4785,70508.82,113860.2
600794.SH,20130122,3.5664,3.6059,3.3954,3.4699,3.6103,-0.14040000000000008,-3.8889,80581.84,129117.932
600794.SH,20130121,3.4612,3.7507,3.4612,3.6103,3.4984,0.11189999999999989,3.1986,127912.44,211192.005
600794.SH,20130118,3.4612,3.5423,3.4326,3.4984,3.4655,0.03290000000000015,0.9494,78967.66,125419.168
600794.SH,20130117,3.5971,3.6805,3.4458,3.4655,3.63,-0.16449999999999987,-4.5317,112270.0,183565.999
600794.SH,20130116,3.6761,3.7331,3.5928,3.63,3.7638,-0.13379999999999992,-3.5549,138703.42,231493.915
600794.SH,20130115,3.5313,3.7638,3.516,3.7638,3.4217,0.34209999999999985,9.998,254545.11,428147.699
600794.SH,20130114,3.3997,3.4217,3.3296,3.4217,3.1102,0.3115000000000001,10.0154,131562.84,204493.306
600794.SH,20130111,2.8953,3.176,2.8733,3.1102,2.9479,0.16229999999999967,5.5056,95689.09,133143.949
600794.SH,20130110,2.7856,2.994,2.7308,2.9479,2.7834,0.1645000000000003,5.91,89849.88,118687.53
600794.SH,20130109,2.6715,2.8031,2.6693,2.7834,2.6693,0.11410000000000009,4.2745,49328.46,61602.961
600794.SH,20130108,2.6233,2.7154,2.6211,2.6693,2.6496,0.01969999999999983,0.7435,31747.28,38747.9
600794.SH,20130107,2.5487,2.6979,2.5487,2.6496,2.5575,0.09209999999999985,3.6012,47586.16,57138.329
600794.SH,20130104,2.4785,2.6737,2.4785,2.5575,2.4456,0.11189999999999989,4.5756,56223.83,65994.455
600794.SH,20121231,2.4171,2.461,2.4127,2.4456,2.4215,0.024100000000000232,0.9953,9340.86,10404.555
600794.SH,20121228,2.3952,2.4303,2.3908,2.4215,2.4127,0.008799999999999919,0.3647,10039.31,11042.134
600794.SH,20121227,2.4347,2.4785,2.4083,2.4127,2.4259,-0.013199999999999878,-0.5441,20812.97,23195.004
600794.SH,20121226,2.3864,2.4281,2.3645,2.4259,2.3864,0.03949999999999987,1.6552,17999.9,19606.948
600794.SH,20121225,2.3535,2.4105,2.3513,2.3864,2.3513,0.03509999999999991,1.4928,12757.75,13902.005
600794.SH,20121224,2.3469,2.3535,2.3206,2.3513,2.336,0.015300000000000313,0.655,4375.72,4669.046
600794.SH,20121221,2.3491,2.3689,2.3294,2.336,2.3535,-0.01750000000000007,-0.7436,6045.49,6454.663
600794.SH,20121220,2.4083,2.4083,2.3403,2.3535,2.3667,-0.013199999999999878,-0.5577,4594.38,4944.645
600794.SH,20121219,2.3491,2.3798,2.3425,2.3667,2.3667,0.0,0.0,4449.5,4785.537
600794.SH,20121218,2.371,2.4105,2.3272,2.3667,2.3842,-0.01750000000000007,-0.734,7601.86,8211.479
600794.SH,20121217,2.3776,2.4303,2.3623,2.3842,2.3754,0.008799999999999919,0.3705,13632.29,14883.588
600794.SH,20121214,2.257,2.4193,2.257,2.3754,2.257,0.11839999999999984,5.2459,18467.71,19836.882
600794.SH,20121213,2.2811,2.3074,2.2548,2.257,2.3031,-0.04610000000000003,-2.0016,2490.35,2583.918
600794.SH,20121212,2.3513,2.3513,2.2965,2.3031,2.3074,-0.0042999999999997485,-0.1864,3205.02,3375.279
600794.SH,20121211,2.3228,2.3338,2.3052,2.3074,2.3294,-0.02200000000000024,-0.9444,2262.44,2386.947
600794.SH,20121210,2.3316,2.336,2.3031,2.3294,2.3118,0.017600000000000282,0.7613,2266.62,2398.815
600794.SH,20121207,2.2811,2.3294,2.2811,2.3118,2.2811,0.03069999999999995,1.3458,3621.39,3819.187
600794.SH,20121206,2.2921,2.2921,2.2592,2.2811,2.2899,-0.008799999999999919,-0.3843,2499.69,2590.77
600794.SH,20121205,2.2702,2.3052,2.2373,2.2899,2.2394,0.05049999999999999,2.2551,3793.08,3954.758
600794.SH,20121204,2.2175,2.2438,2.2087,2.2394,2.2307,0.008699999999999708,0.39,1385.51,1406.648
600794.SH,20121203,2.2394,2.2987,2.2087,2.2307,2.2394,-0.008699999999999708,-0.3885,2087.46,2132.695
600794.SH,20121130,2.1978,2.2526,2.1956,2.2394,2.2175,0.02190000000000003,0.9876,856.92,869.064
600794.SH,20121129,2.2592,2.2789,2.2043,2.2175,2.2592,-0.04170000000000007,-1.8458,2170.0,2223.51
600794.SH,20121128,2.325,2.325,2.2504,2.2592,2.3052,-0.04600000000000026,-1.9955,2200.4,2281.103
600794.SH,20121127,2.393,2.393,2.2592,2.3052,2.3667,-0.061499999999999666,-2.5986,4118.41,4338.865
600794.SH,20121126,2.3689,2.3798,2.3491,2.3667,2.3754,-0.008700000000000152,-0.3663,1926.81,2077.684
600794.SH,20121123,2.3842,2.3996,2.3645,2.3754,2.393,-0.017599999999999838,-0.7355,2196.01,2384.581
600794.SH,20121122,2.4171,2.4171,2.382,2.393,2.3908,0.0021999999999997577,0.092,1977.4,2162.333
600794.SH,20121121,2.3732,2.3974,2.3579,2.3908,2.3732,0.017599999999999838,0.7416,1226.43,1328.545
600794.SH,20121120,2.4193,2.4193,2.3601,2.3732,2.3886,-0.015399999999999636,-0.6447,1900.1,2062.456
600794.SH,20121119,2.3535,2.4039,2.3381,2.3886,2.3798,0.008799999999999919,0.3698,2081.13,2247.725
600794.SH,20121116,2.3732,2.3798,2.3491,2.3798,2.3908,-0.01100000000000012,-0.4601,1541.93,1660.815
600794.SH,20121115,2.4018,2.4149,2.3689,2.3908,2.4018,-0.01100000000000012,-0.458,3387.92,3690.133
600794.SH,20121114,2.4303,2.4303,2.3754,2.4018,2.3974,0.0043999999999999595,0.1835,2629.42,2878.545
600794.SH,20121113,2.4303,2.4368,2.3689,2.3974,2.4325,-0.03509999999999991,-1.443,4971.5,5426.784
600794.SH,20121112,2.4061,2.4632,2.3908,2.4325,2.382,0.05049999999999999,2.1201,6307.91,6988.241
600794.SH,20121109,2.3908,2.3952,2.3469,2.382,2.393,-0.010999999999999677,-0.4597,3020.94,3264.165
600794.SH,20121108,2.4215,2.4215,2.3842,2.393,2.4368,-0.04380000000000006,-1.7974,5523.51,6037.379
600794.SH,20121107,2.4412,2.4917,2.4149,2.4368,2.4566,-0.01980000000000004,-0.806,10387.93,11569.256
600794.SH,20121106,2.393,2.4697,2.3732,2.4566,2.3754,0.08119999999999994,3.4184,15728.28,17521.288
600794.SH,20121105,2.3754,2.393,2.3667,2.3754,2.4039,-0.028500000000000192,-1.1856,2318.99,2514.818
600794.SH,20121102,2.3974,2.45,2.3623,2.4039,2.3952,0.008700000000000152,0.3632,4545.86,4981.069
600794.SH,20121101,2.3886,2.4127,2.3623,2.3952,2.3754,0.01980000000000004,0.8335,4424.96,4824.357
600794.SH,20121031,2.3689,2.3798,2.3469,2.3754,2.3689,0.00649999999999995,0.2744,1348.83,1455.677
600794.SH,20121030,2.336,2.3952,2.336,2.3689,2.3184,0.05049999999999999,2.1782,3171.88,3432.774
600794.SH,20121029,2.314,2.3469,2.3074,2.3184,2.3316,-0.013199999999999878,-0.5661,1616.4,1707.982
600794.SH,20121026,2.3623,2.3798,2.314,2.3316,2.3798,-0.04820000000000002,-2.0254,2885.13,3072.5
600794.SH,20121025,2.3996,2.4193,2.3579,2.3798,2.3996,-0.01980000000000004,-0.8251,3386.15,3680.588
600794.SH,20121024,2.4149,2.4325,2.3996,2.3996,2.4325,-0.03290000000000015,-1.3525,2610.5,2871.341
600794.SH,20121023,2.4719,2.4719,2.4149,2.4325,2.461,-0.028499999999999748,-1.1581,2472.07,2743.374
600794.SH,20121022,2.4347,2.4917,2.4171,2.461,2.4522,0.008799999999999919,0.3589,2357.07,2647.569
600794.SH,20121019,2.4654,2.4741,2.45,2.4522,2.4522,0.0,0.0,1742.15,1952.891
600794.SH,20121018,2.4412,2.4588,2.439,2.4522,2.4347,0.01750000000000007,0.7188,2788.46,3117.758
600794.SH,20121017,2.4412,2.4456,2.4127,2.4347,2.4347,0.0,0.0,2176.6,2411.832
600794.SH,20121016,2.4368,2.45,2.4171,2.4347,2.4368,-0.0020999999999999908,-0.0862,1948.86,2164.892
600794.SH,20121015,2.4522,2.4632,2.4171,2.4368,2.4478,-0.01100000000000012,-0.4494,1328.0,1470.444
600794.SH,20121012,2.461,2.4632,2.4237,2.4478,2.4478,0.0,0.0,1283.01,1426.42
600794.SH,20121011,2.4807,2.4895,2.4434,2.4478,2.4939,-0.04610000000000003,-1.8485,2399.84,2693.165
600794.SH,20121010,2.4851,2.5092,2.4588,2.4939,2.5005,-0.006600000000000161,-0.2639,3506.91,3971.632
600794.SH,20121009,2.4237,2.5224,2.4149,2.5005,2.4303,0.07020000000000026,2.8885,28236.19,31982.119
600794.SH,20121008,2.439,2.4566,2.3579,2.4303,2.3886,0.04170000000000007,1.7458,16771.58,18501.666
600794.SH,20120928,2.3689,2.4018,2.3689,2.3886,2.3842,0.0043999999999999595,0.1845,2396.9,2607.773
600794.SH,20120927,2.3118,2.4237,2.3009,2.3842,2.3316,0.05259999999999998,2.256,13010.76,14081.29
600794.SH,20120926,2.2987,2.3381,2.2767,2.3316,2.3316,0.0,0.0,4935.82,5216.298
600794.SH,20120925,2.3206,2.3381,2.2855,2.3316,2.3425,-0.01089999999999991,-0.4653,3960.8,4185.847
600794.SH,20120924,2.3469,2.3469,2.2811,2.3425,2.3425,0.0,0.0,6845.93,7170.651
600794.SH,20120921,2.3381,2.3689,2.2482,2.3425,2.3381,0.0043999999999999595,0.1882,7872.78,8263.163
600794.SH,20120920,2.4061,2.4061,2.3381,2.3381,2.4061,-0.06800000000000006,-2.8262,2804.21,3023.106
600794.SH,20120919,2.4127,2.4281,2.3908,2.4061,2.4127,-0.006600000000000161,-0.2736,2073.35,2268.908
600794.SH,20120918,2.4566,2.4566,2.3864,2.4127,2.4018,0.01089999999999991,0.4538,1857.0,2050.099
600794.SH,20120917,2.4259,2.45,2.3908,2.4018,2.4347,-0.03289999999999971,-1.3513,2119.93,2326.327
600794.SH,20120914,2.4149,2.4434,2.4061,2.4347,2.4149,0.01980000000000004,0.8199,4047.73,4473.703
600794.SH,20120913,2.4654,2.4654,2.4127,2.4149,2.4676,-0.05270000000000019,-2.1357,4041.53,4504.402
600794.SH,20120912,2.4632,2.4763,2.4434,2.4676,2.4588,0.008799999999999919,0.3579,5825.15,6525.589
600794.SH,20120911,2.4829,2.4895,2.45,2.4588,2.4829,-0.024099999999999788,-0.9706,3876.71,4344.604
600794.SH,20120910,2.4917,2.5114,2.4763,2.4829,2.5026,-0.019700000000000273,-0.7872,4899.52,5559.914
600794.SH,20120907,2.4347,2.5356,2.4347,2.5026,2.4171,0.08550000000000013,3.5373,10399.53,11798.904
600794.SH,20120906,2.393,2.4478,2.393,2.4171,2.4193,-0.0021999999999997577,-0.0909,2485.34,2744.508
600794.SH,20120905,2.4237,2.4412,2.4039,2.4193,2.4456,-0.026300000000000434,-1.0754,2733.21,3012.552
600794.SH,20120904,2.4522,2.4676,2.3908,2.4456,2.4632,-0.017599999999999838,-0.7145,6652.33,7362.592
600794.SH,20120903,2.4237,2.4719,2.4171,2.4632,2.4303,0.03290000000000015,1.3537,10100.21,11250.54
600794.SH,20120831,2.3996,2.439,2.3952,2.4303,2.4105,0.01980000000000004,0.8214,8292.41,9165.956
600794.SH,20120830,2.4259,2.4259,2.2263,2.4105,2.4061,0.0043999999999999595,0.1829,6874.15,7433.061
600794.SH,20120829,2.4171,2.4237,2.3952,2.4061,2.4303,-0.0242,-0.9958,1449.79,1592.031
600794.SH,20120828,2.4105,2.4347,2.3798,2.4303,2.4171,0.013199999999999878,0.5461,3552.93,3896.78
600794.SH,20120827,2.4412,2.4412,2.3908,2.4171,2.4368,-0.01969999999999983,-0.8084,5130.78,5636.337
600794.SH,20120824,2.4127,2.4478,2.4039,2.4368,2.4193,0.01750000000000007,0.7233,8356.47,9239.796
600794.SH,20120823,2.3908,2.4259,2.3908,2.4193,2.393,0.02629999999999999,1.099,5853.03,6452.818
600794.SH,20120822,2.4215,2.4303,2.3842,2.393,2.4215,-0.028500000000000192,-1.177,3851.73,4206.05
600794.SH,20120821,2.3908,2.4237,2.3754,2.4215,2.4039,0.017599999999999838,0.7321,5875.72,6461.729
600794.SH,20120820,2.4039,2.4368,2.382,2.4039,2.4215,-0.017599999999999838,-0.7268,4450.63,4900.081
600794.SH,20120817,2.3974,2.4325,2.3974,2.4215,2.4105,0.01100000000000012,0.4563,3496.0,3854.828
600794.SH,20120816,2.4171,2.4303,2.4083,2.4105,2.4149,-0.0043999999999999595,-0.1822,2609.23,2877.428
600794.SH,20120815,2.4127,2.4237,2.3952,2.4149,2.4127,0.0021999999999997577,0.0912,3059.74,3362.07
600794.SH,20120814,2.4281,2.4303,2.3776,2.4127,2.4303,-0.017599999999999838,-0.7242,5792.15,6354.442
600794.SH,20120813,2.45,2.45,2.4237,2.4303,2.45,-0.019700000000000273,-0.8041,5706.61,6340.829
600794.SH,20120810,2.4807,2.4895,2.4456,2.45,2.5005,-0.05049999999999999,-2.0196,8807.54,9881.539
600794.SH,20120809,2.5048,2.5114,2.4632,2.5005,2.5136,-0.013099999999999667,-0.5212,12939.27,14664.69
600794.SH,20120808,2.5005,2.5706,2.5005,2.5136,2.4676,0.04599999999999982,1.8642,14259.62,16412.828
600794.SH,20120807,2.4478,2.4719,2.4368,2.4676,2.4478,0.01980000000000004,0.8089,6733.22,7538.715
600794.SH,20120806,2.4237,2.45,2.4018,2.4478,2.4237,0.024099999999999788,0.9943,8109.75,8991.041
600794.SH,20120803,2.4083,2.4325,2.3908,2.4237,2.4105,0.013200000000000323,0.5476,2917.61,3217.325
600794.SH,20120802,2.4522,2.4697,2.4039,2.4105,2.45,-0.03950000000000031,-1.6122,2741.45,3034.103
600794.SH,20120801,2.4434,2.4544,2.4237,2.45,2.4434,0.006600000000000161,0.2701,4217.59,4698.718
600794.SH,20120731,2.4807,2.4961,2.4368,2.4434,2.4983,-0.05489999999999995,-2.1975,2613.8,2936.571
600794.SH,20120730,2.5224,2.5334,2.4741,2.4983,2.5202,-0.02190000000000003,-0.869,3064.4,3496.595
600794.SH,20120727,2.5443,2.5443,2.5136,2.5202,2.5334,-0.013199999999999878,-0.521,1744.0,2003.792
600794.SH,20120726,2.5553,2.5575,2.5114,2.5334,2.5575,-0.024100000000000232,-0.9423,6273.31,7256.206
600794.SH,20120725,2.5334,2.5641,2.4785,2.5575,2.5487,0.008799999999999919,0.3453,9622.53,11064.085
600794.SH,20120724,2.5794,2.5794,2.5224,2.5487,2.5728,-0.024099999999999788,-0.9367,5447.16,6318.543
600794.SH,20120723,2.5794,2.6101,2.5377,2.5728,2.6123,-0.03949999999999987,-1.5121,2699.0,3173.001
600794.SH,20120720,2.5882,2.6167,2.5728,2.6123,2.6057,0.006599999999999717,0.2533,4551.0,5393.452
600794.SH,20120719,2.5794,2.6101,2.5553,2.6057,2.5882,0.01750000000000007,0.6761,4708.36,5542.545
600794.SH,20120718,2.5224,2.5992,2.5114,2.5882,2.5531,0.03509999999999991,1.3748,6092.99,7084.534
600794.SH,20120717,2.4983,2.5575,2.4785,2.5531,2.5114,0.04170000000000007,1.6604,7997.28,9192.854
600794.SH,20120716,2.6189,2.6189,2.507,2.5114,2.6079,-0.09649999999999981,-3.7003,5935.03,6956.434
600794.SH,20120713,2.6079,2.6408,2.5838,2.6079,2.6277,-0.01980000000000004,-0.7535,3833.01,4564.804
600794.SH,20120712,2.654,2.6606,2.5728,2.6277,2.6321,-0.0043999999999999595,-0.1672,4479.21,5337.491
600794.SH,20120711,2.6277,2.6474,2.6057,2.6321,2.6277,0.0043999999999999595,0.1674,2880.43,3447.733
600794.SH,20120710,2.6606,2.6606,2.597,2.6277,2.6343,-0.006600000000000161,-0.2505,4189.45,4988.689
600794.SH,20120709,2.6343,2.665,2.5904,2.6343,2.6628,-0.028499999999999748,-1.0703,7397.66,8845.978
600794.SH,20120706,2.6847,2.6891,2.6364,2.6628,2.6737,-0.010900000000000354,-0.4077,4894.89,5936.243
600794.SH,20120705,2.643,2.6781,2.6233,2.6737,2.6759,-0.0021999999999997577,-0.0822,6946.1,8403.693
600794.SH,20120704,2.6101,2.6825,2.5772,2.6759,2.6321,0.04380000000000006,1.6641,17235.01,20756.884
600794.SH,20120703,2.6847,2.6847,2.5663,2.6321,2.6847,-0.05259999999999998,-1.9593,16856.94,20104.285
600794.SH,20120702,2.7724,2.7812,2.6825,2.6847,2.7637,-0.07900000000000018,-2.8585,15191.26,18746.003
600794.SH,20120629,2.7637,2.7988,2.7308,2.7637,2.8031,-0.0394000000000001,-1.4056,9535.95,12025.023
600794.SH,20120628,2.7966,2.8185,2.7439,2.8031,2.8185,-0.015399999999999636,-0.5464,22805.9,28901.859
600794.SH,20120627,2.8075,2.8273,2.7373,2.8185,2.8295,-0.01100000000000012,-0.3888,25409.37,32208.695
600794.SH,20120626,2.7659,2.8624,2.733,2.8295,2.7922,0.03730000000000011,1.3359,45819.2,58633.59
600794.SH,20120625,2.733,2.8448,2.7154,2.7922,2.7286,0.06359999999999966,2.3309,23426.51,29890.938
600794.SH,20120621,2.7044,2.7373,2.6913,2.7286,2.7044,0.0242,0.8948,3747.54,4646.106
600794.SH,20120620,2.7044,2.722,2.6781,2.7044,2.7044,0.0,0.0,1877.61,2309.518
600794.SH,20120619,2.7198,2.733,2.7022,2.7044,2.7132,-0.008799999999999919,-0.3243,2673.67,3315.645
600794.SH,20120618,2.711,2.722,2.6913,2.7132,2.6803,0.03290000000000015,1.2275,1756.67,2167.602
600794.SH,20120615,2.6803,2.6979,2.654,2.6803,2.6803,0.0,0.0,1442.45,1759.212
600794.SH,20120614,2.6781,2.7044,2.6737,2.6803,2.6979,-0.017600000000000282,-0.6524,2016.29,2470.407
600794.SH,20120613,2.6869,2.7198,2.6847,2.6979,2.6825,0.01540000000000008,0.5741,2533.0,3117.98
600794.SH,20120612,2.722,2.7417,2.665,2.6825,2.7461,-0.0636000000000001,-2.316,2341.06,2880.673
600794.SH,20120611,2.7088,2.7527,2.7022,2.7461,2.7286,0.01750000000000007,0.6414,3524.16,4387.705
600794.SH,20120608,2.7066,2.7395,2.6364,2.7286,2.6869,0.04170000000000007,1.552,8743.11,10765.381
600794.SH,20120607,2.6957,2.7154,2.6781,2.6869,2.6803,0.006600000000000161,0.2462,1887.79,2314.17
600794.SH,20120606,2.7066,2.7198,2.6759,2.6803,2.7088,-0.028500000000000192,-1.0521,2109.04,2587.441
600794.SH,20120605,2.6891,2.7395,2.6891,2.7088,2.7439,-0.03509999999999991,-1.2792,3082.07,3821.746
600794.SH,20120604,2.7286,2.7461,2.6562,2.7439,2.7527,-0.008799999999999919,-0.3197,9909.35,12232.199
600794.SH,20120601,2.7483,2.7724,2.7395,2.7527,2.7483,0.0043999999999999595,0.1601,8130.2,10219.559
600794.SH,20120531,2.7088,2.7571,2.7088,2.7483,2.7308,0.01750000000000007,0.6408,6078.41,7590.117
600794.SH,20120530,2.7176,2.7637,2.6979,2.7308,2.733,-0.002200000000000202,-0.0805,5173.3,6466.29
600794.SH,20120529,2.7066,2.7461,2.7001,2.733,2.7176,0.01540000000000008,0.5667,6797.88,8464.136
600794.SH,20120528,2.6979,2.7264,2.6496,2.7176,2.7373,-0.01969999999999983,-0.7197,5517.09,6793.018
600794.SH,20120525,2.7834,2.7878,2.7264,2.7373,2.7878,-0.05049999999999999,-1.8115,3340.8,4183.672
600794.SH,20120524,2.7571,2.7944,2.7044,2.7878,2.7571,0.03069999999999995,1.1135,8478.84,10646.483
600794.SH,20120523,2.7637,2.8053,2.7373,2.7571,2.7834,-0.02629999999999999,-0.9449,6319.46,7950.927
600794.SH,20120522,2.7878,2.8097,2.7659,2.7834,2.8141,-0.03069999999999995,-1.0909,6405.47,8139.474
600794.SH,20120521,2.7878,2.8185,2.7176,2.8141,2.7922,0.02190000000000003,0.7843,11735.86,14810.115
600794.SH,20120518,2.7439,2.7944,2.6979,2.7922,2.7702,0.021999999999999797,0.7942,12236.17,15403.202
600794.SH,20120517,2.7593,2.7724,2.6869,2.7702,2.7439,0.02629999999999999,0.9585,13010.85,16242.067
600794.SH,20120516,2.79,2.8514,2.7242,2.7439,2.8075,-0.0636000000000001,-2.2654,32151.29,41195.628
600794.SH,20120515,2.6562,2.8119,2.6386,2.8075,2.6803,0.1272000000000002,4.7457,42869.71,53853.77
600794.SH,20120514,2.6584,2.7308,2.6057,2.6803,2.643,0.03730000000000011,1.4113,11982.93,14657.481
600794.SH,20120511,2.6825,2.6825,2.6321,2.643,2.6825,-0.03950000000000031,-1.4725,6057.5,7335.555
600794.SH,20120510,2.6935,2.6979,2.6386,2.6825,2.665,0.01750000000000007,0.6567,12061.12,14700.217
600794.SH,20120509,2.643,2.6715,2.6057,2.665,2.6408,0.0242,0.9164,12388.35,14874.749
600794.SH,20120508,2.6277,2.6452,2.6035,2.6408,2.6211,0.01969999999999983,0.7516,6423.03,7702.219
600794.SH,20120507,2.654,2.654,2.5992,2.6211,2.654,-0.03289999999999971,-1.2396,11911.58,14235.973
600794.SH,20120504,2.6693,2.6803,2.6386,2.654,2.6693,-0.01529999999999987,-0.5732,6984.45,8456.084
600794.SH,20120503,2.5882,2.6803,2.5882,2.6693,2.597,0.07229999999999981,2.784,19468.47,23476.878
600794.SH,20120502,2.5882,2.5992,2.5663,2.597,2.5575,0.03949999999999987,1.5445,10492.48,12365.981
600794.SH,20120427,2.5531,2.5882,2.5334,2.5575,2.5641,-0.006599999999999717,-0.2574,4843.3,5666.125
600794.SH,20120426,2.6145,2.6145,2.5377,2.5641,2.5926,-0.028500000000000192,-1.0993,7941.65,9280.172
600794.SH,20120425,2.586,2.6035,2.5487,2.5926,2.5838,0.008799999999999919,0.3406,10700.17,12582.599
600794.SH,20120424,2.4785,2.5904,2.4171,2.5838,2.4785,0.10530000000000017,4.2485,19621.17,22429.636
600794.SH,20120423,2.5377,2.5443,2.4741,2.4785,2.5443,-0.06579999999999986,-2.5862,6734.0,7693.715
600794.SH,20120420,2.5399,2.5619,2.5224,2.5443,2.5377,0.006599999999999717,0.2601,5905.68,6855.441
600794.SH,20120419,2.5509,2.5706,2.529,2.5377,2.5685,-0.030799999999999716,-1.1991,5103.39,5929.648
600794.SH,20120418,2.5356,2.5728,2.5268,2.5685,2.5136,0.05489999999999995,2.1841,8202.34,9556.196
600794.SH,20120417,2.5553,2.5663,2.5114,2.5136,2.5641,-0.05049999999999999,-1.9695,4076.7,4713.071
600794.SH,20120416,2.5509,2.5948,2.5334,2.5641,2.5706,-0.006500000000000394,-0.2529,8452.05,9898.64
600794.SH,20120413,2.5377,2.5838,2.5377,2.5706,2.5399,0.030700000000000394,1.2087,13713.85,16020.724
600794.SH,20120412,2.4917,2.5575,2.4829,2.5399,2.4895,0.05039999999999978,2.0245,11880.36,13743.315
600794.SH,20120411,2.4763,2.5114,2.439,2.4895,2.4939,-0.0043999999999999595,-0.1764,4100.47,4629.955
600794.SH,20120410,2.4785,2.5005,2.3952,2.4939,2.4785,0.01540000000000008,0.6213,4963.64,5554.889
600794.SH,20120409,2.5224,2.5399,2.4785,2.4785,2.5224,-0.04390000000000027,-1.7404,6852.74,7854.988
600794.SH,20120405,2.4522,2.5246,2.4215,2.5224,2.4544,0.06800000000000006,2.7705,11808.02,13378.695
600794.SH,20120330,2.3908,2.4588,2.3579,2.4544,2.3776,0.07679999999999998,3.2301,10378.55,11371.126
600794.SH,20120329,2.4434,2.4544,2.3732,2.3776,2.4434,-0.06579999999999986,-2.693,9466.94,10387.285
600794.SH,20120328,2.5663,2.5663,2.4412,2.4434,2.575,-0.13160000000000016,-5.1107,8328.63,9445.735
600794.SH,20120327,2.5992,2.6189,2.5575,2.575,2.5992,-0.0242,-0.9311,8852.86,10430.034
600794.SH,20120326,2.4917,2.6014,2.4917,2.5992,2.4939,0.10530000000000017,4.2223,41719.4,49013.081
600794.SH,20120323,2.5158,2.5224,2.4829,2.4939,2.5224,-0.028500000000000192,-1.1299,8853.7,10082.744
600794.SH,20120322,2.5663,2.575,2.5005,2.5224,2.5553,-0.03289999999999971,-1.2875,11997.51,13798.342
600794.SH,20120321,2.5618,2.5902,2.5095,2.5553,2.5509,0.0043999999999999595,0.1725,13987.37,16268.956
600794.SH,20120320,2.6338,2.6338,2.5466,2.5509,2.6534,-0.10250000000000004,-3.863,17200.19,20294.568
600794.SH,20120319,2.5771,2.6948,2.5684,2.6534,2.6076,0.04579999999999984,1.7564,28798.74,34686.105
600794.SH,20120316,2.5815,2.6098,2.5357,2.6076,2.5727,0.03489999999999993,1.3566,16856.78,19925.004
600794.SH,20120315,2.6687,2.6708,2.5466,2.5727,2.6621,-0.08939999999999992,-3.3583,36851.35,43792.862
600794.SH,20120314,2.8126,2.8278,2.6381,2.6621,2.8169,-0.15479999999999983,-5.4954,42580.78,53512.212
600794.SH,20120313,2.8409,2.8562,2.7886,2.8169,2.8387,-0.02179999999999982,-0.768,35816.84,46141.483
600794.SH,20120312,2.6796,2.8693,2.6796,2.8387,2.6425,0.1961999999999997,7.4248,67663.02,87114.811
600794.SH,20120308,2.6272,2.6599,2.6207,2.6425,2.612,0.03049999999999997,1.1677,14878.79,18014.489
600794.SH,20120307,2.6599,2.6905,2.6076,2.612,2.6752,-0.0631999999999997,-2.3624,27221.98,33023.383
600794.SH,20120306,2.6839,2.7254,2.6643,2.6752,2.6839,-0.008700000000000152,-0.3242,14281.02,17624.556
600794.SH,20120305,2.7428,2.7472,2.6817,2.6839,2.7297,-0.04579999999999984,-1.6778,17878.91,22205.139
600794.SH,20120302,2.7036,2.7384,2.7036,2.7297,2.7057,0.023999999999999577,0.887,13253.54,16541.094
600794.SH,20120301,2.7711,2.7799,2.6948,2.7057,2.7711,-0.0653999999999999,-2.3601,20023.47,25054.183
600794.SH,20120229,2.8104,2.8387,2.769,2.7711,2.8104,-0.03929999999999989,-1.3984,18938.61,24312.863
600794.SH,20120228,2.7799,2.8344,2.7472,2.8104,2.7668,0.04360000000000008,1.5758,32888.54,42139.585
600794.SH,20120227,2.7014,2.7973,2.673,2.7668,2.697,0.06979999999999986,2.5881,35996.49,45449.708
600794.SH,20120224,2.673,2.7036,2.6599,2.697,2.6839,0.013100000000000112,0.4881,25465.15,31315.521
600794.SH,20120223,2.7079,2.7166,2.6643,2.6839,2.7036,-0.01969999999999983,-0.7287,15594.64,19239.017
600794.SH,20120222,2.6817,2.7036,2.6578,2.7036,2.6817,0.021899999999999586,0.8166,19244.91,23665.68
600794.SH,20120221,2.649,2.6839,2.6425,2.6817,2.6665,0.015200000000000102,0.57,13344.45,16293.325
600794.SH,20120220,2.6926,2.697,2.6534,2.6665,2.6796,-0.013100000000000112,-0.4889,16919.6,20713.471
600794.SH,20120217,2.769,2.7864,2.6752,2.6796,2.8213,-0.14169999999999972,-5.0225,26448.97,32886.745
600794.SH,20120216,2.8017,2.8235,2.782,2.8213,2.8017,0.019600000000000062,0.6996,14634.46,18803.568
600794.SH,20120215,2.7733,2.806,2.7559,2.8017,2.769,0.03269999999999973,1.1809,15098.55,19240.817
600794.SH,20120214,2.7406,2.7864,2.7101,2.769,2.7406,0.02839999999999998,1.0363,12283.77,15568.76
600794.SH,20120213,2.7363,2.7624,2.7036,2.7406,2.7363,0.0043000000000001926,0.1571,11325.19,14189.12
600794.SH,20120210,2.745,2.7581,2.7232,2.7363,2.745,-0.008700000000000152,-0.3169,7923.61,9953.133
600794.SH,20120209,2.7145,2.7711,2.7036,2.745,2.7079,0.03710000000000013,1.3701,11831.12,14908.582
600794.SH,20120208,2.6469,2.7145,2.6403,2.7079,2.6469,0.06099999999999994,2.3046,10010.5,12360.378
600794.SH,20120207,2.7079,2.7079,2.6381,2.6469,2.7036,-0.05669999999999975,-2.0972,7589.07,9299.339
600794.SH,20120206,2.6992,2.7188,2.6796,2.7036,2.6992,0.0043999999999999595,0.163,13420.04,16602.646
600794.SH,20120203,2.7123,2.7145,2.673,2.6992,2.7123,-0.013100000000000112,-0.483,9413.3,11631.958
600794.SH,20120202,2.6861,2.7145,2.6643,2.7123,2.6774,0.03489999999999993,1.3035,8957.18,11054.738
600794.SH,20120201,2.6796,2.7057,2.6578,2.6774,2.6948,-0.01739999999999986,-0.6457,7147.88,8784.673
600794.SH,20120131,2.7166,2.7384,2.6599,2.6948,2.7123,-0.01750000000000007,-0.6452,7838.66,9676.748
600794.SH,20120130,2.7493,2.7711,2.6839,2.7123,2.7537,-0.04139999999999988,-1.5034,8082.78,10120.23
600794.SH,20120120,2.7733,2.8082,2.7472,2.7537,2.8278,-0.07410000000000005,-2.6204,10279.79,13085.326
600794.SH,20120119,2.7908,2.83,2.6839,2.8278,2.8169,0.01089999999999991,0.387,23872.91,30176.557
600794.SH,20120118,2.8671,2.8671,2.7515,2.8169,2.8344,-0.01750000000000007,-0.6174,17138.65,22056.47
600794.SH,20120117,2.7428,2.8387,2.7297,2.8344,2.7537,0.08070000000000022,2.9306,22210.29,28490.451
600794.SH,20120116,2.721,2.7777,2.6796,2.7537,2.745,0.008699999999999708,0.3169,14720.75,18512.899
600794.SH,20120113,2.6992,2.7602,2.6163,2.745,2.7036,0.041400000000000325,1.5313,13630.06,16919.999
600794.SH,20120112,2.649,2.7057,2.6185,2.7036,2.697,0.006599999999999717,0.2447,19892.7,24316.126
600794.SH,20120111,2.6381,2.7581,2.5727,2.697,2.5073,0.1897000000000002,7.5659,31392.56,38358.506
600794.SH,20111229,2.4833,2.5226,2.4746,2.5073,2.5139,-0.006600000000000161,-0.2625,7606.73,8748.574
600794.SH,20111228,2.4921,2.5204,2.4005,2.5139,2.5095,0.0043999999999999595,0.1753,11497.95,13118.57
600794.SH,20111227,2.5008,2.5248,2.4506,2.5095,2.5182,-0.008700000000000152,-0.3455,10209.86,11735.047
600794.SH,20111226,2.4921,2.5378,2.4659,2.5182,2.5139,0.0043000000000001926,0.171,7692.95,8850.119
600794.SH,20111223,2.4419,2.5182,2.4419,2.5139,2.4921,0.02179999999999982,0.8748,14001.56,16004.214
600794.SH,20111222,2.4267,2.4942,2.2195,2.4921,2.4594,0.03270000000000017,1.3296,17688.68,19556.886
600794.SH,20111221,2.4594,2.4637,2.4027,2.4594,2.4485,0.01089999999999991,0.4452,10584.83,11832.381
600794.SH,20111220,2.4223,2.4485,2.383,2.4485,2.4397,0.008799999999999919,0.3607,11979.24,13317.143
600794.SH,20111219,2.4158,2.4463,2.3591,2.4397,2.4267,0.013000000000000345,0.5357,9529.3,10527.476
600794.SH,20111216,2.383,2.4332,2.3525,2.4267,2.383,0.04369999999999985,1.8338,15153.77,16651.014
600794.SH,20111215,2.3111,2.4201,2.3024,2.383,2.3242,0.058800000000000185,2.5299,17152.42,18588.937
600794.SH,20111214,2.2675,2.3285,2.2282,2.3242,2.2806,0.04359999999999964,1.9118,6879.2,7252.023
600794.SH,20111213,2.2588,2.2828,2.1585,2.2806,2.2631,0.01750000000000007,0.7733,13690.99,13980.365
600794.SH,20111212,2.298,2.3198,2.2631,2.2631,2.2893,-0.02619999999999978,-1.1445,3236.86,3389.88
600794.SH,20111209,2.3002,2.3242,2.2849,2.2893,2.3198,-0.03049999999999997,-1.3148,2076.55,2191.996
600794.SH,20111208,2.3264,2.346,2.2675,2.3198,2.3264,-0.006600000000000161,-0.2837,3653.93,3873.877
600794.SH,20111207,2.3242,2.3394,2.3111,2.3264,2.3329,-0.00649999999999995,-0.2786,3000.31,3198.024
600794.SH,20111206,2.3111,2.3416,2.2784,2.3329,2.3002,0.03270000000000017,1.4216,4532.46,4800.274
600794.SH,20111205,2.3983,2.3983,2.2958,2.3002,2.407,-0.10680000000000023,-4.4371,7547.85,8078.212
600794.SH,20111202,2.4833,2.4833,2.3896,2.407,2.4877,-0.08069999999999977,-3.244,7659.41,8498.869
600794.SH,20111201,2.4964,2.5248,2.4703,2.4877,2.4463,0.04139999999999988,1.6924,10337.88,11863.639
600794.SH,20111130,2.4833,2.54,2.4201,2.4463,2.4877,-0.04139999999999988,-1.6642,11290.81,12796.428
600794.SH,20111129,2.4724,2.5051,2.4637,2.4877,2.4594,0.02829999999999977,1.1507,4685.93,5334.889
600794.SH,20111128,2.503,2.5182,2.4463,2.4594,2.503,-0.04360000000000008,-1.7419,6202.43,7066.803
600794.SH,20111125,2.5226,2.5378,2.4986,2.503,2.5226,-0.019600000000000062,-0.777,7159.48,8252.4
600794.SH,20111124,2.4528,2.5488,2.431,2.5226,2.4833,0.039300000000000335,1.5826,10825.66,12517.125
600794.SH,20111123,2.4964,2.5051,2.4528,2.4833,2.4921,-0.008800000000000363,-0.3531,6687.66,7622.903
600794.SH,20111122,2.4506,2.4986,2.4245,2.4921,2.4659,0.026200000000000223,1.0625,11595.04,13065.167
600794.SH,20111121,2.4812,2.4964,2.4223,2.4659,2.4812,-0.01529999999999987,-0.6166,12323.49,13877.463
600794.SH,20111118,2.5618,2.588,2.4615,2.4812,2.564,-0.0828000000000002,-3.2293,13726.54,15765.411
600794.SH,20111117,2.6142,2.6381,2.5597,2.564,2.6098,-0.04579999999999984,-1.7549,10272.42,12156.479
600794.SH,20111116,2.7079,2.7079,2.6054,2.6098,2.7036,-0.09379999999999988,-3.4694,10276.8,12501.884
600794.SH,20111115,2.7014,2.7145,2.6839,2.7036,2.6992,0.0043999999999999595,0.163,7113.45,8799.81
600794.SH,20111114,2.6578,2.7036,2.6578,2.6992,2.6556,0.04359999999999964,1.6418,11020.96,13613.554
600794.SH,20111111,2.6599,2.6796,2.6381,2.6556,2.6578,-0.0021999999999997577,-0.0828,5032.38,6131.48
600794.SH,20111110,2.6817,2.6817,2.649,2.6578,2.6926,-0.034800000000000164,-1.2924,5288.25,6447.036
600794.SH,20111109,2.6643,2.697,2.6381,2.6926,2.6599,0.03270000000000017,1.2294,5845.16,7169.806
600794.SH,20111108,2.7384,2.7406,2.6425,2.6599,2.7428,-0.08289999999999997,-3.0225,5240.68,6473.883
600794.SH,20111107,2.7428,2.7581,2.7057,2.7428,2.7406,0.0021999999999997577,0.0803,8186.32,10288.268
600794.SH,20111104,2.7799,2.8082,2.7297,2.7406,2.7406,0.0,0.0,9289.41,11787.189
600794.SH,20111103,2.7363,2.7581,2.7036,2.7406,2.7188,0.021800000000000264,0.8018,18803.58,23563.759
600794.SH,20111102,2.6556,2.7254,2.6338,2.7188,2.6926,0.02619999999999978,0.973,11048.27,13652.048
600794.SH,20111101,2.6403,2.6948,2.6316,2.6926,2.6621,0.03049999999999997,1.1457,10007.57,12264.631
600794.SH,20111031,2.6556,2.6687,2.6316,2.6621,2.6556,0.00649999999999995,0.2448,4380.08,5334.775
600794.SH,20111028,2.6599,2.6817,2.6272,2.6556,2.6621,-0.00649999999999995,-0.2442,10635.51,12950.091
600794.SH,20111027,2.6251,2.6817,2.6163,2.6621,2.6054,0.056700000000000195,2.1762,16803.54,20454.534
600794.SH,20111026,2.5466,2.6098,2.5378,2.6054,2.5662,0.039200000000000124,1.5276,15475.83,18316.211
600794.SH,20111025,2.4724,2.5684,2.4637,2.5662,2.4724,0.09379999999999988,3.7939,12976.09,15082.975
600794.SH,20111024,2.4528,2.4986,2.4223,2.4724,2.4441,0.02829999999999977,1.1579,3169.23,3587.028
600794.SH,20111021,2.4964,2.4964,2.4419,2.4441,2.4833,-0.03919999999999968,-1.5785,4266.42,4826.013
600794.SH,20111020,2.5727,2.5902,2.4637,2.4833,2.5749,-0.09160000000000013,-3.5574,5783.5,6665.318
600794.SH,20111019,2.6163,2.6163,2.564,2.5749,2.5836,-0.008700000000000152,-0.3367,3257.77,3864.545
600794.SH,20111018,2.6599,2.6599,2.5793,2.5836,2.6817,-0.09810000000000008,-3.6581,6015.15,7222.32
600794.SH,20111017,2.7014,2.7014,2.6403,2.6817,2.6861,-0.0043999999999999595,-0.1638,5222.13,6409.573
600794.SH,20111014,2.7145,2.7275,2.6621,2.6861,2.7254,-0.03929999999999989,-1.442,6542.66,8068.912
600794.SH,20111013,2.7232,2.7493,2.7079,2.7254,2.7363,-0.01089999999999991,-0.3983,7731.59,9676.945
600794.SH,20111012,2.6163,2.7384,2.5967,2.7363,2.6469,0.08939999999999992,3.3775,13301.32,16443.995
600794.SH,20111011,2.6643,2.7254,2.6381,2.6469,2.6469,0.0,0.0,6009.92,7345.139
600794.SH,20111010,2.6556,2.6578,2.6098,2.6469,2.6403,0.006600000000000161,0.25,4562.0,5499.285
600794.SH,20110930,2.6229,2.6556,2.5509,2.6403,2.6403,0.0,0.0,11037.35,13184.023
600794.SH,20110929,2.5945,2.6469,2.5553,2.6403,2.6381,0.0021999999999997577,0.0834,7139.24,8542.669
600794.SH,20110928,2.6796,2.6817,2.5858,2.6381,2.6708,-0.03269999999999973,-1.2244,10493.76,12704.818
600794.SH,20110927,2.649,2.6708,2.6229,2.6708,2.6338,0.03699999999999992,1.4048,13988.52,17011.992
600794.SH,20110926,2.5727,2.649,2.5727,2.6338,2.5902,0.04360000000000008,1.6833,19409.27,23292.932
600794.SH,20110923,2.5684,2.5924,2.54,2.5902,2.5815,0.008699999999999708,0.337,3928.88,4614.734
600794.SH,20110922,2.6381,2.6403,2.5771,2.5815,2.6512,-0.06969999999999965,-2.629,4153.7,4969.073
600794.SH,20110921,2.5815,2.6578,2.5815,2.6512,2.5793,0.07189999999999985,2.7876,5237.91,6310.088
600794.SH,20110920,2.5945,2.6011,2.5684,2.5793,2.5945,-0.015200000000000102,-0.5859,2413.1,2860.926
600794.SH,20110919,2.6163,2.6207,2.5858,2.5945,2.6338,-0.03929999999999989,-1.4921,3405.99,4066.335
600794.SH,20110916,2.6381,2.6512,2.6294,2.6338,2.6338,0.0,0.0,2664.3,3223.281
600794.SH,20110915,2.612,2.636,2.612,2.6338,2.6251,0.008699999999999708,0.3314,3467.57,4177.682
600794.SH,20110914,2.6294,2.649,2.5924,2.6251,2.6011,0.02400000000000002,0.9227,3522.33,4214.744
600794.SH,20110913,2.6076,2.6316,2.5924,2.6011,2.649,-0.04789999999999983,-1.8082,3557.47,4262.325
600794.SH,20110909,2.6665,2.6665,2.6272,2.649,2.6425,0.00649999999999995,0.246,2430.07,2947.204
600794.SH,20110908,2.6774,2.6948,2.6403,2.6425,2.6774,-0.03489999999999993,-1.3035,4532.73,5536.401
600794.SH,20110907,2.6272,2.6774,2.6207,2.6774,2.6316,0.04579999999999984,1.7404,4706.23,5733.132
600794.SH,20110906,2.6142,2.649,2.5967,2.6316,2.6163,0.015300000000000313,0.5848,2836.46,3413.05
600794.SH,20110905,2.6883,2.6883,2.6163,2.6163,2.6883,-0.07200000000000006,-2.6783,6279.83,7597.393
600794.SH,20110901,2.7254,2.7297,2.6817,2.6883,2.7166,-0.028300000000000214,-1.0417,4147.09,5140.983
600794.SH,20110831,2.7363,2.745,2.6883,2.7166,2.7363,-0.01969999999999983,-0.72,5186.35,6455.638
600794.SH,20110830,2.7842,2.7842,2.7275,2.7363,2.7406,-0.0043000000000001926,-0.1569,5409.95,6836.994
600794.SH,20110829,2.7864,2.7864,2.7384,2.7406,2.7886,-0.04800000000000004,-1.7213,6138.7,7761.714
600794.SH,20110826,2.7799,2.8126,2.7755,2.7886,2.8038,-0.015199999999999658,-0.5421,9397.51,12056.86
600794.SH,20110825,2.7384,2.806,2.7297,2.8038,2.7319,0.07189999999999985,2.6319,11774.12,14974.456
600794.SH,20110824,2.745,2.7733,2.7166,2.7319,2.7341,-0.002200000000000202,-0.0805,6177.67,7770.354
600794.SH,20110823,2.745,2.7472,2.6926,2.7341,2.7232,0.010900000000000354,0.4003,14811.39,18431.534
600794.SH,20110822,2.7537,2.782,2.7036,2.7232,2.7515,-0.028300000000000214,-1.0285,4064.08,5108.03
600794.SH,20110819,2.6599,2.806,2.6599,2.7515,2.7341,0.01739999999999986,0.6364,7808.42,9820.743
600794.SH,20110818,2.8475,2.8475,2.7319,2.7341,2.8191,-0.08499999999999996,-3.0151,8870.88,11294.33
600794.SH,20110817,2.8344,2.8605,2.8147,2.8191,2.8344,-0.01529999999999987,-0.5398,6899.89,8965.585
600794.SH,20110816,2.915,2.9216,2.8235,2.8344,2.9041,-0.0697000000000001,-2.4001,11251.59,14743.611
600794.SH,20110815,2.8235,2.9063,2.8235,2.9041,2.8365,0.0676000000000001,2.3832,9233.98,12201.576
600794.SH,20110812,2.8082,2.8496,2.8017,2.8365,2.7864,0.05010000000000003,1.798,8680.19,11288.498
600794.SH,20110811,2.721,2.7886,2.6992,2.7864,2.769,0.01739999999999986,0.6284,6800.39,8626.754
600794.SH,20110810,2.7886,2.8017,2.7515,2.769,2.7406,0.02839999999999998,1.0363,7584.31,9659.608
600794.SH,20110809,2.6556,2.7581,2.6403,2.7406,2.7624,-0.02179999999999982,-0.7892,9530.87,11867.197
600794.SH,20110808,2.7886,2.7951,2.5989,2.7624,2.8126,-0.050200000000000244,-1.7848,20229.88,25157.444
600794.SH,20110805,2.769,2.8278,2.7472,2.8126,2.8627,-0.05009999999999959,-1.7501,6732.45,8652.162
600794.SH,20110804,2.8169,2.8714,2.8169,2.8627,2.8147,0.0479999999999996,1.7053,6373.37,8351.179
600794.SH,20110803,2.8082,2.8344,2.7886,2.8147,2.83,-0.01529999999999987,-0.5406,6570.31,8491.652
600794.SH,20110802,2.8562,2.8562,2.7864,2.83,2.8584,-0.02839999999999998,-0.9936,6746.14,8687.052
600794.SH,20110801,2.8322,2.8714,2.8126,2.8584,2.8387,0.019700000000000273,0.694,6982.17,9129.672
600794.SH,20110729,2.8496,2.8671,2.8278,2.8387,2.8213,0.01739999999999986,0.6167,8651.23,11275.976
600794.SH,20110728,2.8409,2.8409,2.8017,2.8213,2.8605,-0.039200000000000124,-1.3704,8587.07,11108.307
600794.SH,20110727,2.8344,2.8758,2.8126,2.8605,2.8387,0.021800000000000264,0.768,7976.12,10445.965
600794.SH,20110726,2.806,2.8518,2.806,2.8387,2.8278,0.01089999999999991,0.3855,7895.28,10257.577
600794.SH,20110725,2.9434,2.9543,2.7929,2.8278,2.9586,-0.13080000000000025,-4.421,13980.32,18352.796
600794.SH,20110722,2.9521,2.9826,2.9216,2.9586,2.9259,0.03270000000000017,1.1176,10166.0,13739.677
600794.SH,20110721,3.0132,3.0241,2.9194,2.9259,3.0132,-0.08729999999999993,-2.8973,14308.14,19462.823
600794.SH,20110720,3.0066,3.0306,2.9935,3.0132,3.0001,0.013099999999999667,0.4367,10508.1,14517.299
600794.SH,20110719,3.0524,3.0524,2.9892,3.0001,3.0698,-0.06969999999999965,-2.2705,15703.85,21742.64
600794.SH,20110718,3.0829,3.0895,3.0306,3.0698,3.0633,0.00649999999999995,0.2122,20048.34,28172.678
600794.SH,20110715,3.0306,3.0698,3.0306,3.0633,3.0284,0.03489999999999993,1.1524,14280.97,19979.989
600794.SH,20110714,3.0459,3.0786,2.9979,3.0284,3.0328,-0.0043999999999999595,-0.1451,20478.19,28609.343
600794.SH,20110713,3.0044,3.0589,2.963,3.0328,3.0044,0.02839999999999998,0.9453,23551.85,32684.155
600794.SH,20110712,2.9804,3.0415,2.9477,3.0044,2.9608,0.04360000000000008,1.4726,42306.26,58300.229
600794.SH,20110711,2.8562,2.9695,2.83,2.9608,2.8693,0.09149999999999991,3.1889,31566.04,42187.814
600794.SH,20110708,2.9107,2.9194,2.8649,2.8693,2.9107,-0.04139999999999988,-1.4223,11707.04,15506.909
600794.SH,20110707,2.9194,2.9368,2.8954,2.9107,2.9238,-0.013100000000000112,-0.448,14229.45,19029.75
600794.SH,20110706,2.9477,2.9477,2.8954,2.9238,2.9412,-0.01739999999999986,-0.5916,11341.14,15160.327
600794.SH,20110705,2.9063,2.9521,2.8998,2.9412,2.9107,0.03049999999999997,1.0479,18882.42,25368.855
600794.SH,20110704,2.8562,2.9129,2.8562,2.9107,2.8496,0.06109999999999971,2.1442,19230.4,25536.228
600794.SH,20110701,2.8714,2.8758,2.8387,2.8496,2.806,0.04360000000000008,1.5538,13032.26,17096.094
600794.SH,20110629,2.8605,2.8758,2.8038,2.806,2.8627,-0.05669999999999975,-1.9806,13310.56,17370.007
600794.SH,20110628,2.8213,2.8736,2.8169,2.8627,2.8453,0.01739999999999986,0.6115,12551.19,16378.181
600794.SH,20110627,2.83,2.8932,2.8213,2.8453,2.8147,0.03059999999999974,1.0871,21186.53,27743.077
600794.SH,20110624,2.7537,2.8562,2.7537,2.8147,2.7711,0.04360000000000008,1.5734,20294.06,26225.926
600794.SH,20110623,2.7275,2.782,2.6883,2.7711,2.7319,0.039200000000000124,1.4349,14626.27,18416.361
600794.SH,20110622,2.745,2.7559,2.7166,2.7319,2.7297,0.002200000000000202,0.0806,12559.81,15761.436
600794.SH,20110621,2.7363,2.7363,2.6861,2.7297,2.7079,0.02179999999999982,0.8051,12795.1,15946.187
600794.SH,20110620,2.697,2.7581,2.6796,2.7079,2.6926,0.01529999999999987,0.5682,10784.54,13392.25
600794.SH,20110617,2.7602,2.7995,2.6883,2.6926,2.7777,-0.08509999999999973,-3.0637,18112.05,22833.302
600794.SH,20110616,2.9325,2.9325,2.7537,2.7777,2.9652,-0.1875,-6.3234,34580.7,44758.338
600794.SH,20110615,3.0306,3.0393,2.9565,2.9652,3.0633,-0.09810000000000008,-3.2024,29534.83,40477.982
600794.SH,20110614,3.1004,3.1527,3.0044,3.0633,3.1309,-0.0676000000000001,-2.1591,69367.56,97468.13
600794.SH,20110613,3.0415,3.1352,3.0197,3.1309,3.1156,0.01529999999999987,0.4911,30910.17,43631.506
600794.SH,20110610,2.9652,3.1592,2.9259,3.1156,3.0502,0.06540000000000035,2.1441,77465.45,107505.172
600794.SH,20110609,3.0393,3.1898,3.0393,3.0502,2.8998,0.15039999999999987,5.1866,110084.8,158842.148
600794.SH,20110608,2.8736,2.9063,2.83,2.8998,2.8867,0.013100000000000112,0.4538,9786.46,12863.142
600794.SH,20110607,2.8344,2.9063,2.7929,2.8867,2.8344,0.05229999999999979,1.8452,8697.78,11379.222
600794.SH,20110603,2.7799,2.8365,2.7602,2.8344,2.7711,0.06329999999999991,2.2843,7280.69,9373.354
600794.SH,20110602,2.8256,2.8256,2.7384,2.7711,2.8409,-0.06979999999999986,-2.457,9678.45,12328.565
600794.SH,20110601,2.83,2.8911,2.7864,2.8409,2.8126,0.02829999999999977,1.0062,10320.94,13549.329
600794.SH,20110531,2.7188,2.8191,2.7188,2.8126,2.7145,0.09810000000000008,3.6139,9627.0,12258.019
600794.SH,20110530,2.8453,2.8671,2.6599,2.7145,2.878,-0.16349999999999998,-5.681,18006.83,22989.158
600794.SH,20110527,3.0262,3.072,2.8714,2.878,3.0175,-0.13949999999999996,-4.623,14319.04,19540.354
600794.SH,20110526,3.1134,3.1222,3.0153,3.0175,3.0829,-0.0653999999999999,-2.1214,7035.39,9912.617
600794.SH,20110525,3.0982,3.1418,3.0764,3.0829,3.0786,0.0043000000000001926,0.1397,10401.18,14803.329
600794.SH,20110524,3.0524,3.0895,3.0241,3.0786,3.0698,0.008799999999999919,0.2867,7810.38,10958.453
600794.SH,20110523,3.0742,3.1222,3.0132,3.0698,3.0698,0.0,0.0,13880.89,19509.937
600794.SH,20110520,3.1505,3.1614,3.0589,3.0698,3.1222,-0.0524,-1.6783,16541.16,23503.335
600794.SH,20110519,3.1374,3.1832,3.1069,3.1222,3.1396,-0.017400000000000304,-0.5542,13353.9,19240.555
600794.SH,20110518,3.1636,3.1985,3.1309,3.1396,3.2072,-0.06759999999999966,-2.1078,13944.82,20211.232
600794.SH,20110517,3.2159,3.2377,3.1178,3.2072,3.229,-0.021800000000000264,-0.6751,15486.84,22525.625
600794.SH,20110516,3.2486,3.2617,3.205,3.229,3.2617,-0.03269999999999973,-1.0025,12384.64,18324.092
600794.SH,20110513,3.2704,3.2726,3.1941,3.2617,3.2726,-0.010900000000000354,-0.3331,16682.27,24721.249
600794.SH,20110512,3.1832,3.5277,3.1745,3.2726,3.2072,0.06540000000000035,2.0392,37903.8,57922.221
600794.SH,20110511,3.2312,3.2486,3.168,3.2072,3.2508,-0.04360000000000008,-1.3412,28221.29,41557.355
600794.SH,20110510,3.338,3.338,3.2443,3.2508,3.3402,-0.08939999999999992,-2.6765,35055.96,52582.907
600794.SH,20110509,3.2835,3.3446,3.2268,3.3402,3.2922,0.04800000000000004,1.458,23115.15,34877.728
600794.SH,20110506,3.2944,3.3271,3.2595,3.2922,3.3358,-0.04360000000000008,-1.307,22354.17,33625.811
600794.SH,20110505,3.2813,3.3707,3.2508,3.3358,3.3031,0.03269999999999973,0.99,20721.72,31468.325
600794.SH,20110504,3.4012,3.4056,3.2704,3.3031,3.4078,-0.1046999999999998,-3.0724,29199.21,44752.911
600794.SH,20110503,3.3119,3.4339,3.2748,3.4078,3.314,0.09379999999999988,2.8304,45703.88,70813.915
600794.SH,20110429,3.2704,3.3271,3.1941,3.314,3.314,0.0,0.0,36527.84,54636.361
600794.SH,20110428,3.168,3.3446,3.1614,3.314,3.168,0.1459999999999999,4.6086,66098.52,99858.717
600794.SH,20110427,3.2334,3.2879,3.1178,3.168,3.2355,-0.0674999999999999,-2.0862,24208.89,35312.365
600794.SH,20110426,3.2835,3.2835,3.1592,3.2355,3.29,-0.05449999999999999,-1.6565,24784.02,36639.085
600794.SH,20110425,3.1222,3.2922,3.0742,3.29,3.12,0.16999999999999993,5.4487,56299.21,83699.929
600794.SH,20110422,3.1789,3.1789,3.1025,3.12,3.1789,-0.05889999999999995,-1.8528,16057.31,22971.243
600794.SH,20110421,3.181,3.2116,3.1287,3.1789,3.181,-0.0020999999999999908,-0.066,38171.56,55588.111
600794.SH,20110420,3.0982,3.1919,3.0088,3.181,3.096,0.08499999999999996,2.7455,61714.15,87526.68
600794.SH,20110419,3.0611,3.1069,3.0524,3.096,3.0611,0.03489999999999993,1.1401,49001.31,69406.821
600794.SH,20110415,3.0742,3.0786,3.0262,3.0611,3.0807,-0.019600000000000062,-0.6362,9137.97,12810.519
600794.SH,20110414,3.0023,3.0851,3.0023,3.0807,3.0219,0.058800000000000185,1.9458,15680.15,21956.469
600794.SH,20110413,3.0175,3.0459,2.9434,3.0219,3.0393,-0.01739999999999986,-0.5725,11107.19,15279.443
600794.SH,20110412,2.9761,3.1004,2.9761,3.0393,2.939,0.10029999999999983,3.4127,42868.21,60163.593
600794.SH,20110411,3.0371,3.0371,2.9368,2.939,3.0415,-0.10250000000000004,-3.37,13978.54,19000.365
600794.SH,20110408,3.0589,3.0742,3.0044,3.0415,3.1091,-0.0676000000000001,-2.1743,21948.95,30576.978
600794.SH,20110407,3.0241,3.1309,3.0197,3.1091,3.0175,0.09160000000000013,3.0356,12581.58,17908.107
600794.SH,20110406,2.9771,3.0243,2.9571,3.0171,2.9753,0.04180000000000028,1.4049,9282.83,15301.532
600794.SH,20110401,2.9462,3.008,2.9335,2.9753,2.9553,0.020000000000000018,0.6768,8259.01,13510.738
600794.SH,20110331,2.9244,2.9789,2.9244,2.9553,2.9462,0.009099999999999664,0.3089,7170.09,11665.054
600794.SH,20110330,3.0316,3.0552,2.9335,2.9462,3.0425,-0.09629999999999983,-3.1652,6919.39,11425.332
600794.SH,20110329,3.0153,3.0588,2.9626,3.0425,3.0153,0.027200000000000113,0.9021,11335.8,18822.895
600794.SH,20110328,2.968,3.0334,2.9589,3.0153,2.9535,0.061799999999999855,2.0924,9304.24,15323.548
600794.SH,20110325,2.988,2.988,2.9444,2.9535,2.988,-0.034499999999999975,-1.1546,7458.29,12146.957
600794.SH,20110324,3.0007,3.0153,2.9771,2.988,2.988,0.0,0.0,5154.35,8487.913
600794.SH,20110323,2.9353,2.9935,2.9353,2.988,2.9335,0.05449999999999999,1.8578,5833.93,9554.958
600794.SH,20110322,2.9099,2.9462,2.9063,2.9335,2.9099,0.023600000000000065,0.811,5178.48,8349.803
600794.SH,20110321,2.9698,2.9862,2.9063,2.9099,2.9553,-0.045399999999999885,-1.5362,8083.15,13005.951
600794.SH,20110317,2.9935,3.0334,2.9462,2.9553,3.0098,-0.05449999999999999,-1.8108,7861.29,12947.66
600794.SH,20110316,2.9735,3.0134,2.9735,3.0098,2.9698,0.03999999999999959,1.3469,8948.71,14763.268
600794.SH,20110315,3.0134,3.028,2.9589,2.9698,3.0134,-0.04359999999999964,-1.4469,20499.11,33763.56
600794.SH,20110314,3.0062,3.0371,3.0062,3.0134,3.0262,-0.012799999999999923,-0.423,17612.73,29206.138
600794.SH,20110311,3.0189,3.0679,3.0153,3.0262,3.0298,-0.0036000000000000476,-0.1188,11777.45,19664.426
600794.SH,20110310,3.0607,3.0607,3.0025,3.0298,3.057,-0.027200000000000113,-0.8898,14906.05,24812.841
600794.SH,20110309,3.1333,3.1333,3.0516,3.057,3.1406,-0.08360000000000012,-2.6619,21141.26,35783.428
600794.SH,20110308,3.1333,3.1606,3.0879,3.1406,3.1333,0.007299999999999862,0.233,16423.54,28260.548
600794.SH,20110307,3.0607,3.1351,3.0443,3.1333,3.0498,0.08350000000000035,2.7379,32416.47,55322.373
600794.SH,20110304,3.0098,3.0697,2.9989,3.0498,3.0207,0.02909999999999968,0.9634,14508.28,24272.371
600794.SH,20110303,3.0243,3.0679,2.9935,3.0207,3.0716,-0.050899999999999945,-1.6571,20260.65,33689.624
600794.SH,20110302,2.9735,3.0788,2.9371,3.0716,2.968,0.10360000000000014,3.4906,40628.78,67870.009
600794.SH,20110301,3.008,3.008,2.9335,2.968,2.988,-0.020000000000000018,-0.6693,15566.44,25420.921
600794.SH,20110228,2.9935,3.0044,2.9081,2.988,2.9807,0.007299999999999862,0.2449,12781.85,20791.62
600794.SH,20110225,2.948,3.0334,2.948,2.9807,2.948,0.03270000000000017,1.1092,16975.18,28031.727
600794.SH,20110224,2.9353,2.9589,2.9081,2.948,2.9353,0.012700000000000156,0.4327,10072.89,16299.666
600794.SH,20110223,2.9045,2.9408,2.8972,2.9353,2.9208,0.014499999999999957,0.4964,15595.49,25008.049
600794.SH,20110222,3.0007,3.0461,2.9172,2.9208,3.0007,-0.0799000000000003,-2.6627,23850.01,39135.092
600794.SH,20110221,2.9426,3.0062,2.9117,3.0007,2.9535,0.04720000000000013,1.5981,16083.82,26223.633
600794.SH,20110218,2.9753,3.0334,2.9517,2.9535,2.9898,-0.03629999999999978,-1.2141,18695.93,30751.936
600794.SH,20110217,2.9717,3.028,2.9371,2.9898,2.9826,0.007199999999999651,0.2414,21922.19,35988.843
600794.SH,20110216,2.9353,3.0007,2.8845,2.9826,2.9426,0.040000000000000036,1.3593,43201.62,70102.549
600794.SH,20110215,2.9499,2.9717,2.919,2.9426,2.9499,-0.007299999999999862,-0.2475,18140.66,29403.72
600794.SH,20110214,2.8899,2.9553,2.8899,2.9499,2.8827,0.06720000000000015,2.3311,16942.74,27429.298
600794.SH,20110211,2.9154,2.9571,2.8663,2.8827,2.9154,-0.03270000000000017,-1.1216,16117.91,25730.982
600794.SH,20110210,2.8718,2.9226,2.8536,2.9154,2.879,0.03639999999999999,1.2643,13793.03,22009.238
600794.SH,20110209,2.7791,2.9154,2.7664,2.879,2.77,0.10899999999999999,3.935,15189.56,24037.034
600794.SH,20110201,2.7755,2.7864,2.7555,2.77,2.77,0.0,0.0,5706.26,8703.349
600794.SH,20110131,2.7791,2.7937,2.7301,2.77,2.7519,0.018100000000000005,0.6577,7805.4,11846.608
600794.SH,20110128,2.7246,2.77,2.701,2.7519,2.7192,0.03270000000000017,1.2026,6689.86,10083.207
600794.SH,20110127,2.6974,2.7464,2.6756,2.7192,2.7065,0.012699999999999712,0.4692,7749.37,11566.941
600794.SH,20110126,2.6629,2.7174,2.6175,2.7065,2.6647,0.04180000000000028,1.5687,10933.98,16045.343
600794.SH,20110125,2.879,2.8972,2.652,2.6647,2.8754,-0.2107000000000001,-7.3277,16821.46,25544.818
600794.SH,20110124,2.7773,2.8845,2.7264,2.8754,2.7846,0.09079999999999977,3.2608,22133.48,34386.798
600794.SH,20110121,2.7809,2.8209,2.6792,2.7846,2.7809,0.0037000000000002586,0.1331,20204.81,30588.651
600794.SH,20110120,2.8663,2.948,2.761,2.7809,2.8917,-0.11080000000000023,-3.8317,25078.24,39429.443
600794.SH,20110119,2.9154,2.9698,2.8427,2.8917,2.939,-0.0472999999999999,-1.6094,47683.17,76879.045
600794.SH,20110118,2.77,2.9426,2.7392,2.939,2.8263,0.11270000000000024,3.9875,29229.22,46268.231
600794.SH,20110117,2.8027,2.9135,2.7392,2.8263,2.8027,0.02359999999999962,0.842,17459.94,27322.24
600794.SH,20110114,2.7319,2.8663,2.7246,2.8027,2.7392,0.06350000000000033,2.3182,16791.33,25936.612
600794.SH,20110113,2.7428,2.7501,2.721,2.7392,2.7228,0.01639999999999997,0.6023,3675.38,5527.231
600794.SH,20110112,2.7065,2.7392,2.6883,2.7228,2.7246,-0.0018000000000002458,-0.0661,5908.19,8811.839
600794.SH,20110111,2.6919,2.7482,2.6338,2.7246,2.7046,0.020000000000000018,0.7395,6626.36,9884.263
600794.SH,20110110,2.7246,2.7955,2.6937,2.7046,2.7755,-0.07089999999999996,-2.5545,7715.35,11614.108
600794.SH,20110107,2.79,2.8427,2.7719,2.7755,2.8064,-0.030899999999999928,-1.1011,11075.9,17066.769
600794.SH,20110106,2.7864,2.85,2.7664,2.8064,2.7864,0.020000000000000018,0.7178,8687.99,13505.856
600794.SH,20110105,2.7573,2.8045,2.7428,2.7864,2.7737,0.012700000000000156,0.4579,13110.51,20052.55
600794.SH,20110104,2.77,2.7882,2.7246,2.7737,2.7519,0.02179999999999982,0.7922,11209.45,17010.492
600794.SH,20101231,2.7228,2.77,2.7101,2.7519,2.7101,0.04179999999999984,1.5424,9302.59,14100.674
600794.SH,20101230,2.6828,2.721,2.6483,2.7101,2.6828,0.027300000000000324,1.0176,10064.81,14970.545
600794.SH,20101229,2.6029,2.6883,2.5884,2.6828,2.6102,0.0726,2.7814,8035.0,11671.0
600794.SH,20101228,2.7028,2.7246,2.6029,2.6102,2.7046,-0.09440000000000026,-3.4903,11177.38,16411.748
600794.SH,20101227,2.7664,2.7973,2.6483,2.7046,2.7573,-0.05269999999999975,-1.9113,13667.64,20681.435
600794.SH,20101224,2.8863,2.919,2.7355,2.7573,2.899,-0.14170000000000016,-4.8879,23823.44,36850.497
600794.SH,20101223,3.0007,3.0007,2.8881,2.899,2.988,-0.08899999999999997,-2.9786,18970.21,30667.967
600794.SH,20101222,3.0516,3.0588,2.9698,2.988,3.0262,-0.03819999999999979,-1.2623,20406.76,33719.298
600794.SH,20101221,2.9262,3.0298,2.9063,3.0262,2.9262,0.09999999999999964,3.4174,35120.57,57775.306
600794.SH,20101220,2.9026,2.9571,2.7973,2.9262,2.8954,0.03080000000000016,1.0638,28002.45,44803.122
600794.SH,20101217,2.8808,2.9226,2.8699,2.8954,2.8863,0.009100000000000108,0.3153,14503.76,23102.549
600794.SH,20101216,2.9244,2.9244,2.8699,2.8863,2.9099,-0.023600000000000065,-0.811,13703.43,21835.64
600794.SH,20101215,2.939,2.9662,2.9045,2.9099,2.9408,-0.030899999999999928,-1.0507,19242.85,31069.972
600794.SH,20101214,2.9426,2.9571,2.8627,2.9408,2.9662,-0.02540000000000031,-0.8563,31743.15,50840.143
600794.SH,20101213,2.9063,3.0443,2.8336,2.9662,2.9571,0.009100000000000108,0.3077,58398.58,94238.179
600794.SH,20101210,3.0334,3.0588,2.9026,2.9571,3.0843,-0.12719999999999976,-4.1241,68144.56,112073.7
600794.SH,20101209,2.8518,3.1624,2.8118,3.0843,2.8772,0.20709999999999962,7.198,58502.71,97344.892
600794.SH,20101207,2.8699,2.8972,2.7628,2.8772,2.8899,-0.012699999999999712,-0.4395,15907.71,24725.259
600794.SH,20101206,2.8954,2.968,2.8699,2.8899,2.8881,0.0017999999999998018,0.0623,19509.51,31356.894
600794.SH,20101203,2.8481,2.9026,2.8354,2.8881,2.8754,0.012700000000000156,0.4417,11181.39,17663.987
600794.SH,20101202,2.919,2.9426,2.8481,2.8754,2.9045,-0.029100000000000126,-1.0019,12810.84,20462.12
600794.SH,20101201,2.8863,2.9426,2.8372,2.9045,2.9262,-0.021700000000000053,-0.7416,17511.24,27958.693
600794.SH,20101130,2.9589,2.9953,2.7246,2.9262,2.9499,-0.023699999999999832,-0.8034,32223.75,50792.274
600794.SH,20101129,2.8536,3.0607,2.8536,2.9499,2.879,0.07089999999999996,2.4627,39938.75,65376.115
600794.SH,20101126,2.83,2.8881,2.7283,2.879,2.7973,0.0817000000000001,2.9207,34210.63,52848.833
600794.SH,20101125,2.7773,2.8318,2.7392,2.7973,2.7755,0.02179999999999982,0.7854,26434.1,40428.118
600794.SH,20101124,2.7174,2.8282,2.6792,2.7755,2.7482,0.02729999999999988,0.9934,30865.53,46953.638
600794.SH,20101123,2.7428,2.83,2.6084,2.7482,2.7392,0.009000000000000341,0.3286,53291.06,80167.394
600794.SH,20101118,2.4721,2.7392,2.4721,2.7392,2.4903,0.2488999999999999,9.9948,58486.04,85766.236
600794.SH,20101117,2.4885,2.5375,2.4703,2.4903,2.4994,-0.009100000000000108,-0.3641,15450.31,21251.331
600794.SH,20101116,2.632,2.652,2.4885,2.4994,2.6265,-0.1271,-4.8391,24064.06,34065.532
600794.SH,20101115,2.5503,2.6284,2.5394,2.6265,2.7119,-0.08539999999999992,-3.1491,28085.08,39831.857
600794.SH,20101111,2.6901,2.7791,2.672,2.7119,2.6937,0.018199999999999772,0.6757,34891.87,52353.322
600794.SH,20101110,2.7119,2.7464,2.6611,2.6937,2.6883,0.0054000000000002935,0.2009,37399.54,55364.328
600794.SH,20101109,2.7246,2.8263,2.6828,2.6883,2.7301,-0.04180000000000028,-1.5311,42746.57,64573.128
600794.SH,20101108,2.7809,2.7918,2.6847,2.7301,2.7501,-0.020000000000000018,-0.7272,37867.88,56710.663
600794.SH,20101105,2.672,2.7828,2.672,2.7501,2.6865,0.0636000000000001,2.3674,34174.38,51457.574
600794.SH,20101104,2.5975,2.721,2.5975,2.6865,2.6665,0.020000000000000018,0.75,34118.52,50297.863
600794.SH,20101103,2.5085,2.7846,2.4939,2.6665,2.5321,0.1344000000000003,5.3078,78652.39,116713.844
600794.SH,20101102,2.5357,2.5938,2.5048,2.5321,2.5321,0.0,0.0,39307.96,54946.905
600794.SH,20101101,2.4703,2.5684,2.454,2.5321,2.4685,0.06359999999999966,2.5765,41364.57,57375.755
600794.SH,20101029,2.4249,2.4885,2.394,2.4685,2.4158,0.05270000000000019,2.1815,31694.86,42883.996
600794.SH,20101028,2.4158,2.4631,2.3632,2.4158,2.4286,-0.012799999999999923,-0.5271,24040.92,32000.06
600794.SH,20101027,2.385,2.4304,2.3759,2.4286,2.385,0.04360000000000008,1.8281,23256.18,30751.337
600794.SH,20101026,2.414,2.4158,2.3341,2.385,2.3995,-0.014500000000000401,-0.6043,22693.95,29564.117
600794.SH,20101025,2.3886,2.4322,2.3668,2.3995,2.3777,0.021800000000000264,0.9169,18690.59,24694.785
600794.SH,20101022,2.325,2.385,2.3069,2.3777,2.3196,0.05810000000000004,2.5047,16093.87,20839.733
600794.SH,20101021,2.3377,2.3377,2.3069,2.3196,2.3123,0.007299999999999862,0.3157,8817.11,11264.174
600794.SH,20101020,2.3196,2.3577,2.2923,2.3123,2.3414,-0.029100000000000126,-1.2428,15100.38,19302.585
600794.SH,20101019,2.2705,2.3704,2.2396,2.3414,2.2651,0.07630000000000026,3.3685,19519.6,24719.425
600794.SH,20101018,2.2069,2.2687,2.1434,2.2651,2.2342,0.030899999999999928,1.383,19615.79,23720.118
600794.SH,20101015,2.2887,2.3159,2.1797,2.2342,2.2887,-0.05449999999999999,-2.3813,34295.11,42539.602
600794.SH,20101014,2.4195,2.4286,2.2887,2.2887,2.4286,-0.1398999999999999,-5.7605,33343.31,43201.004
600794.SH,20101013,2.474,2.4849,2.4013,2.4286,2.4776,-0.04899999999999993,-1.9777,19044.5,25470.99
600794.SH,20101012,2.4322,2.4885,2.3995,2.4776,2.4322,0.045399999999999885,1.8666,24529.44,33205.406
600794.SH,20101011,2.4703,2.4703,2.4158,2.4322,2.4576,-0.025399999999999867,-1.0335,23446.5,31425.153
600794.SH,20101008,2.4322,2.4867,2.3886,2.4576,2.4086,0.04899999999999993,2.0344,23862.16,32121.196
600794.SH,20100930,2.3886,2.4267,2.385,2.4086,2.4104,-0.0018000000000002458,-0.0747,13691.61,18173.901
600794.SH,20100929,2.414,2.434,2.3777,2.4104,2.4031,0.007300000000000306,0.3038,19197.32,25488.734
600794.SH,20100928,2.4086,2.4249,2.3722,2.4031,2.4195,-0.016400000000000414,-0.6778,11617.84,15349.243
600794.SH,20100927,2.3177,2.4286,2.3105,2.4195,2.3105,0.10899999999999999,4.7176,27902.45,36794.521
600794.SH,20100921,2.3286,2.3613,2.2887,2.3105,2.3468,-0.03629999999999978,-1.5468,10169.61,12987.888
600794.SH,20100920,2.3177,2.3759,2.3123,2.3468,2.325,0.02179999999999982,0.9376,14076.6,18216.014
600794.SH,20100917,2.3069,2.3977,2.3069,2.325,2.3069,0.018100000000000005,0.7846,37455.45,48646.716
600794.SH,20100916,2.3759,2.3959,2.276,2.3069,2.3668,-0.05989999999999984,-2.5308,20211.55,25885.838
600794.SH,20100915,2.3977,2.4449,2.3541,2.3668,2.3959,-0.029100000000000126,-1.2146,27412.73,36303.526
600794.SH,20100914,2.4231,2.4322,2.3777,2.3959,2.4122,-0.01629999999999976,-0.6757,23462.17,31014.167
600794.SH,20100913,2.3886,2.4158,2.3777,2.4122,2.3886,0.023600000000000065,0.988,33594.97,44384.134
600794.SH,20100910,2.365,2.4049,2.325,2.3886,2.365,0.02359999999999962,0.9979,32678.73,42603.169
600794.SH,20100909,2.4849,2.4849,2.3523,2.365,2.4721,-0.10709999999999997,-4.3323,57744.05,76178.979
600794.SH,20100908,2.4667,2.4812,2.4304,2.4721,2.4667,0.0054000000000002935,0.2189,19745.23,26688.815
600794.SH,20100907,2.4558,2.5048,2.4213,2.4667,2.4503,0.01639999999999997,0.6693,23130.75,31281.791
600794.SH,20100906,2.5611,2.5739,2.4358,2.4503,2.5412,-0.09089999999999998,-3.5771,34091.04,46665.445
600794.SH,20100903,2.5521,2.5666,2.4667,2.5412,2.5611,-0.01990000000000025,-0.777,26249.79,36453.919
600794.SH,20100902,2.4849,2.5938,2.4503,2.5611,2.474,0.08709999999999996,3.5206,52213.73,73233.484
600794.SH,20100901,2.3613,2.5121,2.3613,2.474,2.3632,0.11080000000000023,4.6886,72013.65,97317.718
600794.SH,20100831,2.3559,2.3668,2.2978,2.3632,2.3577,0.00550000000000006,0.2333,30052.7,38623.402
600794.SH,20100830,2.3486,2.3795,2.3196,2.3577,2.3305,0.027200000000000113,1.1671,24475.64,31780.581
600794.SH,20100827,2.2887,2.3341,2.2796,2.3305,2.3069,0.02359999999999962,1.023,18874.51,24031.94
600794.SH,20100826,2.2832,2.3141,2.2524,2.3069,2.276,0.03090000000000037,1.3576,17747.82,22325.727
600794.SH,20100825,2.3577,2.3613,2.2578,2.276,2.3577,-0.0817000000000001,-3.4652,25505.72,32265.913
600794.SH,20100824,2.3087,2.3686,2.276,2.3577,2.3177,0.040000000000000036,1.7258,43840.23,56352.49
600794.SH,20100823,2.216,2.3196,2.216,2.3177,2.236,0.08169999999999966,3.6538,39460.38,49732.137
600794.SH,20100820,2.2869,2.305,2.2197,2.236,2.3069,-0.07089999999999996,-3.0734,24452.52,30292.656
600794.SH,20100819,2.256,2.3214,2.2306,2.3069,2.2469,0.06000000000000005,2.6703,40254.95,50851.673
600794.SH,20100818,2.236,2.2614,2.2088,2.2469,2.2578,-0.01089999999999991,-0.4828,17223.65,21182.68
600794.SH,20100817,2.2178,2.2596,2.2015,2.2578,2.2178,0.040000000000000036,1.8036,24534.97,30191.849
600794.SH,20100816,2.1979,2.2287,2.1724,2.2178,2.1797,0.03810000000000002,1.7479,19633.52,23923.937
600794.SH,20100813,2.1307,2.187,2.1216,2.1797,2.1307,0.04899999999999993,2.2997,11766.55,13931.322
600794.SH,20100812,2.1761,2.2106,2.127,2.1307,2.1852,-0.05449999999999999,-2.4941,12278.3,14602.888
600794.SH,20100811,2.1652,2.2069,2.1506,2.1852,2.1779,0.007299999999999862,0.3352,8858.9,10642.117
600794.SH,20100810,2.2705,2.2705,2.1743,2.1779,2.2723,-0.09439999999999982,-4.1544,16066.48,19724.663
600794.SH,20100809,2.256,2.2796,2.2306,2.2723,2.256,0.016300000000000203,0.7225,18255.32,22688.07
600794.SH,20100806,2.1979,2.2651,2.187,2.256,2.2033,0.05269999999999975,2.3919,15997.1,19650.332
600794.SH,20100805,2.2106,2.2342,2.1815,2.2033,2.2033,0.0,0.0,12974.53,15805.955
600794.SH,20100804,2.1761,2.2088,2.1434,2.2033,2.1833,0.020000000000000018,0.916,13567.45,16195.607
600794.SH,20100803,2.2487,2.2487,2.1815,2.1833,2.2415,-0.05819999999999981,-2.5965,16524.86,20155.388
600794.SH,20100802,2.2342,2.2796,2.2287,2.2415,2.2324,0.009099999999999664,0.4076,14605.02,18111.759
600794.SH,20100730,2.2124,2.2433,2.1942,2.2324,2.2197,0.012700000000000156,0.5721,11986.67,14697.117
600794.SH,20100729,2.1833,2.2651,2.1833,2.2197,2.2069,0.012799999999999923,0.58,17311.97,21229.328
600794.SH,20100728,2.1488,2.216,2.1452,2.2069,2.1525,0.054400000000000226,2.5273,15978.5,19261.821
600794.SH,20100727,2.1743,2.1906,2.1452,2.1525,2.1779,-0.02540000000000031,-1.1663,8721.21,10380.932
600794.SH,20100726,2.1416,2.196,2.1198,2.1779,2.127,0.05090000000000039,2.393,11662.67,13915.341
600794.SH,20100723,2.1434,2.1434,2.1107,2.127,2.1452,-0.018200000000000216,-0.8484,7978.27,9337.646
600794.SH,20100722,2.1416,2.1579,2.1143,2.1452,2.1343,0.01089999999999991,0.5107,9840.65,11572.091
600794.SH,20100721,2.1252,2.1615,2.1161,2.1343,2.1416,-0.007299999999999862,-0.3409,7252.61,8541.734
600794.SH,20100720,2.1107,2.1488,2.0889,2.1416,2.0961,0.045500000000000096,2.1707,10631.31,12468.465
600794.SH,20100719,2.0435,2.1052,2.018,2.0961,2.0544,0.04170000000000007,2.0298,9094.35,10402.922
600794.SH,20100716,2.018,2.0635,2.0071,2.0544,2.0453,0.009099999999999664,0.4449,5961.0,6653.324
600794.SH,20100715,2.0852,2.1016,2.0362,2.0453,2.0852,-0.039899999999999824,-1.9135,9671.7,11042.22
600794.SH,20100714,2.0707,2.107,2.0707,2.0852,2.0653,0.019899999999999807,0.9635,5024.09,5776.162
600794.SH,20100713,2.1252,2.1252,2.0544,2.0653,2.1288,-0.06349999999999989,-2.9829,8374.34,9604.371
600794.SH,20100712,2.1252,2.1579,2.1216,2.1288,2.1434,-0.014600000000000168,-0.6812,8505.73,10010.283
600794.SH,20100709,2.1161,2.1488,2.078,2.1434,2.078,0.06540000000000035,3.1473,10876.83,12713.003
600794.SH,20100708,2.0798,2.1143,2.0671,2.078,2.107,-0.02900000000000036,-1.3764,5353.61,6155.586
600794.SH,20100707,2.1125,2.1161,2.0725,2.107,2.1052,0.0018000000000002458,0.0855,5845.94,6736.182
600794.SH,20100706,2.0635,2.1125,2.0635,2.1052,2.078,0.027200000000000113,1.309,8337.93,9611.947
600794.SH,20100705,2.0235,2.0871,2.0071,2.078,2.0417,0.03629999999999978,1.7779,9407.26,10661.615
600794.SH,20100702,2.018,2.0526,1.9635,2.0417,2.0144,0.02729999999999988,1.3552,11961.94,13238.704
600794.SH,20100701,2.0199,2.0707,2.0017,2.0144,2.0435,-0.02909999999999968,-1.424,7073.8,7930.089
600794.SH,20100630,2.0253,2.0507,1.9526,2.0435,2.0435,0.0,0.0,11282.22,12492.174
600794.SH,20100629,2.1325,2.1743,2.0344,2.0435,2.1325,-0.08899999999999997,-4.1735,15811.68,18291.594
600794.SH,20100628,2.1924,2.2306,2.1161,2.1325,2.216,-0.08350000000000035,-3.7681,12864.14,15420.7
600794.SH,20100625,2.2887,2.2887,2.1979,2.216,2.2941,-0.07809999999999961,-3.4044,10498.15,12951.525
600794.SH,20100624,2.2269,2.3032,2.2197,2.2941,2.236,0.058099999999999596,2.5984,15430.47,19283.934
600794.SH,20100623,2.2524,2.2687,2.1833,2.236,2.2524,-0.01639999999999997,-0.7281,9208.5,11311.271
600794.SH,20100622,2.2524,2.2742,2.2378,2.2524,2.2542,-0.0017999999999998018,-0.0799,8065.53,10012.974
600794.SH,20100621,2.1924,2.2633,2.1706,2.2542,2.1924,0.061799999999999855,2.8188,12691.38,15489.563
600794.SH,20100618,2.2742,2.3087,2.1652,2.1924,2.2832,-0.09079999999999977,-3.9769,23254.9,28569.18
600794.SH,20100617,2.3159,2.3196,2.2814,2.2832,2.296,-0.012799999999999923,-0.5575,13198.91,16714.377
600794.SH,20100611,2.3813,2.3977,2.2905,2.296,2.3813,-0.08530000000000015,-3.5821,37088.89,47423.887
600794.SH,20100610,2.3613,2.385,2.3359,2.3813,2.3613,0.020000000000000018,0.847,35483.38,46152.497
600794.SH,20100609,2.3232,2.3759,2.3105,2.3613,2.3214,0.039899999999999824,1.7188,32144.97,41536.467
600794.SH,20100608,2.2978,2.3541,2.2887,2.3214,2.3141,0.007300000000000306,0.3155,23335.12,29814.38
600794.SH,20100607,2.2469,2.3214,2.236,2.3141,2.2941,0.020000000000000018,0.8718,25740.36,32417.916
600794.SH,20100604,2.2433,2.2978,2.2396,2.2941,2.2342,0.05989999999999984,2.681,23119.56,29013.265
600794.SH,20100603,2.2251,2.2887,2.2233,2.2342,2.2233,0.01089999999999991,0.4903,20201.54,25118.974
600794.SH,20100602,2.1706,2.2251,2.1615,2.2233,2.1942,0.029100000000000126,1.3262,13495.22,16291.799
600794.SH,20100601,2.2524,2.2923,2.1525,2.1942,2.2633,-0.06910000000000016,-3.0531,42293.99,51723.025
600794.SH,20100531,2.3977,2.4485,2.2524,2.2633,2.414,-0.15070000000000006,-6.2428,58492.04,76393.555
600794.SH,20100528,2.385,2.4177,2.3268,2.414,2.3577,0.05630000000000024,2.3879,56573.32,74065.053
600794.SH,20100527,2.2778,2.3632,2.2578,2.3577,2.2778,0.07989999999999986,3.5078,30021.55,38604.986
600794.SH,20100526,2.305,2.3668,2.276,2.2778,2.3323,-0.05449999999999999,-2.3367,26161.38,33371.656
600794.SH,20100525,2.3341,2.3595,2.2996,2.3323,2.3486,-0.01629999999999976,-0.694,30463.49,39077.163
600794.SH,20100524,2.305,2.3813,2.3032,2.3486,2.305,0.04359999999999964,1.8915,46518.0,60196.889
600794.SH,20100521,2.1125,2.3196,2.098,2.305,2.2469,0.05810000000000004,2.5858,31598.4,38986.053
600794.SH,20100519,2.2069,2.2978,2.2051,2.2469,2.236,0.01089999999999991,0.4875,43368.13,53897.385
600794.SH,20100518,2.078,2.2378,1.9981,2.236,2.0943,0.14170000000000016,6.766,36293.23,42873.991
600794.SH,20100517,2.1615,2.2342,2.0725,2.0943,2.1797,-0.08539999999999992,-3.918,37466.21,45022.267
600794.SH,20100514,2.1034,2.1924,2.098,2.1797,2.1252,0.05449999999999999,2.5645,29082.09,34569.507
600794.SH,20100513,2.0671,2.127,2.0344,2.1252,2.0907,0.034499999999999975,1.6502,22051.94,25368.048
600794.SH,20100512,2.1361,2.1361,1.9272,2.0907,2.1397,-0.04899999999999993,-2.29,46928.61,52019.705
600794.SH,20100511,2.2233,2.236,2.1034,2.1397,2.1634,-0.023700000000000276,-1.0955,30348.2,35872.054
600794.SH,20100510,2.1652,2.1888,2.0998,2.1634,2.1452,0.018200000000000216,0.8484,20915.95,24827.279
600794.SH,20100507,2.0998,2.1924,2.098,2.1452,2.1724,-0.027200000000000113,-1.2521,21612.97,25596.014
600794.SH,20100506,2.2433,2.2687,2.1652,2.1724,2.2451,-0.07269999999999976,-3.2382,30215.08,37175.597
600794.SH,20100505,2.1615,2.2487,2.127,2.2451,2.1779,0.0671999999999997,3.0855,37648.19,45677.32
600794.SH,20100504,2.1343,2.236,2.098,2.1779,2.1815,-0.0036000000000000476,-0.165,21336.71,25758.161
600794.SH,20100430,2.147,2.2015,2.0925,2.1815,2.1488,0.03270000000000017,1.5218,29367.14,34874.595
600794.SH,20100429,2.3032,2.3232,2.1397,2.1488,2.2923,-0.14349999999999996,-6.2601,42621.29,52772.763
600794.SH,20100427,2.3995,2.4249,2.2342,2.2923,2.3886,-0.09629999999999983,-4.0317,54301.3,68966.389
600794.SH,20100426,2.4086,2.4667,2.385,2.3886,2.4068,-0.018200000000000216,-0.7562,64237.78,85700.514
600794.SH,20100423,2.3232,2.434,2.3232,2.4068,2.3377,0.06910000000000016,2.9559,74592.65,98555.809
600794.SH,20100422,2.3196,2.3613,2.2851,2.3377,2.3323,0.005399999999999849,0.2315,28382.45,36322.302
600794.SH,20100421,2.2778,2.3523,2.2778,2.3323,2.2851,0.04720000000000013,2.0656,38554.9,49396.642
600794.SH,20100420,2.1942,2.2869,2.1125,2.2851,2.1761,0.10899999999999999,5.009,48723.03,59640.481
600794.SH,20100419,2.2342,2.2433,2.1652,2.1761,2.256,-0.07989999999999986,-3.5417,38458.44,46535.98
600794.SH,20100416,2.2723,2.2832,2.2396,2.256,2.2832,-0.027200000000000113,-1.1913,16116.04,20038.3
600794.SH,20100415,2.2941,2.3595,2.2487,2.2832,2.2941,-0.01089999999999991,-0.4751,29029.15,36935.977
600794.SH,20100414,2.2524,2.3196,2.2396,2.2941,2.2742,0.019899999999999807,0.875,22950.71,29006.193
600794.SH,20100413,2.345,2.3777,2.216,2.2742,2.3377,-0.06349999999999989,-2.7163,50158.14,63142.178
600794.SH,20100412,2.3232,2.4013,2.3232,2.3377,2.3232,0.014499999999999957,0.6241,47173.16,61168.575
600794.SH,20100409,2.3177,2.3395,2.2832,2.3232,2.3123,0.01089999999999991,0.4714,36770.91,46859.734
600794.SH,20100408,2.2687,2.3559,2.2505,2.3123,2.2487,0.0636000000000001,2.8283,45917.83,58263.018
600794.SH,20100407,2.2596,2.296,2.2396,2.2487,2.2524,-0.0037000000000002586,-0.1643,30645.99,38161.559
600794.SH,20100406,2.2396,2.2633,2.2033,2.2524,2.2469,0.00550000000000006,0.2448,28051.01,34404.215
600794.SH,20100402,2.2524,2.296,2.2306,2.2469,2.2596,-0.012699999999999712,-0.562,34529.81,42932.366
600794.SH,20100401,2.2197,2.3032,2.1924,2.2596,2.2033,0.056299999999999795,2.5553,64398.33,80376.117
600794.SH,20100331,2.1815,2.2142,2.1634,2.2033,2.1906,0.012700000000000156,0.5797,25139.26,30268.062
600794.SH,20100330,2.2287,2.2342,2.1743,2.1906,2.2469,-0.05630000000000024,-2.5057,43256.31,52236.073
600794.SH,20100329,2.196,2.2669,2.1652,2.2469,2.1852,0.06170000000000009,2.8235,37635.53,45961.391
600794.SH,20100326,2.1561,2.1942,2.1361,2.1852,2.1561,0.029100000000000126,1.3497,27639.4,33025.771
600794.SH,20100325,2.2306,2.236,2.1325,2.1561,2.2378,-0.0817000000000001,-3.6509,43847.73,52481.69
600794.SH,20100324,2.216,2.2923,2.196,2.2378,2.2342,0.0036000000000000476,0.1611,95853.9,118615.119
600794.SH,20100323,2.1434,2.2396,2.1325,2.2342,2.1416,0.09260000000000002,4.3239,101046.57,121881.421
600794.SH,20100322,2.1452,2.1743,2.1125,2.1416,2.1416,0.0,0.0,39287.16,46266.381
600794.SH,20100319,2.0961,2.1579,2.0707,2.1416,2.0943,0.0472999999999999,2.2585,75756.83,88727.327
600794.SH,20100318,2.0616,2.1161,2.0326,2.0943,2.0598,0.034499999999999975,1.6749,75175.38,86542.602
600794.SH,20100317,2.0435,2.0743,2.0326,2.0598,2.0526,0.007200000000000095,0.3508,72721.56,82372.507
600794.SH,20100316,2.009,2.0689,1.8727,2.0526,2.009,0.04360000000000008,2.1702,91564.25,102857.035
600794.SH,20100315,2.0162,2.0253,1.9835,2.009,1.9981,0.01089999999999991,0.5455,29543.95,32553.51
600794.SH,20100312,2.0671,2.0762,1.9981,1.9981,2.0798,-0.0817000000000001,-3.9283,34365.56,38243.799
600794.SH,20100311,2.0871,2.1034,2.0162,2.0798,2.0907,-0.01089999999999991,-0.5214,59899.74,67676.253
600794.SH,20100310,2.0925,2.1161,2.0616,2.0907,2.0834,0.007299999999999862,0.3504,91914.16,105907.648
600794.SH,20100309,2.1143,2.1252,2.0526,2.0834,2.1107,-0.02729999999999988,-1.2934,48938.36,55897.391
600794.SH,20100308,2.0889,2.1397,2.0762,2.1107,2.0834,0.02729999999999988,1.3104,69421.63,80470.972
600794.SH,20100305,2.0326,2.1234,2.0253,2.0834,2.0289,0.05449999999999999,2.6862,72981.81,83852.7
600794.SH,20100304,2.098,2.1252,2.0235,2.0289,2.0961,-0.0671999999999997,-3.206,44578.42,51034.479
600794.SH,20100303,2.0925,2.1198,2.058,2.0961,2.098,-0.0019000000000000128,-0.0906,41887.89,48217.089
600794.SH,20100302,2.107,2.1234,2.0562,2.098,2.0943,0.0036999999999998145,0.1767,50705.49,58199.753
600794.SH,20100301,2.0961,2.1343,2.0562,2.0943,2.0889,0.005399999999999849,0.2585,68215.41,78783.35
600794.SH,20100226,2.0635,2.0998,2.0344,2.0889,2.0743,0.014600000000000168,0.7039,61857.74,70749.137
600794.SH,20100225,2.0199,2.0798,1.9999,2.0743,2.0217,0.05259999999999998,2.6018,66955.27,75718.585
600794.SH,20100224,1.9072,2.0507,1.9072,2.0217,1.9181,0.10360000000000014,5.4012,36202.96,39644.493
600794.SH,20100223,1.9072,1.9218,1.8673,1.9181,1.9072,0.01089999999999991,0.5715,15200.26,15949.37
600794.SH,20100222,1.9145,1.9254,1.8636,1.9072,1.9072,0.0,0.0,11638.53,12195.754
600794.SH,20100212,1.8618,1.9109,1.8564,1.9072,1.8582,0.04899999999999993,2.637,18445.93,19271.672
600794.SH,20100211,1.8909,1.8909,1.8491,1.8582,1.8909,-0.03269999999999995,-1.7293,8799.86,9046.003
600794.SH,20100210,1.8891,1.8982,1.8636,1.8909,1.8618,0.029100000000000126,1.563,18465.58,19159.56
600794.SH,20100209,1.8273,1.8655,1.8092,1.8618,1.8273,0.034499999999999975,1.888,16591.56,16803.895
600794.SH,20100208,1.8291,1.84,1.8019,1.8273,1.8237,0.0035999999999998256,0.1974,8395.62,8427.55
600794.SH,20100205,1.7964,1.8709,1.7801,1.8237,1.8455,-0.02179999999999982,-1.1813,21804.76,21912.869
600794.SH,20100204,1.8073,1.8564,1.7855,1.8455,1.8201,0.025399999999999867,1.3955,20742.62,20928.564
600794.SH,20100203,1.8001,1.8219,1.7201,1.8201,1.7837,0.03639999999999999,2.0407,18827.87,18490.062
600794.SH,20100202,1.7892,1.8309,1.7801,1.7837,1.7892,-0.005499999999999838,-0.3074,14457.27,14406.982
600794.SH,20100201,1.8655,1.8764,1.7637,1.7892,1.8691,-0.07990000000000008,-4.2748,28550.23,28447.581
600794.SH,20100129,1.8582,1.9163,1.8346,1.8691,1.8709,-0.0018000000000000238,-0.0962,31682.33,32844.231
600794.SH,20100128,1.9091,1.9744,1.8346,1.8709,1.9981,-0.12719999999999998,-6.366,55336.06,58259.506
600794.SH,20100127,2.0526,2.0707,1.9799,1.9981,2.0925,-0.09439999999999982,-4.5114,66571.0,73826.432
600794.SH,20100126,2.0162,2.1161,1.9635,2.0925,2.0071,0.08539999999999992,4.2549,110313.32,123902.756
600794.SH,20100125,1.9763,2.0271,1.9617,2.0071,1.9981,0.008999999999999897,0.4504,34105.68,37711.492
600794.SH,20100122,1.9763,2.0162,1.9145,1.9981,1.9962,0.0019000000000000128,0.0952,46935.47,50831.691
600794.SH,20100121,2.0271,2.0507,1.9799,1.9962,2.0308,-0.034600000000000186,-1.7038,39644.04,43686.101
600794.SH,20100120,2.0071,2.0798,1.989,2.0308,2.0108,0.020000000000000018,0.9946,79730.17,89470.194
600794.SH,20100119,2.0635,2.098,2.0035,2.0108,2.0326,-0.02179999999999982,-1.0725,69224.34,77923.202
600794.SH,20100115,1.9981,2.0489,1.989,2.0326,1.9962,0.03639999999999999,1.8235,61291.03,68273.831
600794.SH,20100114,1.9418,2.0162,1.929,1.9962,1.9381,0.05810000000000004,2.9978,50832.59,55452.997
600794.SH,20100113,1.9254,1.9944,1.9036,1.9381,1.9599,-0.02180000000000004,-1.1123,31429.26,33665.096
600794.SH,20100112,1.9127,1.9708,1.9127,1.9599,1.9109,0.04899999999999993,2.5642,30358.43,32564.575
600794.SH,20100111,1.949,1.9617,1.8963,1.9109,1.9454,-0.034499999999999975,-1.7734,30328.68,32112.022
600794.SH,20100108,1.9454,1.9617,1.8891,1.9454,1.9872,-0.04180000000000006,-2.1035,38364.3,40685.208
600794.SH,20100107,2.0162,2.0435,1.9526,1.9872,2.0471,-0.05989999999999984,-2.9261,46244.37,50772.172
600794.SH,20100106,1.9654,2.078,1.9508,2.0471,1.9654,0.08169999999999988,4.1569,73090.23,82167.002
600794.SH,20100105,1.949,1.969,1.9072,1.9654,1.9418,0.023600000000000065,1.2154,35779.41,38072.271
600794.SH,20100104,1.9526,1.9744,1.9363,1.9418,1.9526,-0.01079999999999992,-0.5531,25662.9,27592.451
600794.SH,20091231,1.9436,1.9708,1.9309,1.9526,1.9418,0.01079999999999992,0.5562,22173.59,23790.191
600794.SH,20091230,1.9981,2.0144,1.9363,1.9418,1.9962,-0.054400000000000004,-2.7252,35868.52,38642.139
600794.SH,20091229,1.9926,2.0053,1.9581,1.9962,1.989,0.007199999999999873,0.362,30093.45,32866.571
600794.SH,20091228,1.9781,2.0344,1.9781,1.989,1.9981,-0.009099999999999886,-0.4554,48939.29,53932.049
600794.SH,20091225,1.9436,2.0017,1.9163,1.9981,1.9309,0.06719999999999993,3.4802,44052.67,47343.899
600794.SH,20091224,1.8909,1.9363,1.8764,1.9309,1.8909,0.040000000000000036,2.1154,31509.09,33325.967
600794.SH,20091223,1.8164,1.9054,1.7983,1.8909,1.8128,0.07810000000000006,4.3083,29375.23,29977.259
600794.SH,20091222,1.9054,1.92,1.8037,1.8128,1.9054,-0.09260000000000002,-4.8599,33135.28,33627.864
600794.SH,20091221,1.8982,1.9218,1.8727,1.9054,1.8982,0.007199999999999873,0.3793,22487.68,23438.66
600794.SH,20091218,1.8673,1.949,1.8201,1.8982,1.8691,0.029100000000000126,1.5569,43444.07,44909.089
600794.SH,20091217,1.9617,1.9781,1.8564,1.8691,1.9654,-0.09630000000000005,-4.8998,45125.13,47410.311
600794.SH,20091216,2.0344,2.0526,1.949,1.9654,2.0326,-0.06719999999999993,-3.3061,43853.13,48246.789
600794.SH,20091215,1.9981,2.0834,1.9835,2.0326,2.0053,0.02729999999999988,1.3614,35138.66,39408.151
600794.SH,20091214,2.0707,2.078,1.9526,2.0053,2.0689,-0.0636000000000001,-3.0741,50932.83,56101.101
600794.SH,20091211,2.098,2.1343,2.0526,2.0689,2.0907,-0.02179999999999982,-1.0427,47000.7,54190.649
600794.SH,20091210,2.1397,2.1724,2.0598,2.0907,2.1397,-0.04899999999999993,-2.29,66290.46,76914.32
600794.SH,20091209,2.038,2.1815,2.018,2.1397,2.078,0.06170000000000009,2.9692,142133.87,166000.754
600794.SH,20091208,1.9617,2.0816,1.9109,2.078,1.969,0.10899999999999976,5.5358,81176.26,89230.162
600794.SH,20091207,1.9036,1.9708,1.9036,1.969,1.9399,0.029100000000000126,1.5001,39925.35,42835.085
600794.SH,20091204,1.9617,2.0235,1.8691,1.9399,1.9781,-0.03820000000000001,-1.9311,72949.76,78298.872
600794.SH,20091203,1.9999,2.0217,1.9599,1.9781,2.0053,-0.027200000000000113,-1.3564,71576.42,78316.801
600794.SH,20091202,1.9817,2.0435,1.9781,2.0053,1.9781,0.027200000000000113,1.3751,82166.51,90971.496
600794.SH,20091201,1.9127,2.0144,1.9,1.9781,1.9163,0.06180000000000008,3.225,77532.69,83804.359
600794.SH,20091130,1.8382,1.9181,1.8019,1.9163,1.8237,0.0925999999999998,5.0776,80037.1,82599.325
600794.SH,20091127,1.989,1.989,1.8164,1.8237,2.018,-0.1942999999999997,-9.6283,138989.81,145680.226
600794.SH,20091126,2.0635,2.1161,1.9599,2.018,2.0635,-0.045500000000000096,-2.205,227635.08,257514.429
600794.SH,20091125,1.9817,2.0889,1.8546,2.0635,1.9581,0.10539999999999994,5.3828,233018.23,257213.498
600794.SH,20091124,1.9981,2.058,1.9526,1.9581,1.9781,-0.020000000000000018,-1.0111,225984.1,249091.385
600794.SH,20091123,2.0162,2.038,1.949,1.9781,1.9581,0.020000000000000018,1.0214,145927.39,159067.014
600794.SH,20091120,1.9617,2.0344,1.9272,1.9581,1.9617,-0.0036000000000000476,-0.1835,191546.78,209173.368
600794.SH,20091119,1.8764,2.0344,1.8546,1.9617,1.8745,0.08719999999999994,4.6519,176505.26,187680.858
600794.SH,20091118,1.8546,1.9127,1.8291,1.8745,1.8527,0.02180000000000004,1.1767,166768.75,171596.653
600794.SH,20091117,1.8491,1.8745,1.8128,1.8527,1.8491,0.0036000000000000476,0.1947,162882.03,165534.362
600794.SH,20091116,1.7492,1.8764,1.7274,1.8491,1.7365,0.11260000000000003,6.4843,209759.78,207688.28
600794.SH,20091113,1.6529,1.7438,1.6402,1.7365,1.6693,0.06719999999999993,4.0256,166836.78,156372.586
600794.SH,20091112,1.6511,1.6802,1.6239,1.6693,1.6529,0.01639999999999997,0.9922,85190.52,77248.322
600794.SH,20091110,1.6257,1.6566,1.5984,1.6529,1.6166,0.0363,2.2455,89776.15,80520.086
600794.SH,20091109,1.6221,1.6311,1.5839,1.6166,1.6221,-0.00550000000000006,-0.3391,72712.84,64300.213
600794.SH,20091106,1.6148,1.6493,1.6075,1.6221,1.6075,0.014600000000000168,0.9082,74824.97,67152.388
600794.SH,20091105,1.5984,1.6293,1.5857,1.6075,1.6003,0.007199999999999873,0.4499,57708.52,51039.294
600794.SH,20091104,1.613,1.6366,1.5875,1.6003,1.6202,-0.01990000000000003,-1.2282,64878.23,57584.034
600794.SH,20091103,1.5748,1.6257,1.573,1.6202,1.5839,0.0363,2.2918,76652.88,67768.623
600794.SH,20091102,1.5131,1.5894,1.4931,1.5839,1.5367,0.04720000000000013,3.0715,60487.39,51703.972
600794.SH,20091030,1.544,1.5748,1.5222,1.5367,1.5185,0.018199999999999994,1.1986,64466.53,54975.786
600794.SH,20091029,1.5331,1.5476,1.4985,1.5185,1.5767,-0.05820000000000003,-3.6913,56282.53,47254.485
600794.SH,20091028,1.5476,1.5803,1.5113,1.5767,1.553,0.023700000000000054,1.5261,83624.66,71362.821
600794.SH,20091027,1.6766,1.6766,1.5476,1.553,1.6784,-0.12539999999999996,-7.4714,136906.9,120329.013
600794.SH,20091026,1.731,1.7692,1.662,1.6784,1.7129,-0.0345000000000002,-2.0141,135891.58,127878.041
600794.SH,20091023,1.6729,1.7474,1.6457,1.7129,1.6929,0.020000000000000018,1.1814,179575.44,167964.999
600794.SH,20091022,1.6166,1.7492,1.6003,1.6929,1.6148,0.07810000000000006,4.8365,220309.85,202468.665
600794.SH,20091021,1.5912,1.6311,1.5367,1.6148,1.5966,0.018199999999999994,1.1399,135648.37,117993.604
600794.SH,20091020,1.6366,1.6439,1.5875,1.5966,1.6293,-0.03269999999999995,-2.007,124088.26,109749.805
600794.SH,20091019,1.5984,1.6475,1.5803,1.6293,1.5857,0.04359999999999986,2.7496,200137.88,178215.249
600794.SH,20091016,1.5549,1.5894,1.4985,1.5857,1.553,0.03270000000000017,2.1056,136206.69,116332.105
600794.SH,20091015,1.5167,1.5857,1.5113,1.553,1.5149,0.03810000000000002,2.515,169335.61,145092.903
600794.SH,20091014,1.5185,1.5458,1.4913,1.5149,1.5113,0.0035999999999998256,0.2382,137101.44,115368.086
600794.SH,20091013,1.4168,1.5258,1.4132,1.5113,1.435,0.07630000000000003,5.3171,93402.0,76044.67
600794.SH,20091012,1.395,1.4404,1.3732,1.435,1.3986,0.03639999999999999,2.6026,55051.82,42709.19
600794.SH,20091009,1.355,1.4095,1.3441,1.3986,1.3405,0.05810000000000004,4.3342,38256.03,29054.234
600794.SH,20090930,1.3187,1.3587,1.3078,1.3405,1.3151,0.02540000000000009,1.9314,31940.76,23484.74
600794.SH,20090929,1.3242,1.346,1.2588,1.3151,1.3333,-0.018199999999999994,-1.365,30881.14,22152.766
600794.SH,20090928,1.3569,1.395,1.3205,1.3333,1.3351,-0.0018000000000000238,-0.1348,33471.07,25083.265
600794.SH,20090925,1.3423,1.3678,1.3169,1.3351,1.3532,-0.018100000000000005,-1.3376,26642.89,19659.653
600794.SH,20090924,1.355,1.3805,1.3205,1.3532,1.3532,0.0,0.0,34721.61,25901.964
600794.SH,20090923,1.4077,1.4386,1.3351,1.3532,1.4259,-0.07269999999999999,-5.0985,55158.45,42170.198
600794.SH,20090922,1.4749,1.4985,1.4186,1.4259,1.4895,-0.0636000000000001,-4.2699,45935.47,37000.526
600794.SH,20090921,1.4531,1.4931,1.4368,1.4895,1.4568,0.03269999999999995,2.2446,46002.7,37147.106
600794.SH,20090918,1.5385,1.5403,1.4441,1.4568,1.544,-0.08719999999999994,-5.6477,96748.5,79307.142
600794.SH,20090917,1.524,1.5694,1.5203,1.544,1.5167,0.027300000000000102,1.8,82683.44,70343.688
600794.SH,20090916,1.5185,1.544,1.5004,1.5167,1.5331,-0.01639999999999997,-1.0697,71955.37,60247.119
600794.SH,20090915,1.5494,1.553,1.5113,1.5331,1.5712,-0.03810000000000002,-2.4249,137140.75,115499.177
600794.SH,20090914,1.6166,1.662,1.5585,1.5712,1.5948,-0.023600000000000065,-1.4798,242520.85,214284.501
600794.SH,20090911,1.5167,1.5984,1.4931,1.5948,1.5149,0.07990000000000008,5.2743,181399.94,154969.979
600794.SH,20090910,1.544,1.5476,1.4622,1.5149,1.5349,-0.020000000000000018,-1.303,104020.06,86267.546
600794.SH,20090909,1.544,1.5748,1.4895,1.5349,1.5367,-0.0018000000000000238,-0.1171,131665.05,110784.738
600794.SH,20090908,1.5167,1.5857,1.4731,1.5367,1.5312,0.00550000000000006,0.3592,179409.19,150867.737
600794.SH,20090907,1.4531,1.5785,1.4368,1.5312,1.435,0.09619999999999984,6.7038,235289.51,194455.217
600794.SH,20090904,1.4713,1.4713,1.4168,1.435,1.4622,-0.02719999999999989,-1.8602,120049.88,95266.431
600794.SH,20090903,1.3678,1.4713,1.3441,1.4622,1.3514,0.11080000000000001,8.1989,155884.76,120076.672
600794.SH,20090902,1.3042,1.3877,1.2897,1.3514,1.3369,0.014499999999999957,1.0846,113376.39,84856.266
600794.SH,20090901,1.1988,1.3405,1.1988,1.3369,1.2188,0.11809999999999987,9.6899,84138.57,60024.528
600794.SH,20090831,1.3224,1.3224,1.217,1.2188,1.3478,-0.129,-9.5712,32046.76,22237.155
600794.SH,20090828,1.3496,1.3859,1.3441,1.3478,1.3605,-0.012699999999999934,-0.9335,24089.83,18078.714
600794.SH,20090827,1.3932,1.4041,1.3351,1.3605,1.3859,-0.025399999999999867,-1.8327,53941.18,40668.879
600794.SH,20090826,1.3968,1.4168,1.3678,1.3859,1.3968,-0.010900000000000132,-0.7804,88746.74,68094.991
600794.SH,20090825,1.3478,1.4368,1.3096,1.3968,1.3896,0.007200000000000095,0.5181,106975.95,80641.354
600794.SH,20090824,1.3569,1.4114,1.2806,1.3896,1.2933,0.09630000000000005,7.4461,129064.73,96447.12
600794.SH,20090821,1.2079,1.2969,1.1934,1.2933,1.2206,0.07269999999999999,5.9561,58884.47,40797.864
600794.SH,20090820,1.1244,1.2224,1.1244,1.2206,1.1225,0.09809999999999985,8.7394,36263.32,23209.242
600794.SH,20090819,1.2116,1.2116,1.1171,1.1225,1.2097,-0.08719999999999994,-7.2084,24087.56,15343.784
600794.SH,20090818,1.1789,1.2134,1.168,1.2097,1.1789,0.03079999999999994,2.6126,16038.69,10548.946
600794.SH,20090817,1.2697,1.286,1.177,1.1789,1.2715,-0.09260000000000002,-7.2827,28606.12,19589.824
600794.SH,20090814,1.3732,1.3859,1.2715,1.2715,1.3696,-0.09809999999999985,-7.1627,35703.63,25984.836
600794.SH,20090813,1.3623,1.3877,1.3514,1.3696,1.3787,-0.009100000000000108,-0.66,29973.89,22584.805
600794.SH,20090812,1.4949,1.4949,1.3623,1.3787,1.4949,-0.11619999999999986,-7.7731,51710.21,40633.571
600794.SH,20090811,1.4804,1.4949,1.4586,1.4949,1.4767,0.018199999999999994,1.2325,71408.2,58218.261
600794.SH,20090810,1.4695,1.4967,1.4386,1.4767,1.4422,0.034499999999999975,2.3922,75181.99,60713.316
600794.SH,20090807,1.4077,1.4713,1.4077,1.4422,1.4168,0.025399999999999867,1.7928,65453.26,51955.497
600794.SH,20090806,1.4313,1.4386,1.3986,1.4168,1.4404,-0.023599999999999843,-1.6384,32479.66,25345.362
600794.SH,20090805,1.4168,1.4586,1.4005,1.4404,1.4223,0.018100000000000005,1.2726,47335.55,37331.828
600794.SH,20090804,1.4332,1.435,1.3823,1.4223,1.4332,-0.010900000000000132,-0.7605,38208.0,29615.387
600794.SH,20090803,1.4005,1.4404,1.3986,1.4332,1.4023,0.030899999999999928,2.2035,34264.34,26848.873
600794.SH,20090731,1.3714,1.4041,1.3623,1.4023,1.3659,0.03640000000000021,2.6649,34715.63,26458.759
600794.SH,20090730,1.3986,1.4132,1.3242,1.3659,1.3787,-0.012800000000000145,-0.9284,45062.27,33680.052
600794.SH,20090729,1.4895,1.504,1.3441,1.3787,1.4931,-0.11440000000000006,-7.6619,67051.79,53334.177
600794.SH,20090728,1.4677,1.4931,1.4441,1.4931,1.4677,0.02540000000000009,1.7306,74963.87,60681.404
600794.SH,20090727,1.4495,1.4749,1.4459,1.4677,1.4495,0.018199999999999994,1.2556,45136.2,36321.235
600794.SH,20090724,1.455,1.4749,1.435,1.4495,1.4531,-0.0036000000000000476,-0.2477,46321.75,37023.273
600794.SH,20090723,1.455,1.4586,1.4386,1.4531,1.4531,0.0,0.0,34121.97,27182.667
600794.SH,20090722,1.4386,1.4622,1.4386,1.4531,1.4404,0.012700000000000156,0.8817,37913.51,30268.864
600794.SH,20090721,1.5131,1.5167,1.435,1.4404,1.5076,-0.06720000000000015,-4.4574,70056.96,56653.817
600794.SH,20090720,1.4695,1.5149,1.4568,1.5076,1.4622,0.04540000000000011,3.1049,84886.97,69845.89
600794.SH,20090717,1.4422,1.4695,1.4186,1.4622,1.4477,0.014499999999999957,1.0016,43752.09,34941.132
600794.SH,20090716,1.4822,1.4876,1.4422,1.4477,1.4804,-0.03269999999999995,-2.2089,54894.03,44121.02
600794.SH,20090715,1.4767,1.4913,1.4658,1.4804,1.4767,0.0037000000000000366,0.2506,60298.29,49075.71
600794.SH,20090714,1.4531,1.4804,1.4477,1.4767,1.4422,0.034499999999999975,2.3922,65806.39,53208.764
600794.SH,20090713,1.435,1.4586,1.4313,1.4422,1.4459,-0.0037000000000000366,-0.2559,38148.13,30361.308
600794.SH,20090710,1.4622,1.4695,1.4441,1.4459,1.464,-0.018100000000000005,-1.2363,50110.09,40122.096
600794.SH,20090709,1.4404,1.4677,1.4295,1.464,1.4368,0.02719999999999989,1.8931,70672.81,56323.805
600794.SH,20090707,1.4223,1.4604,1.4223,1.4368,1.4186,0.018199999999999994,1.283,62527.46,49624.109
600794.SH,20090706,1.4422,1.4513,1.3986,1.4186,1.4241,-0.005499999999999838,-0.3862,52706.88,41425.219
600794.SH,20090703,1.3841,1.4513,1.3841,1.4241,1.4059,0.018199999999999994,1.2945,59682.09,46951.269
600794.SH,20090702,1.4023,1.4132,1.3805,1.4059,1.4077,-0.0018000000000000238,-0.1279,33903.99,26029.585
600794.SH,20090701,1.3787,1.4095,1.3641,1.4077,1.3896,0.018100000000000005,1.3025,32604.58,24854.27
600794.SH,20090630,1.4495,1.4531,1.3877,1.3896,1.4495,-0.059900000000000064,-4.1325,45124.22,34981.638
600794.SH,20090629,1.4586,1.4695,1.4368,1.4495,1.4495,0.0,0.0,97562.69,77998.539
600794.SH,20090626,1.3896,1.4513,1.3805,1.4495,1.4005,0.04899999999999993,3.4988,77231.36,60591.087
600794.SH,20090625,1.4295,1.435,1.395,1.4005,1.4223,-0.02179999999999982,-1.5327,39875.02,30967.178
600794.SH,20090624,1.3914,1.4241,1.3768,1.4223,1.3896,0.03269999999999995,2.3532,45284.75,34875.449
600794.SH,20090623,1.3877,1.4023,1.3623,1.3896,1.3986,-0.009000000000000119,-0.6435,32554.21,24731.643
600794.SH,20090622,1.3859,1.4059,1.375,1.3986,1.3823,0.01629999999999998,1.1792,40414.23,30956.442
600794.SH,20090619,1.355,1.3823,1.3478,1.3823,1.3587,0.023600000000000065,1.737,32810.16,24749.537
600794.SH,20090618,1.3714,1.3732,1.355,1.3587,1.3423,0.01639999999999997,1.2218,34247.11,25711.987
600794.SH,20090616,1.3478,1.3587,1.3333,1.3423,1.3605,-0.018199999999999994,-1.3377,22132.53,16354.581
600794.SH,20090615,1.3441,1.3714,1.3314,1.3605,1.3405,0.020000000000000018,1.492,26097.1,19373.22
600794.SH,20090612,1.395,1.4041,1.326,1.3405,1.4023,-0.06180000000000008,-4.407,47976.09,36077.835
600794.SH,20090611,1.4622,1.4895,1.3896,1.4023,1.455,-0.05269999999999997,-3.622,59656.74,47218.847
600794.SH,20090610,1.4531,1.4786,1.4386,1.455,1.4695,-0.014499999999999957,-0.9867,62063.3,49651.959
600794.SH,20090609,1.3968,1.4749,1.395,1.4695,1.3932,0.07630000000000003,5.4766,106708.45,84614.074
600794.SH,20090608,1.3587,1.4077,1.3405,1.3932,1.3732,0.020000000000000018,1.4565,35125.75,26675.393
600794.SH,20090605,1.4005,1.4114,1.3714,1.3732,1.4005,-0.027300000000000102,-1.9493,30699.88,23494.723
600794.SH,20090604,1.4168,1.4168,1.3659,1.4005,1.4168,-0.01629999999999998,-1.1505,39804.32,30386.191
600794.SH,20090603,1.3441,1.435,1.3441,1.4168,1.3478,0.06899999999999995,5.1195,81146.27,62662.588
600794.SH,20090602,1.355,1.355,1.3351,1.3478,1.3478,0.0,0.0,24560.33,18206.287
600794.SH,20090601,1.3405,1.3569,1.3351,1.3478,1.3387,0.009100000000000108,0.6798,28187.03,20876.846
600794.SH,20090527,1.3569,1.3659,1.3224,1.3387,1.3496,-0.01089999999999991,-0.8076,25345.43,18680.254
600794.SH,20090526,1.3224,1.3696,1.3224,1.3496,1.3224,0.02719999999999989,2.0569,33249.83,24807.827
600794.SH,20090525,1.3078,1.3296,1.2751,1.3224,1.3351,-0.012699999999999934,-0.9512,28222.14,20193.149
600794.SH,20090522,1.326,1.3514,1.3187,1.3351,1.3333,0.0018000000000000238,0.135,22656.93,16674.3
600794.SH,20090521,1.3678,1.3877,1.3278,1.3333,1.3896,-0.05630000000000002,-4.0515,49040.27,36378.1
600794.SH,20090520,1.4313,1.4386,1.3896,1.3896,1.4313,-0.04170000000000007,-2.9134,42166.12,32767.107
600794.SH,20090519,1.4132,1.4495,1.3968,1.4313,1.4114,0.01990000000000003,1.4099,55296.98,43486.415
600794.SH,20090518,1.3968,1.4114,1.3532,1.4114,1.3914,0.020000000000000018,1.4374,42716.74,32620.522
600794.SH,20090515,1.3587,1.4005,1.3587,1.3914,1.355,0.03639999999999999,2.6863,44190.62,33569.28
600794.SH,20090514,1.3877,1.3877,1.3351,1.355,1.3841,-0.029100000000000126,-2.1024,45227.71,33815.659
600794.SH,20090513,1.3768,1.3896,1.3605,1.3841,1.375,0.009100000000000108,0.6618,48220.19,36510.298
600794.SH,20090512,1.3187,1.3768,1.3042,1.375,1.3351,0.03990000000000005,2.9885,50009.83,37312.554
600794.SH,20090511,1.4441,1.4477,1.3224,1.3351,1.455,-0.11990000000000012,-8.2405,102761.94,78797.737
600794.SH,20090508,1.5004,1.5004,1.4313,1.455,1.5312,-0.07619999999999982,-4.9765,120390.04,97072.4
600794.SH,20090507,1.4767,1.5894,1.4531,1.5312,1.4658,0.0653999999999999,4.4617,192241.48,161578.375
600794.SH,20090506,1.4313,1.4985,1.4277,1.4658,1.4422,0.023600000000000065,1.6364,106713.3,86514.224
600794.SH,20090505,1.455,1.4858,1.4186,1.4422,1.4749,-0.03270000000000017,-2.2171,110608.99,88275.64
600794.SH,20090504,1.435,1.4931,1.3805,1.4749,1.4386,0.0363,2.5233,170255.7,133572.889
600794.SH,20090430,1.4713,1.5167,1.4168,1.4386,1.4858,-0.04719999999999991,-3.1767,140900.51,114497.583
600794.SH,20090429,1.4713,1.5004,1.435,1.4858,1.4695,0.01629999999999998,1.1092,180187.33,145778.873
600794.SH,20090428,1.4895,1.5349,1.4168,1.4695,1.5312,-0.061699999999999866,-4.0295,213409.22,173988.466
600794.SH,20090427,1.4005,1.5312,1.3714,1.5312,1.3914,0.13979999999999992,10.0474,245757.55,196254.891
600794.SH,20090424,1.3968,1.4441,1.3732,1.3914,1.3914,0.0,0.0,179630.89,138803.552
600794.SH,20090423,1.3351,1.4259,1.286,1.3914,1.3514,0.040000000000000036,2.9599,238110.55,179571.144
600794.SH,20090422,1.2897,1.3841,1.2806,1.3514,1.3133,0.03810000000000002,2.9011,228005.5,168288.236
600794.SH,20090421,1.2715,1.3532,1.2261,1.3133,1.3042,0.009099999999999886,0.6977,211789.89,149510.957
600794.SH,20090420,1.1898,1.3042,1.177,1.3042,1.1861,0.1181000000000001,9.957,231372.63,163613.074
600794.SH,20090417,1.2097,1.2461,1.148,1.1861,1.2097,-0.023600000000000065,-1.9509,114887.32,76363.543
600794.SH,20090415,1.1534,1.2243,1.128,1.2097,1.1589,0.050799999999999956,4.3835,96133.89,62663.591
600794.SH,20090414,1.1371,1.1661,1.1262,1.1589,1.1371,0.02180000000000004,1.9172,57652.87,36463.39
600794.SH,20090413,1.1425,1.1589,1.1298,1.1371,1.1407,-0.0036000000000000476,-0.3156,47569.71,29833.608
600794.SH,20090410,1.1171,1.1516,1.108,1.1407,1.1189,0.02180000000000004,1.9483,51177.0,31874.619
600794.SH,20090409,1.0917,1.1207,1.0899,1.1189,1.1026,0.01629999999999998,1.4783,22160.76,13482.239
600794.SH,20090408,1.1225,1.1407,1.1007,1.1026,1.1316,-0.028999999999999915,-2.5627,25272.0,15646.594
600794.SH,20090407,1.1407,1.1407,1.1153,1.1316,1.1225,0.009099999999999886,0.8107,22300.19,13818.104
600794.SH,20090403,1.1589,1.1661,1.1135,1.1225,1.1516,-0.029099999999999904,-2.5269,45303.14,28135.908
600794.SH,20090402,1.1643,1.1952,1.148,1.1516,1.1825,-0.03090000000000015,-2.6131,61727.31,39634.422
600794.SH,20090401,1.1807,1.2333,1.1807,1.1825,1.168,0.01450000000000018,1.2414,114986.55,76185.07
600794.SH,20090331,1.0953,1.1716,1.0808,1.168,1.1244,0.04359999999999986,3.8776,66656.26,41695.949
600794.SH,20090330,1.1262,1.148,1.1135,1.1244,1.1207,0.0037000000000000366,0.3302,38305.1,23785.598
600794.SH,20090327,1.1244,1.1334,1.108,1.1207,1.1189,0.0018000000000000238,0.1609,34077.92,21033.817
600794.SH,20090326,1.0917,1.1207,1.0771,1.1189,1.0899,0.028999999999999915,2.6608,34909.09,21186.845
600794.SH,20090325,1.1225,1.1389,1.0899,1.0899,1.1298,-0.039899999999999824,-3.5316,37298.52,23002.802
600794.SH,20090324,1.1589,1.1625,1.1244,1.1298,1.1516,-0.02180000000000004,-1.893,53830.66,33663.109
600794.SH,20090323,1.1353,1.168,1.1353,1.1516,1.1462,0.005399999999999849,0.4711,44703.56,28336.017
600794.SH,20090320,1.1316,1.1698,1.0808,1.1462,1.1334,0.012800000000000145,1.1293,70785.95,44258.969
600794.SH,20090319,1.1116,1.1389,1.1007,1.1334,1.1116,0.02180000000000004,1.9611,42041.28,26065.684
600794.SH,20090318,1.1116,1.1334,1.1007,1.1116,1.1098,0.0018000000000000238,0.1622,65676.97,40423.617
600794.SH,20090317,1.0826,1.1098,1.059,1.1098,1.0735,0.0363,3.3815,45420.28,27329.805
600794.SH,20090316,1.0626,1.0862,1.0444,1.0735,1.0771,-0.0036000000000000476,-0.3342,31317.86,18312.497
600794.SH,20090313,1.0917,1.1225,1.0553,1.0771,1.1244,-0.04730000000000012,-4.2067,42099.74,25232.948
600794.SH,20090312,1.0935,1.1425,1.0499,1.1244,1.0935,0.03090000000000015,2.8258,130275.14,79355.936
600794.SH,20090311,1.0735,1.0935,1.0735,1.0935,0.9936,0.09989999999999988,10.0543,33557.92,20187.256
600794.SH,20090309,1.0662,1.0808,0.9899,0.9936,1.0681,-0.07450000000000001,-6.975,30693.76,17449.145
600794.SH,20090306,1.0826,1.1135,1.0444,1.0681,1.1062,-0.03810000000000002,-3.4442,36762.52,21837.807
600794.SH,20090305,1.0299,1.1116,1.0172,1.1062,1.0263,0.07990000000000008,7.7852,58342.72,33748.824
600794.SH,20090304,0.9718,1.0408,0.9682,1.0263,0.9663,0.05999999999999994,6.2093,39947.3,22171.42
600794.SH,20090303,0.9282,1.0063,0.9282,0.9663,0.979,-0.012699999999999934,-1.2972,26297.11,14074.494
600794.SH,20090302,0.9191,0.9845,0.9191,0.979,0.9682,0.010800000000000032,1.1155,32624.47,17268.667
600794.SH,20090227,1.0354,1.0372,0.9682,0.9682,1.0753,-0.10709999999999997,-9.96,55835.24,30330.285
600794.SH,20090226,1.2497,1.2551,1.0626,1.0753,1.1807,-0.10540000000000016,-8.9269,152851.42,96664.917
600794.SH,20090225,1.1225,1.1807,1.1225,1.1807,1.0735,0.10720000000000018,9.986,63164.82,40801.531
600794.SH,20090224,1.1589,1.168,1.0644,1.0735,1.1643,-0.09079999999999999,-7.7987,53370.47,32589.069
600794.SH,20090223,1.108,1.1698,1.0935,1.1643,1.1153,0.04899999999999993,4.3934,52655.02,33082.649
600794.SH,20090220,1.0717,1.128,1.0608,1.1153,1.0771,0.03820000000000001,3.5466,44092.2,26863.759
600794.SH,20090219,1.0862,1.1044,1.0481,1.0771,1.0735,0.0036000000000000476,0.3354,28406.92,16803.759
600794.SH,20090218,1.0953,1.1026,1.0535,1.0735,1.1116,-0.03810000000000002,-3.4275,43796.85,26031.191
600794.SH,20090217,1.1607,1.1716,1.0989,1.1116,1.1607,-0.049100000000000144,-4.2302,46505.16,29067.658
600794.SH,20090216,1.1843,1.1843,1.1244,1.1607,1.1625,-0.0018000000000000238,-0.1548,72091.08,45686.43
600794.SH,20090213,1.0917,1.1934,1.0917,1.1625,1.0899,0.0726,6.6612,90501.51,56890.425
600794.SH,20090212,1.0826,1.1462,1.0662,1.0899,1.0644,0.025500000000000078,2.3957,150261.35,90967.288
600794.SH,20090211,0.9445,1.0644,0.9445,1.0644,0.9682,0.09620000000000006,9.936,152308.16,85789.046
600794.SH,20090210,0.95,0.97,0.9336,0.9682,0.9536,0.014599999999999946,1.531,56538.98,29570.021
600794.SH,20090209,0.9427,0.9554,0.9227,0.9536,0.9336,0.020000000000000018,2.1422,69877.35,36286.627
600794.SH,20090206,0.91,0.9445,0.91,0.9336,0.91,0.023599999999999954,2.5934,56561.55,29014.187
600794.SH,20090205,0.9355,0.9464,0.8991,0.91,0.9391,-0.029100000000000015,-3.0987,66643.02,33861.202
600794.SH,20090204,0.9391,0.9445,0.9173,0.9391,0.9464,-0.007299999999999973,-0.7713,98917.76,50674.813
600794.SH,20090203,0.8882,0.9591,0.8682,0.9464,0.8737,0.07269999999999999,8.3209,112451.35,56985.542
600794.SH,20090202,0.8628,0.881,0.8537,0.8737,0.8664,0.007300000000000084,0.8426,37180.78,17761.386
600794.SH,20090123,0.8719,0.8864,0.8501,0.8664,0.8882,-0.02180000000000004,-2.4544,57768.69,27561.879
600794.SH,20090122,0.8446,0.8991,0.8265,0.8882,0.8319,0.05630000000000002,6.7676,97824.78,46777.4
600794.SH,20090121,0.8156,0.8446,0.8138,0.8319,0.8283,0.0035999999999999366,0.4346,38175.05,17487.149
600794.SH,20090120,0.8101,0.8392,0.8101,0.8283,0.8101,0.018199999999999994,2.2466,29950.49,13598.269
600794.SH,20090119,0.8301,0.8319,0.7974,0.8101,0.8174,-0.007299999999999973,-0.8931,23292.35,10420.293
600794.SH,20090116,0.792,0.8319,0.792,0.8174,0.801,0.01639999999999997,2.0474,35671.41,16027.127
600794.SH,20090115,0.772,0.8119,0.7683,0.801,0.7811,0.01990000000000003,2.5477,32280.49,14082.331
600794.SH,20090114,0.7447,0.7829,0.7447,0.7811,0.7484,0.03270000000000006,4.3693,17627.62,7470.768
600794.SH,20090113,0.7647,0.7665,0.7447,0.7484,0.7738,-0.02540000000000009,-3.2825,12149.39,5042.03
600794.SH,20090112,0.7665,0.7901,0.7629,0.7738,0.7702,0.0036000000000000476,0.4674,19067.29,8149.923
600794.SH,20090109,0.7465,0.772,0.7465,0.7702,0.7465,0.023699999999999943,3.1748,14535.19,6091.555
600794.SH,20090108,0.7502,0.7611,0.7393,0.7465,0.7593,-0.012799999999999923,-1.6858,12842.0,5311.87
600794.SH,20090107,0.7611,0.7811,0.7556,0.7593,0.7574,0.0019000000000000128,0.2509,21709.54,9155.831
600794.SH,20090106,0.7266,0.7593,0.7193,0.7574,0.7229,0.034499999999999975,4.7724,18286.29,7497.316
600794.SH,20090105,0.7157,0.7229,0.7048,0.7229,0.6921,0.03079999999999994,4.4502,12323.75,4843.049
600794.SH,20081231,0.7248,0.7284,0.6902,0.6921,0.7211,-0.028999999999999915,-4.0216,9990.25,3898.539
600794.SH,20081230,0.7375,0.7502,0.7193,0.7211,0.7393,-0.018199999999999994,-2.4618,13685.41,5533.25
600794.SH,20081226,0.7556,0.7556,0.7356,0.7393,0.7447,-0.005400000000000071,-0.7251,10106.19,4129.683
600794.SH,20081225,0.7393,0.7574,0.7338,0.7447,0.7393,0.005400000000000071,0.7304,14724.0,6024.922
600794.SH,20081224,0.7593,0.772,0.7102,0.7393,0.7647,-0.02540000000000009,-3.3216,20047.04,8290.475
600794.SH,20081223,0.8628,0.8628,0.7647,0.7647,0.8501,-0.08539999999999992,-10.0459,26468.5,11780.104
600794.SH,20081222,0.8247,0.861,0.8247,0.8501,0.8337,0.01639999999999997,1.9671,28306.4,13157.105
600794.SH,20081219,0.8319,0.8428,0.821,0.8337,0.8283,0.00539999999999996,0.6519,25995.81,11945.666
600794.SH,20081218,0.8101,0.8374,0.7992,0.8283,0.821,0.007300000000000084,0.8892,25487.9,11442.921
600794.SH,20081217,0.8428,0.8701,0.8156,0.821,0.8047,0.01629999999999998,2.0256,36872.17,16983.62
600794.SH,20081216,0.8119,0.8119,0.7538,0.8047,0.8138,-0.009099999999999997,-1.1182,22962.95,9926.587
600794.SH,20081215,0.8101,0.8247,0.7956,0.8138,0.7974,0.01639999999999997,2.0567,26201.62,11664.815
600794.SH,20081212,0.8101,0.8446,0.7647,0.7974,0.8247,-0.02729999999999999,-3.3103,33651.87,14968.088
600794.SH,20081211,0.89,0.89,0.8192,0.8247,0.8937,-0.06900000000000006,-7.7207,42673.5,20244.85
600794.SH,20081210,0.8592,0.8955,0.8392,0.8937,0.8773,0.01640000000000008,1.8694,59135.78,28287.388
600794.SH,20081209,0.89,0.9336,0.8737,0.8773,0.8537,0.023599999999999954,2.7644,140911.83,69887.379
600794.SH,20081208,0.8065,0.8537,0.7992,0.8537,0.7756,0.07810000000000006,10.0696,42676.49,19754.396
600794.SH,20081204,0.7883,0.8083,0.7665,0.7756,0.7865,-0.01090000000000002,-1.3859,68766.38,29892.791
600794.SH,20081203,0.7411,0.7992,0.7411,0.7865,0.7375,0.04899999999999993,6.6441,61712.95,26041.44
600794.SH,20081202,0.7229,0.7502,0.7139,0.7375,0.7411,-0.0035999999999999366,-0.4858,49113.6,19823.139
600794.SH,20081201,0.7011,0.7429,0.6993,0.7411,0.712,0.029100000000000015,4.0871,47528.89,19040.678
600794.SH,20081128,0.7629,0.7665,0.7084,0.712,0.7829,-0.07090000000000007,-9.0561,73715.68,29519.537
600794.SH,20081127,0.8864,0.8882,0.7774,0.7829,0.8392,-0.056299999999999906,-6.7088,120681.19,55751.148
600794.SH,20081126,0.8573,0.8573,0.8083,0.8392,0.8519,-0.012700000000000045,-1.4908,90178.58,41429.311
600794.SH,20081125,0.801,0.8555,0.7992,0.8519,0.7883,0.06359999999999999,8.068,132017.18,59529.765
600794.SH,20081124,0.8047,0.8065,0.7629,0.7883,0.8065,-0.018199999999999994,-2.2567,63574.62,27490.044
600794.SH,20081121,0.7538,0.8283,0.7447,0.8065,0.7774,0.029100000000000015,3.7432,117339.41,51111.025
600794.SH,20081120,0.7211,0.7847,0.7102,0.7774,0.7302,0.04720000000000002,6.464,96489.15,39969.798
600794.SH,20081119,0.6612,0.7302,0.6539,0.7302,0.663,0.06719999999999993,10.1357,44591.98,17244.717
600794.SH,20081118,0.6993,0.712,0.6412,0.663,0.712,-0.04899999999999993,-6.882,44460.69,16364.456
600794.SH,20081117,0.6703,0.7139,0.6666,0.712,0.6775,0.034499999999999975,5.0923,35507.17,13418.72
600794.SH,20081114,0.6521,0.6775,0.6357,0.6775,0.6466,0.03090000000000004,4.7788,35021.33,12704.834
600794.SH,20081113,0.6212,0.663,0.6194,0.6466,0.6248,0.02179999999999993,3.4891,32736.16,11630.136
600794.SH,20081112,0.5994,0.6267,0.5994,0.6248,0.6031,0.021700000000000053,3.5981,16347.31,5532.657
600794.SH,20081111,0.6139,0.6303,0.5994,0.6031,0.623,-0.01990000000000003,-3.1942,20956.91,7080.846
600794.SH,20081110,0.5922,0.6321,0.5922,0.623,0.5867,0.0363,6.1871,26457.64,8926.416
600794.SH,20081107,0.5631,0.5903,0.554,0.5867,0.5704,0.01629999999999998,2.8576,18731.41,5964.583
600794.SH,20081106,0.5649,0.5776,0.554,0.5704,0.574,-0.0035999999999999366,-0.6272,11201.08,3490.107
600794.SH,20081105,0.5613,0.5758,0.554,0.574,0.5486,0.025399999999999978,4.63,18665.81,5827.752
600794.SH,20081104,0.5704,0.5794,0.5413,0.5486,0.5794,-0.03080000000000005,-5.3158,16660.83,5104.402
600794.SH,20081103,0.5813,0.6085,0.5776,0.5794,0.6031,-0.023699999999999943,-3.9297,13745.09,4480.152
600794.SH,20081031,0.643,0.6539,0.5958,0.6031,0.6612,-0.05810000000000004,-8.7871,31827.6,10869.369
600794.SH,20081030,0.6521,0.6757,0.6485,0.6612,0.6139,0.04730000000000001,7.7048,69464.46,25358.932
600794.SH,20081029,0.6049,0.6285,0.5994,0.6139,0.6049,0.009000000000000008,1.4878,18974.62,6412.233
600794.SH,20081028,0.5576,0.6085,0.5504,0.6049,0.574,0.03090000000000004,5.3833,15027.97,4872.78
600794.SH,20081027,0.6212,0.6321,0.574,0.574,0.6376,-0.06359999999999999,-9.9749,8675.96,2857.508
600794.SH,20081024,0.6521,0.6594,0.6285,0.6376,0.6521,-0.014500000000000068,-2.2236,3616.94,1278.21
600794.SH,20081023,0.6448,0.6539,0.6248,0.6521,0.6485,0.0036000000000000476,0.5551,8493.82,2969.541
600794.SH,20081022,0.6684,0.6812,0.6466,0.6485,0.6757,-0.027200000000000002,-4.0255,4336.67,1589.973
600794.SH,20081021,0.6921,0.7175,0.6721,0.6757,0.6866,-0.01090000000000002,-1.5875,8308.73,3122.477
600794.SH,20081020,0.6757,0.6975,0.6448,0.6866,0.6757,0.01090000000000002,1.6131,4126.96,1557.351
600794.SH,20081017,0.6812,0.6993,0.6684,0.6757,0.6812,-0.00550000000000006,-0.8074,4333.9,1627.523
600794.SH,20081016,0.7284,0.732,0.6812,0.6812,0.7574,-0.07619999999999993,-10.0607,5327.69,2053.157
600794.SH,20081015,0.7738,0.7792,0.7266,0.7574,0.7756,-0.018199999999999994,-2.3466,5123.0,2095.393
600794.SH,20081014,0.7992,0.8083,0.7484,0.7756,0.7956,-0.020000000000000018,-2.5138,11338.45,4866.404
600794.SH,20081013,0.703,0.7974,0.7011,0.7956,0.7792,0.01639999999999997,2.1047,14496.84,5912.539
600794.SH,20081009,0.7847,0.7974,0.7665,0.7792,0.7792,0.0,0.0,8673.77,3718.73
600794.SH,20081008,0.7593,0.8065,0.7411,0.7792,0.7792,0.0,0.0,9297.12,4007.479
600794.SH,20081007,0.7792,0.7901,0.7266,0.7792,0.7883,-0.009099999999999997,-1.1544,5879.0,2515.893
600794.SH,20081006,0.8043,0.8043,0.7774,0.7885,0.8027,-0.01419999999999999,-1.769,15422.73,7704.11
600794.SH,20080926,0.8201,0.8217,0.7885,0.8027,0.8138,-0.011099999999999999,-1.364,13915.18,7049.129
600794.SH,20080925,0.798,0.8201,0.7917,0.8138,0.798,0.015799999999999925,1.9799,26493.3,13490.966
600794.SH,20080924,0.7838,0.798,0.7711,0.798,0.7885,0.009500000000000064,1.2048,7831.22,3912.543
600794.SH,20080923,0.7932,0.798,0.7664,0.7885,0.8233,-0.03480000000000005,-4.2269,19129.04,9488.587
600794.SH,20080922,0.8406,0.9007,0.7948,0.8233,0.8201,0.0031999999999999806,0.3902,53081.73,28172.508
600794.SH,20080919,0.8027,0.8201,0.7948,0.8201,0.7458,0.07430000000000003,9.9625,67725.67,34757.668
600794.SH,20080918,0.7474,0.7664,0.6826,0.7458,0.7506,-0.0048000000000000265,-0.6395,8694.75,3968.208
600794.SH,20080917,0.7411,0.7727,0.7174,0.7506,0.7427,0.007900000000000018,1.0637,9633.76,4483.199
600794.SH,20080916,0.7743,0.7743,0.7427,0.7427,0.7695,-0.026799999999999935,-3.4828,5053.69,2430.291
600794.SH,20080911,0.7964,0.8027,0.7664,0.7695,0.7917,-0.022199999999999998,-2.8041,8930.69,4452.184
600794.SH,20080910,0.798,0.8011,0.7759,0.7917,0.7869,0.0047999999999999154,0.61,11613.98,5832.791
600794.SH,20080909,0.7932,0.7932,0.7759,0.7869,0.779,0.007900000000000018,1.0141,3603.3,1792.784
600794.SH,20080908,0.8296,0.847,0.7743,0.779,0.828,-0.04899999999999993,-5.9179,7860.34,3967.888
600794.SH,20080905,0.8707,0.8722,0.8201,0.828,0.8865,-0.058499999999999996,-6.599,4907.12,2646.58
600794.SH,20080904,0.8659,0.8944,0.8659,0.8865,0.877,0.009499999999999953,1.0832,4433.03,2482.799
600794.SH,20080903,0.8849,0.8849,0.8643,0.877,0.877,0.0,0.0,5363.03,2967.911
600794.SH,20080902,0.8691,0.888,0.8564,0.877,0.877,0.0,0.0,4564.37,2520.501
600794.SH,20080901,0.9007,0.9007,0.8722,0.877,0.8975,-0.020499999999999963,-2.2841,4054.02,2267.983
600794.SH,20080829,0.8896,0.9165,0.8738,0.8975,0.8801,0.01739999999999997,1.977,10882.51,6160.221
600794.SH,20080828,0.9007,0.9133,0.8454,0.8801,0.9007,-0.02059999999999995,-2.2871,4914.52,2759.977
600794.SH,20080827,0.8833,0.9149,0.8612,0.9007,0.907,-0.006300000000000083,-0.6946,11181.4,6318.413
600794.SH,20080826,0.8959,0.9133,0.8138,0.907,0.9023,0.0047000000000000375,0.5209,13802.98,7526.126
600794.SH,20080825,0.9054,0.926,0.8959,0.9023,0.9117,-0.009399999999999964,-1.031,3898.96,2245.51
600794.SH,20080822,0.9117,0.9354,0.8849,0.9117,0.9323,-0.020600000000000063,-2.2096,7160.38,4108.774
600794.SH,20080821,0.956,0.9829,0.9291,0.9323,0.9765,-0.04420000000000002,-4.5264,10974.68,6605.982
600794.SH,20080820,0.9086,0.9876,0.8722,0.9765,0.9086,0.06790000000000007,7.473,16256.59,9791.048
600794.SH,20080819,0.847,0.9323,0.847,0.9086,0.8833,0.02529999999999999,2.8643,7282.88,4153.124
600794.SH,20080818,0.9671,0.9734,0.8643,0.8833,0.9576,-0.07430000000000003,-7.759,11425.12,6757.31
600794.SH,20080815,0.9576,0.9813,0.9354,0.9576,0.9639,-0.006299999999999972,-0.6536,12790.02,7804.901
600794.SH,20080814,0.9497,0.9813,0.9038,0.9639,0.9497,0.01419999999999999,1.4952,12372.67,7499.944
600794.SH,20080813,0.956,0.9686,0.8722,0.9497,0.9686,-0.018900000000000028,-1.9513,23496.01,13564.155
600794.SH,20080812,0.9544,0.9702,0.9402,0.9686,0.9512,0.01739999999999997,1.8293,18493.29,11178.177
600794.SH,20080811,0.9481,0.986,0.937,0.9512,0.9591,-0.007899999999999907,-0.8237,35573.96,21482.64
600794.SH,20080808,0.9781,0.9781,0.9465,0.9591,0.975,-0.015900000000000025,-1.6308,24108.25,14612.32
600794.SH,20080807,0.9955,1.0239,0.9497,0.975,1.016,-0.041000000000000036,-4.0354,26291.87,16351.946
600794.SH,20080806,1.1061,1.1061,0.9923,1.016,1.1029,-0.08689999999999998,-7.8792,40621.68,26490.872
600794.SH,20080805,1.0982,1.1314,1.0808,1.1029,1.1014,0.0015000000000000568,0.1362,54916.45,38742.41
600794.SH,20080804,1.1029,1.1219,1.0682,1.1014,1.0982,0.0031999999999998696,0.2914,29427.12,20463.429
600794.SH,20080801,1.0808,1.1124,1.0555,1.0982,1.1014,-0.0031999999999998696,-0.2905,49135.27,33972.915
600794.SH,20080730,1.1014,1.1061,1.0682,1.1014,1.095,0.006399999999999961,0.5845,23963.34,16516.602
600794.SH,20080729,1.0824,1.1108,1.0603,1.095,1.0903,0.0046999999999999265,0.4311,29273.86,20196.011
600794.SH,20080728,1.0555,1.0935,1.0555,1.0903,1.054,0.0363,3.444,23624.13,16112.276
600794.SH,20080725,1.084,1.084,1.0382,1.054,1.0935,-0.03949999999999987,-3.6123,31213.01,20918.613
600794.SH,20080724,1.1045,1.1108,1.0698,1.0935,1.0887,0.0047999999999999154,0.4409,55886.11,38594.755
600794.SH,20080723,1.0666,1.1124,1.0382,1.0887,1.065,0.023700000000000054,2.2254,64532.9,44258.222
600794.SH,20080722,1.0429,1.0808,1.0145,1.065,1.0524,0.012599999999999945,1.1973,47193.17,31495.98
600794.SH,20080721,0.9702,1.0587,0.9576,1.0524,0.9686,0.08379999999999999,8.6517,51299.0,32623.097
600794.SH,20080718,0.9607,0.9718,0.9244,0.9686,0.9386,0.030000000000000027,3.1962,9128.8,5495.371
600794.SH,20080717,0.9481,0.9639,0.9165,0.9386,0.9323,0.006299999999999972,0.6757,8002.41,4775.506
600794.SH,20080716,0.956,0.986,0.9086,0.9323,0.9702,-0.037899999999999934,-3.9064,18808.46,11271.141
600794.SH,20080715,0.9781,1.0255,0.9607,0.9702,0.9765,-0.006300000000000083,-0.6452,14573.94,9056.374
600794.SH,20080714,0.956,0.9797,0.9544,0.9765,0.9544,0.02210000000000001,2.3156,8440.63,5174.421
600794.SH,20080711,0.9576,0.9797,0.9402,0.9544,0.9734,-0.019000000000000017,-1.9519,11331.51,6836.179
600794.SH,20080710,0.9844,1.0018,0.9655,0.9734,0.9829,-0.009499999999999953,-0.9665,28324.12,17741.037
600794.SH,20080709,0.9813,0.9939,0.9734,0.9829,0.9671,0.015800000000000036,1.6338,36759.94,22875.848
600794.SH,20080708,0.9433,0.9734,0.9212,0.9671,0.937,0.030099999999999905,3.2124,28901.99,17404.657
600794.SH,20080707,0.8975,0.9386,0.8912,0.937,0.8896,0.04740000000000011,5.3282,26547.73,15477.73
600794.SH,20080704,0.8865,0.9086,0.877,0.8896,0.9023,-0.012700000000000045,-1.4075,9406.1,5309.11
600794.SH,20080703,0.8628,0.9086,0.8549,0.9023,0.8675,0.03479999999999994,4.0115,10534.12,5952.74
600794.SH,20080702,0.8817,0.8817,0.8596,0.8675,0.8612,0.006300000000000083,0.7315,4998.26,2758.561
600794.SH,20080701,0.8691,0.8722,0.8406,0.8612,0.8533,0.007900000000000018,0.9258,5516.68,3002.962
600794.SH,20080630,0.8691,0.888,0.8406,0.8533,0.8754,-0.02210000000000001,-2.5246,5983.02,3264.627
600794.SH,20080627,0.9007,0.9181,0.8549,0.8754,0.9228,-0.0474,-5.1365,18402.88,10371.437
600794.SH,20080626,0.9102,0.9307,0.888,0.9228,0.9102,0.012599999999999945,1.3843,11096.31,6413.691
600794.SH,20080625,0.8833,0.9102,0.858,0.9102,0.8659,0.044300000000000006,5.1161,10230.12,5814.469
600794.SH,20080624,0.8406,0.8738,0.8312,0.8659,0.8406,0.02529999999999999,3.0098,6330.44,3439.477
600794.SH,20080623,0.8327,0.8754,0.8217,0.8406,0.847,-0.006399999999999961,-0.7556,3682.48,1973.955
600794.SH,20080620,0.8691,0.9117,0.8154,0.847,0.8454,0.0015999999999999348,0.1893,10581.37,5780.421
600794.SH,20080619,0.9244,0.9354,0.8454,0.8454,0.9386,-0.09319999999999995,-9.9297,9817.71,5528.73
600794.SH,20080618,0.8612,0.9449,0.8375,0.9386,0.8833,0.055300000000000016,6.2606,7926.35,4506.201
600794.SH,20080617,0.9433,0.9639,0.8738,0.8833,0.9639,-0.0806,-8.3619,7596.68,4469.114
600794.SH,20080616,0.9639,1.005,0.9212,0.9639,1.0018,-0.037900000000000045,-3.7832,10748.62,6495.696
600794.SH,20080613,1.0745,1.084,1.0018,1.0018,1.1124,-0.11060000000000003,-9.9425,31815.17,20599.089
600794.SH,20080612,1.1709,1.1946,1.0903,1.1124,1.1503,-0.037900000000000045,-3.2948,43993.71,32291.246
600794.SH,20080611,1.016,1.1503,1.016,1.1503,1.0461,0.10420000000000007,9.9608,24867.88,17678.862
600794.SH,20080610,1.1298,1.1377,1.0461,1.0461,1.163,-0.1169,-10.0516,10686.41,7298.738
600794.SH,20080606,1.1677,1.2009,1.1503,1.163,1.1693,-0.006299999999999972,-0.5388,9071.95,6764.688
600794.SH,20080605,1.1393,1.1851,1.1235,1.1693,1.1424,0.026899999999999924,2.3547,9089.98,6694.875
600794.SH,20080604,1.1345,1.1519,1.1108,1.1424,1.1377,0.0047000000000001485,0.4131,4749.94,3391.145
600794.SH,20080603,1.1409,1.1503,1.1219,1.1377,1.1472,-0.009500000000000064,-0.8281,3271.1,2350.275
600794.SH,20080602,1.1519,1.1519,1.1298,1.1472,1.1409,0.006299999999999972,0.5522,4148.21,2993.292
600794.SH,20080530,1.1377,1.1582,1.1235,1.1409,1.1409,0.0,0.0,4489.11,3233.116
600794.SH,20080529,1.1456,1.163,1.1187,1.1409,1.1567,-0.015800000000000036,-1.366,5478.5,3948.461
600794.SH,20080528,1.1377,1.1693,1.114,1.1567,1.1361,0.02059999999999995,1.8132,5232.26,3800.781
600794.SH,20080527,1.1108,1.1456,1.1061,1.1361,1.1187,0.017400000000000082,1.5554,3169.8,2258.56
600794.SH,20080526,1.163,1.1772,1.1156,1.1187,1.1772,-0.058499999999999996,-4.9694,6635.37,4799.916
600794.SH,20080523,1.1851,1.2167,1.1567,1.1772,1.2041,-0.026899999999999924,-2.234,12804.98,9604.274
600794.SH,20080522,1.1377,1.2341,1.1061,1.2041,1.1535,0.05059999999999998,4.3866,19316.86,14450.444
600794.SH,20080521,1.1219,1.1535,1.0761,1.1535,1.1172,0.0363,3.2492,8682.15,6159.212
600794.SH,20080520,1.1804,1.182,1.0587,1.1172,1.1693,-0.052100000000000035,-4.4557,9474.85,6884.767
600794.SH,20080519,1.1535,1.1788,1.1409,1.1693,1.1646,0.0046999999999999265,0.4036,4619.25,3396.093
600794.SH,20080516,1.2057,1.2167,1.1456,1.1646,1.2088,-0.04420000000000002,-3.6565,12187.52,9094.421
600794.SH,20080515,1.2388,1.2483,1.2041,1.2088,1.2357,-0.026899999999999924,-2.1769,13786.0,10690.897
600794.SH,20080514,1.2167,1.2452,1.2041,1.2357,1.2388,-0.0030999999999998806,-0.2502,14825.88,11482.329
600794.SH,20080513,1.1646,1.2483,1.1251,1.2388,1.193,0.04579999999999984,3.8391,28394.5,21753.917
600794.SH,20080512,1.1693,1.212,1.1503,1.193,1.182,0.01100000000000012,0.9306,16361.82,12342.59
600794.SH,20080509,1.1519,1.1851,1.1377,1.182,1.1519,0.030100000000000016,2.6131,14790.66,10878.873
600794.SH,20080508,1.1124,1.1551,1.1077,1.1519,1.1124,0.03949999999999987,3.5509,8381.8,6016.41
600794.SH,20080507,1.133,1.1614,1.1124,1.1124,1.1488,-0.03639999999999999,-3.1685,11958.4,8636.394
600794.SH,20080506,1.1835,1.1835,1.1472,1.1488,1.1851,-0.0363,-3.063,15475.24,11359.688
600794.SH,20080505,1.174,1.1993,1.1582,1.1851,1.1709,0.01419999999999999,1.2127,16827.19,12538.98
600794.SH,20080430,1.1409,1.1772,1.1377,1.1709,1.1409,0.030000000000000027,2.6295,18912.66,13867.896
600794.SH,20080429,1.1424,1.1519,1.1235,1.1409,1.1345,0.006399999999999961,0.5641,10402.66,7485.485
600794.SH,20080428,1.114,1.1424,1.1061,1.1345,1.1503,-0.015800000000000036,-1.3736,17570.47,12534.788
600794.SH,20080425,1.1835,1.2072,1.1377,1.1503,1.1108,0.03950000000000009,3.556,51449.45,38193.705
600794.SH,20080424,1.1108,1.1108,1.1108,1.1108,1.0097,0.10109999999999997,10.0129,4304.65,3026.169
600794.SH,20080423,0.9465,1.0097,0.9133,1.0097,0.9181,0.09160000000000001,9.9771,7487.79,4739.594
600794.SH,20080422,0.9212,0.9402,0.8454,0.9181,0.9291,-0.01100000000000001,-1.1839,6629.2,3797.104
600794.SH,20080418,1.0113,1.0113,0.9196,0.9291,1.0145,-0.08539999999999992,-8.4179,8540.0,5131.957
600794.SH,20080417,1.0919,1.0966,0.9844,1.0145,1.0729,-0.05840000000000001,-5.4432,6397.02,4253.729
600794.SH,20080416,1.0966,1.0998,1.0634,1.0729,1.0998,-0.026900000000000146,-2.4459,2902.18,1983.632
600794.SH,20080415,1.0682,1.1172,1.0476,1.0998,1.0634,0.03640000000000021,3.423,4335.4,2959.445
600794.SH,20080414,1.1298,1.1472,1.0524,1.0634,1.1472,-0.0838000000000001,-7.3047,5779.37,3992.144
600794.SH,20080411,1.1424,1.1756,1.1251,1.1472,1.1424,0.0047999999999999154,0.4202,5966.93,4347.475
600794.SH,20080410,1.0666,1.1535,1.0666,1.1424,1.1014,0.04100000000000015,3.7225,8737.14,6243.846
600794.SH,20080409,1.144,1.1661,1.0919,1.1014,1.144,-0.04259999999999997,-3.7238,14531.35,10520.828
600794.SH,20080408,1.144,1.1661,1.1345,1.144,1.1424,0.0015999999999998238,0.1401,7566.65,5488.028
600794.SH,20080407,1.0903,1.1519,1.0619,1.1424,1.095,0.04740000000000011,4.3288,8288.32,5903.45
600794.SH,20080403,1.0713,1.1156,1.0113,1.095,1.0729,0.02210000000000001,2.0598,7856.34,5255.578
600794.SH,20080402,1.1424,1.1851,1.0192,1.0729,1.133,-0.06010000000000004,-5.3045,10202.47,7030.441
600794.SH,20080401,1.2009,1.2294,1.1235,1.133,1.2136,-0.0806,-6.6414,12961.61,9649.087
600794.SH,20080331,1.2641,1.2799,1.212,1.2136,1.2941,-0.08050000000000002,-6.2205,8328.0,6562.94
600794.SH,20080328,1.2309,1.2957,1.1851,1.2941,1.2641,0.030000000000000027,2.3732,10863.56,8684.914
600794.SH,20080327,1.2783,1.2957,1.2436,1.2641,1.2799,-0.015800000000000036,-1.2345,16021.45,12868.389
600794.SH,20080326,1.3289,1.351,1.272,1.2799,1.3289,-0.04899999999999993,-3.6873,12815.62,10518.548
600794.SH,20080325,1.2815,1.3305,1.2625,1.3289,1.2973,0.03160000000000007,2.4358,9177.67,7560.637
600794.SH,20080324,1.3115,1.3542,1.2957,1.2973,1.3115,-0.014200000000000212,-1.0827,10473.17,8795.1
600794.SH,20080321,1.3115,1.34,1.2973,1.3115,1.3242,-0.012699999999999934,-0.9591,11666.75,9726.678
600794.SH,20080320,1.2483,1.3463,1.2246,1.3242,1.2878,0.03639999999999999,2.8265,23260.68,19154.095
600794.SH,20080319,1.193,1.291,1.193,1.2878,1.174,0.11380000000000012,9.6934,12190.7,9619.443
600794.SH,20080318,1.2325,1.2989,1.1393,1.174,1.2246,-0.05059999999999998,-4.132,16479.4,12829.296
600794.SH,20080317,1.3384,1.3494,1.2215,1.2246,1.3542,-0.12960000000000016,-9.5702,15430.92,12545.68
600794.SH,20080314,1.3621,1.3826,1.3415,1.3542,1.3621,-0.007900000000000018,-0.58,6850.69,5892.283
600794.SH,20080313,1.4063,1.4221,1.3163,1.3621,1.43,-0.06789999999999985,-4.7483,16696.29,14494.984
600794.SH,20080312,1.4553,1.4695,1.4111,1.43,1.4332,-0.0032000000000000917,-0.2233,18779.78,17135.969
600794.SH,20080311,1.3826,1.4348,1.3684,1.4332,1.3984,0.03479999999999994,2.4886,13462.28,11961.668
600794.SH,20080310,1.4063,1.4553,1.381,1.3984,1.4237,-0.025299999999999878,-1.7771,22342.7,20201.778
600794.SH,20080307,1.4537,1.4616,1.3921,1.4237,1.4711,-0.04740000000000011,-3.2221,24745.65,22340.144
600794.SH,20080306,1.4664,1.558,1.4553,1.4711,1.4537,0.017400000000000082,1.1969,54727.73,51937.761
600794.SH,20080305,1.4063,1.4537,1.4063,1.4537,1.4095,0.04420000000000002,3.1359,33955.14,30873.521
600794.SH,20080304,1.4111,1.4616,1.4,1.4095,1.419,-0.009500000000000064,-0.6695,40451.57,36818.802
600794.SH,20080303,1.3637,1.4221,1.3637,1.419,1.3842,0.03479999999999994,2.5141,30036.1,26770.218
600794.SH,20080229,1.3747,1.3905,1.351,1.3842,1.3652,0.019000000000000128,1.3917,16900.65,14734.08
600794.SH,20080228,1.3795,1.3889,1.3526,1.3652,1.3731,-0.007900000000000018,-0.5753,16305.53,14166.964
600794.SH,20080227,1.3242,1.3747,1.3163,1.3731,1.3242,0.048899999999999944,3.6928,20493.53,17608.653
600794.SH,20080226,1.3242,1.3415,1.2831,1.3242,1.2941,0.030100000000000016,2.3259,12384.22,10257.452
600794.SH,20080225,1.3463,1.3637,1.2815,1.2941,1.3463,-0.052200000000000024,-3.8773,13576.49,11324.022
600794.SH,20080222,1.3637,1.3795,1.3178,1.3463,1.3716,-0.025299999999999878,-1.8446,18172.88,15547.231
600794.SH,20080221,1.3289,1.3747,1.2989,1.3716,1.3273,0.044300000000000006,3.3376,22573.34,19223.416
600794.SH,20080220,1.34,1.351,1.321,1.3273,1.3368,-0.009500000000000064,-0.7107,17970.63,15197.848
600794.SH,20080219,1.3352,1.3431,1.3131,1.3368,1.3178,0.018999999999999906,1.4418,17380.92,14644.542
600794.SH,20080218,1.3036,1.3479,1.2989,1.3178,1.2989,0.01890000000000014,1.4551,26427.35,22169.728
600794.SH,20080215,1.2957,1.3036,1.2499,1.2989,1.302,-0.0031000000000001027,-0.2381,12009.61,9697.278
600794.SH,20080214,1.2625,1.3115,1.2625,1.302,1.2625,0.03950000000000009,3.1287,16731.18,13697.699
600794.SH,20080213,1.2768,1.2847,1.2404,1.2625,1.2831,-0.02059999999999995,-1.6055,10156.96,8134.184
600794.SH,20080205,1.2673,1.2957,1.2373,1.2831,1.2862,-0.0031000000000001027,-0.241,17272.46,13865.005
600794.SH,20080204,1.2199,1.2894,1.2199,1.2862,1.1835,0.10270000000000001,8.6777,17830.12,14273.86
600794.SH,20080201,1.2167,1.2467,1.1203,1.1835,1.2357,-0.052200000000000024,-4.2243,21860.22,16224.443
600794.SH,20080131,1.3194,1.3415,1.2325,1.2357,1.3558,-0.12009999999999987,-8.8582,33034.8,26928.616
600794.SH,20080130,1.37,1.4174,1.3242,1.3558,1.2957,0.06009999999999982,4.6384,93110.89,80342.206
600794.SH,20080129,1.1851,1.2957,1.1788,1.2957,1.1772,0.11850000000000005,10.0663,30879.3,25000.442
600794.SH,20080128,1.3084,1.3163,1.1772,1.1772,1.3084,-0.13119999999999998,-10.0275,27228.5,20862.408
600794.SH,20080125,1.3036,1.3289,1.2973,1.3084,1.3084,0.0,0.0,13893.94,11557.872
600794.SH,20080124,1.2957,1.3368,1.272,1.3084,1.2894,0.018999999999999906,1.4736,18546.77,15352.282
600794.SH,20080123,1.2294,1.3036,1.2104,1.2894,1.2357,0.05370000000000008,4.3457,18550.3,14896.022
600794.SH,20080122,1.3652,1.3652,1.2357,1.2357,1.3731,-0.13739999999999997,-10.0066,22838.51,18570.982
600794.SH,20080121,1.3826,1.4142,1.3605,1.3731,1.3747,-0.0016000000000000458,-0.1164,28144.83,24755.102
600794.SH,20080118,1.3589,1.3874,1.3431,1.3747,1.3542,0.020499999999999963,1.5138,22615.47,19585.176
600794.SH,20080117,1.4095,1.4348,1.2957,1.3542,1.419,-0.06479999999999997,-4.5666,27684.43,24156.997
600794.SH,20080116,1.4695,1.4695,1.4174,1.419,1.4616,-0.04259999999999997,-2.9146,28696.2,26013.385
600794.SH,20080115,1.4474,1.4711,1.4348,1.4616,1.4458,0.015800000000000036,1.0928,29218.07,26884.175
600794.SH,20080114,1.3969,1.4474,1.3969,1.4458,1.4063,0.03949999999999987,2.8088,27211.92,24663.11
600794.SH,20080111,1.4316,1.4348,1.3874,1.4063,1.4316,-0.025299999999999878,-1.7673,20780.67,18444.588
600794.SH,20080110,1.4316,1.4601,1.3953,1.4316,1.4237,0.007900000000000018,0.5549,26979.52,24439.575
600794.SH,20080109,1.3874,1.43,1.3874,1.4237,1.4016,0.02210000000000001,1.5768,22608.21,20201.594
600794.SH,20080108,1.4838,1.4885,1.3763,1.4016,1.4822,-0.0806,-5.4379,35606.22,32297.325
600794.SH,20080107,1.4569,1.509,1.4348,1.4822,1.449,0.033199999999999896,2.2912,36000.28,33489.868
600794.SH,20080104,1.4838,1.4901,1.4411,1.449,1.4853,-0.0363,-2.444,24428.69,22520.127
600794.SH,20080103,1.4411,1.5059,1.4142,1.4853,1.4253,0.06000000000000005,4.2096,58799.65,54678.185
600794.SH,20080102,1.3779,1.4332,1.3763,1.4253,1.3779,0.04740000000000011,3.44,35275.76,31590.839
600794.SH,20071228,1.3984,1.4142,1.3684,1.3779,1.3984,-0.020500000000000185,-1.466,26340.89,23031.462
600794.SH,20071227,1.419,1.4553,1.3969,1.3984,1.4206,-0.022199999999999998,-1.5627,40472.94,36458.598
600794.SH,20071226,1.3921,1.4253,1.3684,1.4206,1.3858,0.034800000000000164,2.5112,43945.21,38623.138
600794.SH,20071225,1.3953,1.4158,1.3621,1.3858,1.3826,0.0031999999999998696,0.2314,36406.54,31972.24
600794.SH,20071221,1.3763,1.4063,1.3526,1.3826,1.3826,0.0,0.0,40901.39,35604.773
600794.SH,20071220,1.3747,1.4016,1.3368,1.3826,1.3937,-0.011099999999999888,-0.7964,50337.69,43768.248
600794.SH,20071219,1.2957,1.4063,1.2957,1.3937,1.2783,0.11539999999999995,9.0276,116462.96,101035.712
600794.SH,20071218,1.302,1.3305,1.2657,1.2783,1.3068,-0.02849999999999997,-2.1809,21866.67,18016.199
600794.SH,20071217,1.291,1.3163,1.261,1.3068,1.291,0.015800000000000036,1.2239,31337.67,25620.026
600794.SH,20071214,1.272,1.2989,1.2325,1.291,1.2926,-0.0016000000000000458,-0.1238,26828.24,21508.248
600794.SH,20071213,1.2941,1.3273,1.2673,1.2926,1.3036,-0.01100000000000012,-0.8438,36574.92,29916.384
600794.SH,20071212,1.3084,1.3384,1.2878,1.3036,1.3084,-0.0047999999999999154,-0.3669,29943.05,24889.727
600794.SH,20071211,1.2957,1.321,1.2736,1.3084,1.2957,0.012699999999999934,0.9802,38944.64,32097.535
600794.SH,20071210,1.2641,1.3036,1.261,1.2957,1.2878,0.007900000000000018,0.6134,40087.0,32658.686
600794.SH,20071207,1.2878,1.3115,1.2594,1.2878,1.3005,-0.012699999999999934,-0.9765,49143.24,39823.136
600794.SH,20071206,1.2483,1.3384,1.2215,1.3005,1.2546,0.04590000000000005,3.6585,115535.98,94337.93
600794.SH,20071205,1.1567,1.261,1.1488,1.2546,1.1725,0.08209999999999984,7.0021,74214.04,57168.661
600794.SH,20071204,1.1298,1.2009,1.1187,1.1725,1.1298,0.04270000000000018,3.7794,42965.58,31747.975
600794.SH,20071203,1.1093,1.1424,1.1061,1.1298,1.1061,0.023699999999999832,2.1427,9301.52,6641.174
600794.SH,20071130,1.1172,1.1251,1.095,1.1061,1.114,-0.007900000000000018,-0.7092,9292.74,6527.444
600794.SH,20071129,1.1045,1.1282,1.095,1.114,1.095,0.019000000000000128,1.7352,14447.96,10202.915
600794.SH,20071128,1.1029,1.1124,1.0871,1.095,1.1029,-0.007900000000000018,-0.7163,4681.0,3258.169
600794.SH,20071127,1.0666,1.1061,1.0587,1.1029,1.0792,0.023700000000000054,2.1961,9717.76,6685.721
600794.SH,20071126,1.0982,1.1061,1.0729,1.0792,1.0871,-0.007900000000000018,-0.7267,9621.07,6630.335
600794.SH,20071123,1.0508,1.0887,1.0508,1.0871,1.0682,0.018899999999999917,1.7693,6653.94,4514.191
600794.SH,20071122,1.0998,1.1077,1.0587,1.0682,1.1093,-0.041099999999999914,-3.705,12306.31,8474.326
600794.SH,20071121,1.1361,1.1424,1.1077,1.1093,1.133,-0.023700000000000054,-2.0918,15153.39,10791.175
600794.SH,20071120,1.1377,1.1424,1.1251,1.133,1.1345,-0.0015000000000000568,-0.1322,15338.24,11024.279
600794.SH,20071119,1.1219,1.1393,1.1077,1.1345,1.1093,0.02520000000000011,2.2717,16506.57,11784.151
600794.SH,20071116,1.0856,1.1093,1.0824,1.1093,1.1014,0.007900000000000018,0.7173,5772.71,3999.857
600794.SH,20071115,1.1219,1.1393,1.0919,1.1014,1.1251,-0.023700000000000054,-2.1065,14747.4,10394.824
600794.SH,20071114,1.1187,1.1377,1.1061,1.1251,1.1045,0.02059999999999995,1.8651,12445.58,8831.983
600794.SH,20071113,1.0856,1.1266,1.0856,1.1045,1.0903,0.01419999999999999,1.3024,14198.17,9967.01
600794.SH,20071112,1.0619,1.095,1.0603,1.0903,1.0808,0.009500000000000064,0.879,5736.14,3930.227
600794.SH,20071109,1.0871,1.095,1.0587,1.0808,1.0871,-0.006299999999999972,-0.5795,5381.09,3664.637
600794.SH,20071108,1.0998,1.114,1.0761,1.0871,1.0982,-0.01110000000000011,-1.0107,8267.78,5729.59
600794.SH,20071107,1.0935,1.1061,1.0729,1.0982,1.095,0.0032000000000000917,0.2922,4965.67,3420.853
600794.SH,20071106,1.0824,1.1061,1.0761,1.095,1.0887,0.006299999999999972,0.5787,7742.43,5374.112
600794.SH,20071105,1.0271,1.0935,1.0271,1.0887,1.0461,0.04259999999999997,4.0723,10196.5,6943.019
600794.SH,20071102,1.0634,1.0634,1.0287,1.0461,1.0634,-0.01729999999999987,-1.6269,7858.44,5200.161
600794.SH,20071101,1.1235,1.1251,1.0619,1.0634,1.1203,-0.05690000000000017,-5.079,8569.0,5892.875
600794.SH,20071031,1.1045,1.1298,1.0808,1.1203,1.0856,0.034700000000000175,3.1964,13777.05,9680.559
600794.SH,20071030,1.0713,1.095,1.0555,1.0856,1.0666,0.018999999999999906,1.7814,8867.7,6031.66
600794.SH,20071029,1.0587,1.0777,1.0318,1.0666,1.0587,0.007900000000000018,0.7462,11204.71,7530.232
600794.SH,20071026,1.0176,1.0666,1.0097,1.0587,1.0303,0.02839999999999998,2.7565,15871.09,10433.463
600794.SH,20071025,1.114,1.1251,1.0192,1.0303,1.133,-0.10270000000000001,-9.0644,18804.6,12518.889
600794.SH,20071024,1.1946,1.1946,1.1298,1.133,1.1851,-0.052100000000000035,-4.3963,8808.75,6503.608
600794.SH,20071023,1.1772,1.193,1.163,1.1851,1.1772,0.007900000000000018,0.6711,10554.76,7863.142
600794.SH,20071022,1.2325,1.2325,1.1567,1.1772,1.2325,-0.055299999999999905,-4.4868,10519.3,7963.284
600794.SH,20071019,1.242,1.2625,1.2278,1.2325,1.2499,-0.017400000000000082,-1.3921,9085.43,7133.907
600794.SH,20071018,1.2926,1.2941,1.2404,1.2499,1.2878,-0.037900000000000045,-2.943,11899.68,9444.771
600794.SH,20071017,1.2894,1.3036,1.2768,1.2878,1.2799,0.007900000000000018,0.6172,17508.88,14311.473
600794.SH,20071016,1.2894,1.2894,1.2452,1.2799,1.2657,0.01419999999999999,1.1219,8962.82,7175.987
600794.SH,20071015,1.2783,1.2989,1.2199,1.2657,1.291,-0.025299999999999878,-1.9597,14489.84,11441.961
600794.SH,20071012,1.3621,1.3621,1.2199,1.291,1.3558,-0.06479999999999997,-4.7795,24691.58,19933.661
600794.SH,20071011,1.3905,1.3953,1.3273,1.3558,1.3905,-0.034700000000000175,-2.4955,25460.98,21916.079
600794.SH,20071010,1.3479,1.419,1.3336,1.3905,1.3415,0.049000000000000155,3.6526,62019.89,54095.16
600794.SH,20071009,1.2894,1.3431,1.2894,1.3415,1.2989,0.04259999999999997,3.2797,17270.38,14397.693
600794.SH,20071008,1.3099,1.3178,1.2815,1.2989,1.2989,0.0,0.0,16579.96,13621.325
600794.SH,20070928,1.2894,1.3115,1.2878,1.2989,1.2815,0.01739999999999986,1.3578,13040.32,10702.042
600794.SH,20070927,1.2768,1.2957,1.2641,1.2815,1.2736,0.007900000000000018,0.6203,11306.75,9136.933
600794.SH,20070926,1.3431,1.3431,1.261,1.2736,1.3273,-0.05369999999999986,-4.0458,15335.09,12561.733
600794.SH,20070925,1.3447,1.3652,1.3178,1.3273,1.34,-0.012700000000000156,-0.9478,15913.03,13551.183
600794.SH,20070921,1.3558,1.3874,1.3115,1.34,1.351,-0.010999999999999899,-0.8142,25200.81,21679.056
600794.SH,20070920,1.3273,1.3573,1.3194,1.351,1.3226,0.02839999999999998,2.1473,18386.66,15579.601
600794.SH,20070919,1.3589,1.3684,1.3194,1.3226,1.3621,-0.03950000000000009,-2.8999,20067.82,16984.711
600794.SH,20070918,1.3558,1.3716,1.3289,1.3621,1.3558,0.006300000000000194,0.4647,22358.33,19145.32
600794.SH,20070917,1.3036,1.3668,1.302,1.3558,1.3163,0.03949999999999987,3.0008,27194.92,23050.427
600794.SH,20070914,1.3005,1.3273,1.2768,1.3163,1.2894,0.026899999999999924,2.0862,19162.28,15853.371
600794.SH,20070913,1.2847,1.2957,1.2641,1.2894,1.2815,0.007900000000000018,0.6165,15664.78,12704.332
600794.SH,20070912,1.2531,1.2878,1.2183,1.2815,1.2531,0.02839999999999998,2.2664,21111.27,16763.457
600794.SH,20070911,1.3494,1.3716,1.2167,1.2531,1.3494,-0.09629999999999983,-7.1365,28178.17,23948.072
600794.SH,20070910,1.3273,1.3494,1.2957,1.3494,1.321,0.02839999999999998,2.1499,23097.03,19315.04
600794.SH,20070907,1.3779,1.3921,1.3178,1.321,1.3921,-0.07109999999999994,-5.1074,35888.28,30426.88
600794.SH,20070906,1.3905,1.4111,1.3779,1.3921,1.3984,-0.006300000000000194,-0.4505,24970.59,22017.824
600794.SH,20070905,1.4221,1.4221,1.3542,1.3984,1.4364,-0.03799999999999981,-2.6455,40243.76,35304.629
600794.SH,20070904,1.4111,1.5122,1.4063,1.4364,1.4063,0.030099999999999794,2.1404,63393.49,58813.971
600794.SH,20070903,1.4032,1.4221,1.3905,1.4063,1.4,0.006300000000000194,0.45,40526.42,36062.28
600794.SH,20070831,1.419,1.43,1.3668,1.4,1.4174,-0.017400000000000082,-1.2276,46818.61,41552.32
600794.SH,20070830,1.3352,1.4537,1.3194,1.4174,1.3589,0.058499999999999996,4.305,82385.02,73678.792
600794.SH,20070829,1.2641,1.3716,1.2562,1.3589,1.2641,0.0948,7.4994,94341.84,79929.528
600794.SH,20070828,1.2862,1.2862,1.2388,1.2641,1.2878,-0.023700000000000054,-1.8403,25152.65,19997.964
600794.SH,20070827,1.3115,1.3257,1.2483,1.2878,1.3036,-0.015800000000000036,-1.212,42910.49,35006.023
600794.SH,20070824,1.2862,1.3273,1.2752,1.3036,1.2783,0.0253000000000001,1.9792,43494.39,35683.063
600794.SH,20070823,1.2799,1.2799,1.2499,1.2783,1.2641,0.01419999999999999,1.1233,34703.37,27854.907
600794.SH,20070822,1.2199,1.2894,1.2057,1.2641,1.2404,0.023700000000000054,1.9107,44448.45,35673.636
600794.SH,20070821,1.2531,1.2594,1.2246,1.2404,1.2483,-0.007900000000000018,-0.6329,25308.26,19880.279
600794.SH,20070820,1.2357,1.2499,1.2183,1.2483,1.2025,0.04580000000000006,3.8087,40169.44,31365.724
600794.SH,20070817,1.1993,1.2325,1.1978,1.2025,1.1978,0.0046999999999999265,0.3924,35696.57,27469.743
600794.SH,20070816,1.1551,1.2025,1.1456,1.1978,1.1693,0.02849999999999997,2.4374,16385.94,12235.931
600794.SH,20070815,1.1899,1.1993,1.1393,1.1693,1.1899,-0.02059999999999995,-1.7312,11691.04,8610.947
600794.SH,20070814,1.1535,1.1962,1.1535,1.1899,1.1535,0.03639999999999999,3.1556,16924.94,12626.627
600794.SH,20070813,1.1298,1.1677,1.1266,1.1535,1.1409,0.012599999999999945,1.1044,13063.59,9459.529
600794.SH,20070810,1.193,1.193,1.1156,1.1409,1.182,-0.041099999999999914,-3.4772,13868.08,10042.834
600794.SH,20070809,1.1772,1.2009,1.163,1.182,1.1661,0.015900000000000025,1.3635,10783.26,8070.425
600794.SH,20070808,1.1899,1.2009,1.1108,1.1661,1.2088,-0.04270000000000018,-3.5324,19015.31,14088.373
600794.SH,20070807,1.2483,1.2562,1.2057,1.2088,1.2436,-0.03479999999999994,-2.7983,18631.55,14425.082
600794.SH,20070806,1.2325,1.2467,1.2151,1.2436,1.2057,0.037900000000000045,3.1434,21533.03,16818.602
600794.SH,20070803,1.2025,1.2467,1.2009,1.2057,1.1978,0.007900000000000018,0.6595,22368.56,17251.453
600794.SH,20070802,1.163,1.2151,1.163,1.1978,1.1756,0.022199999999999998,1.8884,20469.13,15451.151
600794.SH,20070801,1.2847,1.2941,1.1677,1.1756,1.2799,-0.10430000000000006,-8.1491,30482.1,23808.118
600794.SH,20070731,1.2625,1.2847,1.2388,1.2799,1.2546,0.0253000000000001,2.0166,29512.07,23617.626
600794.SH,20070730,1.2452,1.2689,1.2309,1.2546,1.2325,0.02210000000000001,1.7931,34863.02,27692.618
600794.SH,20070727,1.2088,1.2325,1.1772,1.2325,1.2136,0.018899999999999917,1.5574,25193.29,19340.27
600794.SH,20070726,1.2041,1.2404,1.1867,1.2136,1.1946,0.018999999999999906,1.5905,23629.71,18131.106
600794.SH,20070725,1.1361,1.1978,1.1361,1.1946,1.144,0.0506000000000002,4.4231,23556.02,17574.066
600794.SH,20070724,1.1661,1.182,1.1424,1.144,1.1598,-0.015800000000000036,-1.3623,27192.81,20029.846
600794.SH,20070723,1.0935,1.1693,1.0935,1.1598,1.1203,0.03949999999999987,3.5258,41459.42,30092.008
600794.SH,20070720,1.0397,1.1409,1.0318,1.1203,1.0366,0.08370000000000011,8.0745,36834.55,26004.56
600794.SH,20070719,1.0081,1.0413,1.0081,1.0366,1.0334,0.0031999999999998696,0.3097,5668.77,3687.926
600794.SH,20070718,1.0413,1.0555,1.0239,1.0334,1.0413,-0.007899999999999796,-0.7587,6538.4,4291.198
600794.SH,20070717,0.9987,1.0429,0.9923,1.0413,0.9987,0.04259999999999986,4.2655,8011.71,5208.619
600794.SH,20070716,1.0777,1.095,0.9987,0.9987,1.095,-0.09629999999999994,-8.7945,11600.59,7667.909
600794.SH,20070713,1.1187,1.1187,1.0745,1.095,1.1156,-0.02059999999999995,-1.8465,8806.48,6079.731
600794.SH,20070712,1.1061,1.1251,1.0871,1.1156,1.1077,0.007900000000000018,0.7132,12898.07,9090.407
600794.SH,20070711,1.1045,1.1187,1.0777,1.1077,1.1172,-0.009500000000000064,-0.8503,11207.34,7806.026
600794.SH,20070710,1.1219,1.1361,1.0555,1.1172,1.1424,-0.02520000000000011,-2.2059,23038.96,15983.006
600794.SH,20070709,1.1519,1.1788,1.1187,1.1424,1.1377,0.0047000000000001485,0.4131,37834.88,27460.597
600794.SH,20070706,1.0666,1.1456,1.0555,1.1377,1.0634,0.07430000000000003,6.987,23208.72,16231.205
600794.SH,20070705,1.1029,1.1124,1.0255,1.0634,1.1187,-0.05530000000000013,-4.9432,18011.33,12209.935
600794.SH,20070704,1.1377,1.182,1.1077,1.1187,1.1393,-0.02059999999999995,-1.8081,45574.38,33197.189
600794.SH,20070703,1.0318,1.1393,1.0097,1.1393,1.035,0.10430000000000006,10.0773,36746.48,25194.162
600794.SH,20070702,0.9844,1.0461,0.9639,1.035,0.9876,0.04739999999999989,4.7995,20340.86,12999.717
600794.SH,20070629,1.0287,1.0397,0.9876,0.9876,1.0966,-0.10899999999999999,-9.9398,30304.51,19198.134
600794.SH,20070628,1.1946,1.2167,1.0966,1.0966,1.2183,-0.12169999999999992,-9.9893,28189.29,20441.323
600794.SH,20070627,1.2088,1.2515,1.1393,1.2183,1.1978,0.020499999999999963,1.7115,29210.9,22363.609
600794.SH,20070626,1.2009,1.2594,1.1978,1.1978,1.3305,-0.13270000000000004,-9.9737,20643.46,15724.758
600794.SH,20070622,1.3637,1.3905,1.2689,1.3305,1.3652,-0.03469999999999995,-2.5418,43523.11,37199.128
600794.SH,20070621,1.3036,1.37,1.2831,1.3652,1.3131,0.052100000000000035,3.9677,33486.3,28079.022
600794.SH,20070620,1.3589,1.4032,1.3005,1.3131,1.3542,-0.041100000000000136,-3.035,51011.73,44130.883
600794.SH,20070619,1.3273,1.3589,1.2957,1.3542,1.3273,0.026900000000000146,2.0267,37344.42,31685.721
600794.SH,20070618,1.2894,1.3352,1.2831,1.3273,1.2847,0.04259999999999997,3.3159,44372.47,36744.741
600794.SH,20070615,1.2957,1.3431,1.2657,1.2847,1.321,-0.0363,-2.7479,24069.74,19783.441
600794.SH,20070614,1.3684,1.3731,1.2957,1.321,1.3858,-0.06479999999999997,-4.676,32887.56,27892.994
600794.SH,20070613,1.3036,1.3921,1.2831,1.3858,1.302,0.08379999999999987,6.4363,55197.98,47272.922
600794.SH,20070612,1.2847,1.3084,1.1867,1.302,1.2815,0.020499999999999963,1.5997,38877.09,31123.012
600794.SH,20070611,1.2941,1.3068,1.2689,1.2815,1.2941,-0.012599999999999945,-0.9736,38889.1,31601.259
600794.SH,20070608,1.3163,1.3305,1.2799,1.2941,1.2957,-0.0016000000000000458,-0.1235,53607.35,44233.618
600794.SH,20070607,1.2009,1.302,1.1867,1.2957,1.2341,0.0616000000000001,4.9915,62378.32,50137.735
600794.SH,20070606,1.1661,1.2625,1.1614,1.2341,1.1551,0.07899999999999996,6.8392,51443.14,39761.088
600794.SH,20070605,1.1219,1.1661,1.0824,1.1551,1.2025,-0.04739999999999989,-3.9418,55667.45,39120.336
600794.SH,20070604,1.2878,1.2878,1.2025,1.2025,1.3352,-0.13270000000000004,-9.9386,30812.09,23732.517
600794.SH,20070601,1.4537,1.5248,1.3352,1.3352,1.4838,-0.14860000000000007,-10.0148,39370.98,34661.491
600794.SH,20070531,1.588,1.6402,1.4838,1.4838,1.6481,-0.1642999999999999,-9.9691,40374.72,38424.563
600794.SH,20070530,1.675,1.7808,1.6481,1.6481,1.8314,-0.18330000000000002,-10.0087,55739.61,59914.037
600794.SH,20070529,1.8267,1.8709,1.7998,1.8314,1.8393,-0.007900000000000018,-0.4295,58567.09,68065.978
600794.SH,20070528,1.7571,1.8804,1.7571,1.8393,1.7603,0.07899999999999996,4.4879,84491.73,97270.025
600794.SH,20070525,1.765,1.7856,1.7413,1.7603,1.7666,-0.006299999999999972,-0.3566,37303.75,41644.259
600794.SH,20070524,1.8393,1.8488,1.6987,1.7666,1.8314,-0.06479999999999997,-3.5383,56972.15,63786.42
600794.SH,20070523,1.7698,1.8361,1.754,1.8314,1.754,0.07739999999999991,4.4128,64593.13,73456.764
600794.SH,20070522,1.7366,1.7777,1.7176,1.754,1.7176,0.03639999999999999,2.1192,56664.98,62644.376
600794.SH,20070521,1.6291,1.735,1.6118,1.7176,1.7113,0.006299999999999972,0.3681,33185.84,35484.035
600794.SH,20070518,1.7619,1.7619,1.6987,1.7113,1.7555,-0.04420000000000002,-2.5178,27887.43,30436.341
600794.SH,20070517,1.7382,1.7998,1.7382,1.7555,1.7271,0.02839999999999998,1.6444,35021.88,39083.733
600794.SH,20070516,1.7034,1.7619,1.6434,1.7271,1.7034,0.023700000000000054,1.3913,28975.56,31179.558
600794.SH,20070515,1.7998,1.8014,1.6908,1.7034,1.8029,-0.09949999999999992,-5.5189,55558.33,61358.302
600794.SH,20070514,1.7777,1.8946,1.7397,1.8029,1.7555,0.04739999999999989,2.7001,93538.39,107256.918
600794.SH,20070511,1.7303,1.7935,1.6623,1.7555,1.6607,0.0948,5.7084,143049.01,155703.592
600794.SH,20070510,1.6038,1.6686,1.5643,1.6607,1.6023,0.05840000000000001,3.6448,78043.38,80026.718
600794.SH,20070509,1.6197,1.6434,1.5327,1.6023,1.6165,-0.01419999999999999,-0.8784,50226.79,50938.884
600794.SH,20070508,1.5801,1.6402,1.5533,1.6165,1.5533,0.06320000000000014,4.0688,57291.67,57751.408
600794.SH,20070430,1.5011,1.5991,1.5011,1.5533,1.4996,0.05369999999999986,3.581,39149.61,38577.686
600794.SH,20070427,1.5375,1.5375,1.4711,1.4996,1.5406,-0.040999999999999925,-2.6613,34868.67,33159.216
600794.SH,20070426,1.4411,1.5438,1.4411,1.5406,1.4379,0.10270000000000001,7.1424,63536.93,60036.492
600794.SH,20070425,1.4237,1.4522,1.3763,1.4379,1.4285,0.009399999999999853,0.658,43112.75,38695.897
600794.SH,20070424,1.4348,1.4537,1.3937,1.4285,1.4221,0.006400000000000183,0.45,53487.66,48282.035
600794.SH,20070423,1.351,1.4411,1.351,1.4221,1.3447,0.07739999999999991,5.7559,63290.55,55596.29
600794.SH,20070420,1.2878,1.3526,1.2878,1.3447,1.2736,0.07109999999999994,5.5826,35551.43,30066.635
600794.SH,20070419,1.3716,1.3716,1.2388,1.2736,1.3716,-0.09799999999999986,-7.1449,42059.03,35102.058
600794.SH,20070418,1.3368,1.3842,1.3242,1.3716,1.3589,0.012699999999999934,0.9346,69344.41,59434.549
600794.SH,20070417,1.3036,1.3747,1.2641,1.3589,1.2878,0.07109999999999994,5.521,79599.48,65970.009
600794.SH,20070416,1.2373,1.3036,1.2373,1.2878,1.2625,0.0253000000000001,2.004,59668.48,48474.88
600794.SH,20070413,1.2594,1.3099,1.2531,1.2625,1.2578,0.0046999999999999265,0.3737,53563.52,43608.861
600794.SH,20070412,1.2325,1.2578,1.2246,1.2578,1.2373,0.020499999999999963,1.6568,31699.6,25010.071
600794.SH,20070411,1.2546,1.2546,1.2136,1.2373,1.2625,-0.02519999999999989,-1.996,23397.58,18386.756
600794.SH,20070410,1.2325,1.2926,1.1867,1.2625,1.2404,0.02210000000000001,1.7817,45199.48,35065.267
600794.SH,20070409,1.2594,1.3068,1.2325,1.2404,1.2673,-0.026900000000000146,-2.1226,41161.61,32643.988
600794.SH,20070406,1.1851,1.2799,1.182,1.2673,1.2057,0.0616000000000001,5.1091,59518.78,46878.998
600794.SH,20070405,1.1883,1.2104,1.1693,1.2057,1.1851,0.02059999999999995,1.7382,30597.97,23094.854
600794.SH,20070404,1.1535,1.193,1.1472,1.1851,1.1535,0.03160000000000007,2.7395,50843.65,37854.562
600794.SH,20070403,1.1488,1.1614,1.1456,1.1535,1.1519,0.0016000000000000458,0.1389,30508.03,22220.604
600794.SH,20070402,1.1203,1.163,1.1061,1.1519,1.1203,0.03159999999999985,2.8207,49673.06,35977.496
600794.SH,20070330,1.0334,1.1219,1.0334,1.1203,1.0587,0.0616000000000001,5.8185,31350.24,21581.756
600794.SH,20070329,1.1045,1.1203,1.0555,1.0587,1.1235,-0.06479999999999997,-5.7677,49496.17,33921.603
600794.SH,20070328,1.1361,1.1503,1.0761,1.1235,1.1614,-0.037900000000000045,-3.2633,78348.03,55597.519
600794.SH,20070327,1.1582,1.1883,1.1251,1.1614,1.1598,0.0016000000000000458,0.138,67680.9,49058.764
600794.SH,20070326,1.1377,1.1772,1.0982,1.1598,1.1393,0.020499999999999963,1.7994,60517.41,43959.951
600794.SH,20070323,1.0666,1.1693,1.0429,1.1393,1.0761,0.06319999999999992,5.8731,87912.17,61797.184
600794.SH,20070322,1.0413,1.0871,1.0224,1.0761,1.0382,0.037900000000000045,3.6505,68396.42,44871.366
600794.SH,20070321,1.0208,1.0397,1.0034,1.0382,1.016,0.022199999999999998,2.185,36734.24,23700.7
600794.SH,20070320,0.9923,1.0208,0.9829,1.016,0.9923,0.023700000000000054,2.3884,25092.96,15838.623
600794.SH,20070319,0.9433,1.0034,0.9323,0.9923,0.9734,0.018899999999999917,1.9416,24913.73,15371.933
600794.SH,20070316,1.0129,1.0192,0.956,0.9734,1.0113,-0.037900000000000045,-3.7477,32739.78,20411.374
600794.SH,20070315,0.9734,1.0145,0.9734,1.0113,0.9844,0.026900000000000035,2.7326,36475.53,23161.595
600794.SH,20070314,1.0002,1.0318,0.9323,0.9844,1.0066,-0.022199999999999886,-2.2054,45580.5,28769.867
600794.SH,20070313,0.9718,1.0271,0.9576,1.0066,0.9671,0.03949999999999998,4.0844,43518.22,27441.907
600794.SH,20070312,0.9323,0.9686,0.9323,0.9671,0.9418,0.02529999999999999,2.6863,36664.43,22152.069
600794.SH,20070309,0.9512,0.9544,0.9228,0.9418,0.9481,-0.006300000000000083,-0.6645,29535.72,17546.059
600794.SH,20070308,0.9291,0.9512,0.9102,0.9481,0.9291,0.019000000000000017,2.045,29243.85,17303.353
600794.SH,20070307,0.9133,0.9307,0.9133,0.9291,0.9212,0.007900000000000018,0.8576,20362.98,11898.802
600794.SH,20070306,0.9133,0.9291,0.8975,0.9212,0.9133,0.007900000000000018,0.865,17330.78,10036.243
600794.SH,20070305,0.9291,0.9418,0.8959,0.9133,0.9339,-0.02059999999999995,-2.2058,32670.77,18908.422
600794.SH,20070302,0.9418,0.9465,0.9007,0.9339,0.9402,-0.006300000000000083,-0.6701,29561.55,17346.982
600794.SH,20070301,0.9765,0.9765,0.9228,0.9402,0.975,-0.03479999999999994,-3.5692,54349.84,32497.353
600794.SH,20070228,0.8928,0.975,0.8912,0.975,0.8865,0.08850000000000002,9.9831,105813.97,62503.735
600794.SH,20070227,0.9228,0.9433,0.8422,0.8865,0.926,-0.03950000000000009,-4.2657,64376.66,36709.174
600794.SH,20070226,0.8817,0.9354,0.8691,0.926,0.8801,0.04590000000000005,5.2153,39016.73,22290.619
600794.SH,20070216,0.888,0.8991,0.8738,0.8801,0.8865,-0.006399999999999961,-0.7219,42684.9,23970.905
600794.SH,20070215,0.8786,0.8912,0.8628,0.8865,0.8691,0.01739999999999997,2.0021,46696.81,25868.524
600794.SH,20070214,0.8343,0.877,0.8343,0.8691,0.8406,0.02849999999999997,3.3904,40125.95,21696.71
600794.SH,20070213,0.8296,0.8501,0.8201,0.8406,0.8138,0.026800000000000046,3.2932,29965.42,15797.047
600794.SH,20070209,0.8264,0.8296,0.8027,0.8138,0.8248,-0.01100000000000001,-1.3337,16953.39,8724.554
600794.SH,20070208,0.8059,0.828,0.8059,0.8248,0.8027,0.02210000000000001,2.7532,21300.29,11068.597
600794.SH,20070207,0.8011,0.8106,0.7901,0.8027,0.8043,-0.0016000000000000458,-0.1989,15895.67,8048.362
600794.SH,20070206,0.8011,0.8043,0.7869,0.8043,0.7838,0.020499999999999963,2.6155,9860.46,4960.839
600794.SH,20070205,0.7664,0.7932,0.7664,0.7838,0.768,0.015800000000000036,2.0573,11822.6,5851.03
600794.SH,20070202,0.7585,0.8027,0.7585,0.768,0.7616,0.006399999999999961,0.8403,17420.99,8557.293
600794.SH,20070201,0.7585,0.7869,0.7363,0.7616,0.7759,-0.01429999999999998,-1.843,18494.12,8929.646
600794.SH,20070131,0.8075,0.8296,0.7743,0.7759,0.8264,-0.05049999999999999,-6.1108,22876.71,11634.351
600794.SH,20070130,0.8691,0.8691,0.8248,0.8264,0.8359,-0.009499999999999953,-1.1365,28216.01,15039.294
600794.SH,20070129,0.8138,0.8438,0.8059,0.8359,0.8059,0.030000000000000027,3.7225,27269.8,14288.172
600794.SH,20070126,0.8375,0.8375,0.7616,0.8059,0.847,-0.041100000000000025,-4.8524,42144.44,21169.654
600794.SH,20070125,0.8533,0.8817,0.8359,0.847,0.8533,-0.006299999999999972,-0.7383,51624.65,28196.444
600794.SH,20070124,0.8533,0.858,0.8375,0.8533,0.8454,0.007899999999999907,0.9345,39771.5,21289.457
600794.SH,20070123,0.8533,0.8533,0.8217,0.8454,0.8549,-0.009499999999999953,-1.1112,64303.73,33900.273
600794.SH,20070122,0.798,0.8564,0.7901,0.8549,0.779,0.07589999999999997,9.7433,132519.66,68904.101
600794.SH,20070119,0.7395,0.7869,0.7395,0.779,0.7379,0.041100000000000025,5.5699,83030.73,40493.481
600794.SH,20070118,0.7174,0.7427,0.7111,0.7379,0.7174,0.020499999999999963,2.8575,23114.58,10639.049
600794.SH,20070117,0.7458,0.7522,0.6953,0.7174,0.7458,-0.02839999999999998,-3.808,36575.84,16946.88
600794.SH,20070116,0.7522,0.7537,0.7269,0.7458,0.7506,-0.0048000000000000265,-0.6395,34215.92,15974.85
600794.SH,20070115,0.7142,0.7632,0.6953,0.7506,0.7174,0.03320000000000001,4.6278,65521.65,30435.227
600794.SH,20070112,0.7142,0.7442,0.7047,0.7174,0.7158,0.0016000000000000458,0.2235,51515.96,23554.715
600794.SH,20070111,0.7016,0.7411,0.6984,0.7158,0.7016,0.01419999999999999,2.0239,63025.37,28678.96
600794.SH,20070110,0.6968,0.7032,0.681,0.7016,0.6953,0.006299999999999972,0.9061,36486.42,15934.414
600794.SH,20070109,0.7063,0.7079,0.6826,0.6953,0.7,-0.0046999999999999265,-0.6714,28004.42,12286.716
600794.SH,20070108,0.6795,0.7016,0.6637,0.7,0.6858,0.01419999999999999,2.0706,59166.13,25845.199
600794.SH,20070105,0.6447,0.6889,0.6336,0.6858,0.6447,0.041099999999999914,6.3751,21723.3,9015.296
600794.SH,20070104,0.6336,0.6573,0.6242,0.6447,0.6352,0.009500000000000064,1.4956,16742.59,6706.203
600794.SH,20061229,0.6479,0.6494,0.6321,0.6352,0.6384,-0.0031999999999999806,-0.5013,14987.91,6044.757
600794.SH,20061228,0.6637,0.6668,0.6336,0.6384,0.6589,-0.020500000000000074,-3.1112,16287.23,6692.832
600794.SH,20061227,0.651,0.6637,0.6463,0.6589,0.6526,0.006300000000000083,0.9654,16316.16,6748.617
600794.SH,20061226,0.6716,0.6779,0.6526,0.6526,0.6716,-0.019000000000000017,-2.8291,16107.77,6762.599
600794.SH,20061225,0.6779,0.6905,0.6652,0.6716,0.6779,-0.006299999999999972,-0.9293,15471.92,6617.802
600794.SH,20061222,0.6684,0.6842,0.6542,0.6779,0.6779,0.0,0.0,21820.1,9254.987
600794.SH,20061221,0.6731,0.6953,0.6731,0.6779,0.67,0.007899999999999907,1.1791,24768.46,10734.924
600794.SH,20061220,0.6637,0.6716,0.6573,0.67,0.6668,0.0032000000000000917,0.4799,15650.06,6602.028
600794.SH,20061219,0.6731,0.6763,0.6526,0.6668,0.6716,-0.0048000000000000265,-0.7147,15642.36,6546.188
600794.SH,20061218,0.6621,0.6731,0.6573,0.6716,0.6621,0.009499999999999953,1.4348,18521.68,7799.195
600794.SH,20061215,0.6668,0.6684,0.6573,0.6621,0.6668,-0.0046999999999999265,-0.7049,14867.0,6218.42
600794.SH,20061214,0.6637,0.6731,0.6573,0.6668,0.6605,0.006299999999999972,0.9538,11830.96,4961.894
600794.SH,20061213,0.6668,0.6716,0.6573,0.6605,0.67,-0.009500000000000064,-1.4179,23138.68,9697.301
600794.SH,20061212,0.6779,0.6858,0.6637,0.67,0.6779,-0.007899999999999907,-1.1654,18093.52,7661.873
600794.SH,20061211,0.6558,0.6795,0.651,0.6779,0.6652,0.012699999999999934,1.9092,26113.85,11028.765
600794.SH,20061208,0.7158,0.7158,0.6621,0.6652,0.7237,-0.058499999999999996,-8.0835,56747.26,24493.722
600794.SH,20061207,0.6558,0.7237,0.651,0.7237,0.6573,0.06640000000000001,10.1019,135602.76,59766.979
600794.SH,20061206,0.6589,0.6605,0.6352,0.6573,0.6573,0.0,0.0,35566.32,14523.772
600794.SH,20061205,0.6463,0.6589,0.6415,0.6573,0.6463,0.01100000000000001,1.702,32524.35,13360.489
600794.SH,20061204,0.6336,0.6494,0.6321,0.6463,0.64,0.006299999999999972,0.9844,20090.15,8184.813
600794.SH,20061201,0.6463,0.6526,0.6336,0.64,0.6463,-0.006299999999999972,-0.9748,22465.5,9106.924
600794.SH,20061130,0.6415,0.6605,0.6384,0.6463,0.6431,0.0031999999999999806,0.4976,23917.49,9766.565
600794.SH,20061129,0.6131,0.6494,0.6005,0.6431,0.6242,0.018900000000000028,3.0279,27512.01,11021.864
600794.SH,20061128,0.6289,0.6305,0.6163,0.6242,0.6257,-0.0015000000000000568,-0.2397,13970.49,5512.269
600794.SH,20061127,0.5862,0.6289,0.5831,0.6257,0.5894,0.0363,6.1588,19394.95,7471.598
600794.SH,20061124,0.591,0.591,0.5768,0.5894,0.591,-0.0015999999999999348,-0.2707,8989.28,3309.396
600794.SH,20061123,0.5941,0.5989,0.5831,0.591,0.5926,-0.0016000000000000458,-0.27,5644.95,2113.517
600794.SH,20061122,0.5986,0.6023,0.5865,0.5926,0.5938,-0.0011999999999999789,-0.2021,13332.55,6534.451
600794.SH,20061121,0.5926,0.5962,0.5755,0.5938,0.5938,0.0,0.0,4692.96,2261.022
600794.SH,20061120,0.5999,0.5999,0.5853,0.5938,0.5999,-0.006099999999999994,-1.0168,6201.77,3008.09
600794.SH,20061117,0.5804,0.6035,0.5755,0.5999,0.5755,0.024399999999999977,4.2398,12865.96,6212.362
600794.SH,20061116,0.5828,0.5865,0.5658,0.5755,0.584,-0.008499999999999952,-1.4555,9168.64,4321.454
600794.SH,20061115,0.578,0.5877,0.567,0.584,0.584,0.0,0.0,5587.65,2651.451
600794.SH,20061114,0.5901,0.5913,0.5548,0.584,0.5938,-0.009800000000000031,-1.6504,6194.13,2934.94
600794.SH,20061110,0.5792,0.595,0.5767,0.5938,0.5816,0.012199999999999989,2.0977,7933.46,3823.239
600794.SH,20061109,0.578,0.5853,0.5731,0.5816,0.578,0.0036000000000000476,0.6228,5950.48,2839.13
600794.SH,20061108,0.5694,0.5877,0.5694,0.578,0.5719,0.006099999999999994,1.0666,7356.03,3506.825
600794.SH,20061107,0.5938,0.595,0.5682,0.5719,0.595,-0.02310000000000001,-3.8824,10252.56,4850.334
600794.SH,20061106,0.612,0.6181,0.5901,0.595,0.6169,-0.02190000000000003,-3.55,12557.22,6222.58
600794.SH,20061103,0.6327,0.6339,0.6157,0.6169,0.6339,-0.017000000000000015,-2.6818,9206.66,4714.967
600794.SH,20061102,0.6339,0.6376,0.623,0.6339,0.6339,0.0,0.0,4519.35,2340.161
600794.SH,20061101,0.6437,0.6437,0.6291,0.6339,0.6376,-0.0036999999999999256,-0.5803,5958.4,3107.223
600794.SH,20061031,0.6425,0.6449,0.6242,0.6376,0.6352,0.0023999999999999577,0.3778,5180.59,2694.716
600794.SH,20061030,0.6364,0.6437,0.6084,0.6352,0.6364,-0.0011999999999999789,-0.1886,6606.79,3405.938
600794.SH,20061027,0.6449,0.6522,0.6254,0.6364,0.64,-0.0036000000000000476,-0.5625,7717.13,4050.622
600794.SH,20061026,0.6473,0.6619,0.6388,0.64,0.6522,-0.012199999999999989,-1.8706,7007.03,3750.019
600794.SH,20061025,0.6485,0.6571,0.6388,0.6522,0.6412,0.01100000000000001,1.7155,9547.28,5088.938
600794.SH,20061024,0.6254,0.6473,0.6254,0.6412,0.6242,0.017000000000000015,2.7235,7116.94,3715.43
600794.SH,20061023,0.6449,0.6619,0.6206,0.6242,0.6522,-0.028000000000000025,-4.2932,11198.93,5871.62
600794.SH,20061020,0.7483,0.7483,0.6522,0.6522,0.6802,-0.028000000000000025,-4.1164,20798.45,11631.712
600794.SH,20061013,0.6814,0.7057,0.6546,0.6802,0.6826,-0.0023999999999999577,-0.3516,21682.05,11958.85
600794.SH,20061012,0.6996,0.7045,0.6802,0.6826,0.6996,-0.017000000000000015,-2.43,14211.11,8071.81
600794.SH,20061011,0.696,0.7057,0.6899,0.6996,0.6923,0.007299999999999973,1.0545,11763.99,6737.362
600794.SH,20061010,0.7045,0.7045,0.6838,0.6923,0.7021,-0.00979999999999992,-1.3958,12258.21,6958.656
600794.SH,20061009,0.6911,0.7057,0.6826,0.7021,0.685,0.017099999999999893,2.4964,14710.77,8379.384
600794.SH,20060929,0.685,0.6948,0.6777,0.685,0.6875,-0.0024999999999999467,-0.3636,19158.54,10765.055
600794.SH,20060928,0.6729,0.7142,0.6571,0.6875,0.6668,0.02070000000000005,3.1044,45779.39,25899.571
600794.SH,20060927,0.651,0.6692,0.6498,0.6668,0.6498,0.016999999999999904,2.6162,12210.93,6641.061
600794.SH,20060926,0.6765,0.6765,0.6449,0.6498,0.6717,-0.02189999999999992,-3.2604,13069.36,7081.179
600794.SH,20060925,0.6656,0.6814,0.6607,0.6717,0.668,0.0036999999999999256,0.5539,21344.29,11805.992
600794.SH,20060922,0.6522,0.6777,0.6473,0.668,0.6546,0.013400000000000079,2.0471,23252.03,12715.868
600794.SH,20060921,0.6449,0.6619,0.64,0.6546,0.651,0.0035999999999999366,0.553,14931.09,7999.31
600794.SH,20060920,0.6571,0.6753,0.6388,0.651,0.6631,-0.0121,-1.8248,16834.74,9036.809
600794.SH,20060919,0.6315,0.6887,0.6218,0.6631,0.6266,0.03649999999999998,5.8251,37838.87,20584.096
600794.SH,20060918,0.6157,0.6303,0.6157,0.6266,0.6157,0.01090000000000002,1.7703,7304.63,3751.114
600794.SH,20060915,0.612,0.6303,0.612,0.6157,0.6181,-0.0023999999999999577,-0.3883,7266.84,3702.0
600794.SH,20060914,0.6181,0.6291,0.612,0.6181,0.6206,-0.0025000000000000577,-0.4028,6747.6,3435.063
600794.SH,20060913,0.6266,0.6303,0.6206,0.6206,0.6315,-0.01089999999999991,-1.726,7436.35,3808.156
600794.SH,20060912,0.6327,0.6376,0.6206,0.6315,0.6339,-0.0024000000000000687,-0.3786,11463.53,5947.881
600794.SH,20060911,0.6145,0.64,0.6084,0.6339,0.6145,0.019399999999999973,3.157,22501.6,11606.514
600794.SH,20060908,0.612,0.6169,0.612,0.6145,0.6133,0.0012000000000000899,0.1957,8331.32,4202.894
600794.SH,20060907,0.6206,0.6218,0.6133,0.6133,0.623,-0.009700000000000042,-1.557,8279.39,4179.581
600794.SH,20060906,0.6279,0.6303,0.6145,0.623,0.6279,-0.0049000000000000155,-0.7804,8754.3,4472.201
600794.SH,20060905,0.6096,0.6291,0.6047,0.6279,0.612,0.015900000000000025,2.598,16413.8,8316.421
600794.SH,20060904,0.6084,0.6181,0.6084,0.612,0.6084,0.0035999999999999366,0.5917,11630.13,5840.163
600794.SH,20060901,0.6084,0.6193,0.6035,0.6084,0.6169,-0.008499999999999952,-1.3779,15825.98,7929.49
600794.SH,20060831,0.6339,0.6376,0.6096,0.6169,0.6266,-0.009700000000000042,-1.548,20689.75,10521.219
600794.SH,20060830,0.623,0.6279,0.5962,0.6266,0.6242,0.0024000000000000687,0.3845,23942.51,12008.369
600794.SH,20060829,0.6412,0.6449,0.6218,0.6242,0.6412,-0.017000000000000015,-2.6513,27384.67,14227.166
600794.SH,20060828,0.6303,0.6449,0.6218,0.6412,0.6266,0.014599999999999946,2.33,29615.12,15379.375
600794.SH,20060825,0.6206,0.6412,0.6133,0.6266,0.6218,0.0048000000000000265,0.772,24000.11,12303.262
600794.SH,20060824,0.6011,0.6473,0.6011,0.6218,0.6059,0.015900000000000025,2.6242,48855.69,25104.555
600794.SH,20060823,0.578,0.6169,0.5719,0.6059,0.5731,0.03279999999999994,5.7233,29887.44,14765.56
600794.SH,20060822,0.5646,0.5792,0.5573,0.5731,0.567,0.006100000000000105,1.0758,8299.75,3911.876
600794.SH,20060821,0.5378,0.5682,0.5329,0.567,0.5682,-0.0012000000000000899,-0.2112,8151.67,3694.182
600794.SH,20060818,0.567,0.584,0.5597,0.5682,0.5767,-0.008499999999999952,-1.4739,6609.28,3102.803
600794.SH,20060817,0.584,0.584,0.5609,0.5767,0.5877,-0.01100000000000001,-1.8717,10995.96,5167.117
600794.SH,20060816,0.5755,0.5938,0.5658,0.5877,0.578,0.009700000000000042,1.6782,13192.61,6300.315
600794.SH,20060815,0.55,0.5913,0.55,0.578,0.5597,0.018299999999999983,3.2696,12636.14,5995.886
600794.SH,20060814,0.5974,0.6047,0.5536,0.5597,0.5974,-0.03770000000000007,-6.3107,16182.94,7633.631
600794.SH,20060811,0.5731,0.6193,0.5731,0.5974,0.5792,0.018199999999999994,3.1423,26745.67,13252.034
600794.SH,20060810,0.5816,0.5889,0.5597,0.5792,0.5877,-0.008499999999999952,-1.4463,18596.96,8819.178
600794.SH,20060809,0.5609,0.6047,0.5536,0.5877,0.5536,0.03410000000000002,6.1597,42247.76,20043.303
600794.SH,20060808,0.505,0.5536,0.505,0.5536,0.5037,0.049899999999999944,9.9067,11773.0,5295.903
600794.SH,20060807,0.5001,0.5147,0.4794,0.5037,0.5147,-0.01100000000000001,-2.1372,8353.15,3420.639
600794.SH,20060804,0.5415,0.55,0.4989,0.5147,0.5402,-0.025499999999999967,-4.7205,14316.76,6229.238
600794.SH,20060803,0.4916,0.5402,0.4879,0.5402,0.4916,0.04860000000000003,9.8861,23525.6,10168.127
600794.SH,20060802,0.522,0.522,0.477,0.4916,0.5147,-0.023100000000000065,-4.4881,11492.48,4700.275
600794.SH,20060801,0.5378,0.5561,0.505,0.5147,0.5475,-0.03279999999999994,-5.9909,13274.5,5689.011
600794.SH,20060731,0.5451,0.5755,0.5451,0.5475,0.5561,-0.008600000000000052,-1.5465,16093.13,7424.117
600794.SH,20060728,0.578,0.5828,0.5415,0.5561,0.5755,-0.019399999999999973,-3.371,16683.6,7589.346
600794.SH,20060727,0.6084,0.612,0.5536,0.5755,0.612,-0.03649999999999998,-5.9641,22368.36,10736.949
600794.SH,20060726,0.6145,0.6206,0.5877,0.612,0.6108,0.0011999999999999789,0.1965,19832.22,9853.776
600794.SH,20060725,0.6181,0.6303,0.5974,0.6108,0.6096,0.0011999999999999789,0.1969,46540.05,23470.347
600794.SH,20060724,0.5366,0.6096,0.5342,0.6096,0.5536,0.05600000000000005,10.1156,54368.35,26816.434
600794.SH,20060721,0.5451,0.5621,0.5354,0.5536,0.5621,-0.008500000000000063,-1.5122,16459.94,7400.603
600794.SH,20060720,0.5719,0.6059,0.5536,0.5621,0.7495,-0.1874,-25.0033,39100.32,18343.389
600794.SH,20060623,0.6289,0.6345,0.5522,0.5765,0.6139,-0.03739999999999999,-6.0922,58128.14,36392.463
600794.SH,20060622,0.6139,0.6139,0.6018,0.6139,0.5578,0.05610000000000004,10.0574,37546.32,24618.223
600794.SH,20060621,0.5578,0.5578,0.5578,0.5578,0.5072,0.05059999999999998,9.9763,2484.95,1481.03
600794.SH,20060620,0.5072,0.5072,0.5072,0.5072,0.4614,0.04580000000000001,9.9263,490.11,265.64
600794.SH,20060619,0.4614,0.4614,0.4614,0.4614,0.4193,0.04209999999999997,10.0405,906.19,446.752
600794.SH,20060331,0.4005,0.4286,0.394,0.4193,0.4005,0.018799999999999983,4.6941,20674.91,9203.706
600794.SH,20060330,0.3725,0.4024,0.3715,0.4005,0.3772,0.023300000000000043,6.1771,16773.78,6963.841
600794.SH,20060329,0.3762,0.3865,0.3743,0.3772,0.3837,-0.006500000000000006,-1.694,4367.72,1772.794
600794.SH,20060328,0.3874,0.3912,0.3743,0.3837,0.3837,0.0,0.0,7370.35,3016.41
600794.SH,20060327,0.3697,0.3912,0.3697,0.3837,0.3753,0.008399999999999963,2.2382,9928.89,4081.956
600794.SH,20060324,0.3903,0.3912,0.3743,0.3753,0.3921,-0.01679999999999998,-4.2846,9271.6,3800.45
600794.SH,20060323,0.3772,0.3968,0.3659,0.3921,0.3781,0.014000000000000012,3.7027,17253.7,6999.926
600794.SH,20060322,0.3697,0.3809,0.3697,0.3781,0.3725,0.005599999999999994,1.5034,9787.64,3940.949
600794.SH,20060321,0.3818,0.3856,0.3706,0.3725,0.3837,-0.011199999999999988,-2.9189,16272.1,6520.202
600794.SH,20060320,0.3912,0.3912,0.379,0.3837,0.3921,-0.008400000000000019,-2.1423,12547.89,5149.834
600794.SH,20060317,0.3949,0.4062,0.3912,0.3921,0.3912,0.0009000000000000119,0.2301,24595.92,10497.564
600794.SH,20060316,0.3856,0.3931,0.379,0.3912,0.3921,-0.0009000000000000119,-0.2295,13023.21,5379.571
600794.SH,20060315,0.394,0.4005,0.38,0.3921,0.3903,0.0018000000000000238,0.4612,19418.08,8097.756
600794.SH,20060314,0.3846,0.3968,0.3781,0.3903,0.3903,0.0,0.0,29687.4,12366.204
600794.SH,20060313,0.3528,0.3903,0.3472,0.3903,0.3547,0.035599999999999965,10.0367,30873.1,12468.647
600794.SH,20060310,0.365,0.3669,0.3463,0.3547,0.3641,-0.009399999999999964,-2.5817,12467.4,4739.848
600794.SH,20060309,0.3463,0.3725,0.3416,0.3641,0.3463,0.017799999999999983,5.1401,29747.62,11459.271
600794.SH,20060308,0.3313,0.3491,0.3313,0.3463,0.3313,0.015000000000000013,4.5276,12360.44,4517.718
600794.SH,20060307,0.3435,0.3435,0.3285,0.3313,0.3435,-0.012200000000000044,-3.5517,7980.0,2856.855
600794.SH,20060306,0.3444,0.3444,0.3369,0.3435,0.3444,-0.0008999999999999564,-0.2613,5448.13,1983.84
600794.SH,20060303,0.3332,0.3509,0.3313,0.3444,0.3341,0.010299999999999976,3.0829,18094.01,6671.706
600794.SH,20060302,0.3463,0.3566,0.3332,0.3341,0.35,-0.01589999999999997,-4.5429,12239.6,4545.073
600794.SH,20060301,0.3453,0.35,0.3388,0.35,0.3453,0.004699999999999982,1.3611,11451.18,4221.001
600794.SH,20060228,0.3369,0.3509,0.3304,0.3453,0.3397,0.005599999999999994,1.6485,15300.84,5576.356
600794.SH,20060227,0.3416,0.3472,0.3369,0.3397,0.3416,-0.0019000000000000128,-0.5562,13199.0,4811.828
600794.SH,20060224,0.3369,0.3453,0.3304,0.3416,0.336,0.005599999999999994,1.6667,19191.12,6944.327
600794.SH,20060223,0.3266,0.336,0.3219,0.336,0.3257,0.010300000000000031,3.1624,9107.1,3219.699
600794.SH,20060222,0.3266,0.3294,0.3238,0.3257,0.3266,-0.0009000000000000119,-0.2756,3421.0,1191.815
600794.SH,20060221,0.3182,0.3266,0.3126,0.3266,0.3201,0.006500000000000006,2.0306,3108.51,1065.697
600794.SH,20060220,0.3154,0.3247,0.3154,0.3201,0.3144,0.005699999999999983,1.813,2573.0,883.182
600794.SH,20060217,0.3154,0.3247,0.3107,0.3144,0.3154,-0.0010000000000000009,-0.3171,3988.0,1356.732
600794.SH,20060216,0.3238,0.3276,0.3098,0.3154,0.3294,-0.014000000000000012,-4.2502,4188.81,1431.015
600794.SH,20060215,0.3247,0.3313,0.3247,0.3294,0.3247,0.0047000000000000375,1.4475,4014.2,1410.105
600794.SH,20060214,0.3257,0.3294,0.3229,0.3247,0.3266,-0.0019000000000000128,-0.5818,1862.31,646.273
600794.SH,20060213,0.3294,0.3322,0.3229,0.3266,0.3294,-0.0028000000000000247,-0.85,3804.99,1321.193
600794.SH,20060210,0.3201,0.3304,0.3182,0.3294,0.3191,0.010300000000000031,3.2278,5840.39,2041.133
600794.SH,20060209,0.3276,0.3304,0.3163,0.3191,0.3276,-0.008500000000000008,-2.5946,4115.49,1429.674
600794.SH,20060208,0.3238,0.3294,0.3219,0.3276,0.3257,0.0019000000000000128,0.5834,4807.55,1680.285
600794.SH,20060207,0.3219,0.3266,0.3163,0.3257,0.3219,0.00379999999999997,1.1805,5131.33,1762.353
600794.SH,20060206,0.3154,0.3229,0.3135,0.3219,0.3163,0.005599999999999994,1.7705,3858.12,1315.466
600794.SH,20060125,0.3107,0.3182,0.3051,0.3163,0.3088,0.007500000000000007,2.4288,6554.75,2183.643
600794.SH,20060124,0.3163,0.3173,0.3079,0.3088,0.3173,-0.008500000000000008,-2.6789,3292.36,1103.308
600794.SH,20060123,0.3154,0.3182,0.3098,0.3173,0.3173,0.0,0.0,5033.01,1692.819
600794.SH,20060120,0.306,0.3173,0.3042,0.3173,0.3107,0.00660000000000005,2.1242,9959.8,3310.416
600794.SH,20060119,0.3144,0.3163,0.3042,0.3107,0.3135,-0.0028000000000000247,-0.8931,8634.37,2850.065
600794.SH,20060118,0.307,0.3182,0.3051,0.3135,0.3098,0.003699999999999981,1.1943,9291.85,3110.508
600794.SH,20060117,0.3201,0.3201,0.3004,0.3098,0.3294,-0.019600000000000006,-5.9502,11821.05,3904.536
600794.SH,20060116,0.3369,0.3369,0.3285,0.3294,0.3369,-0.007499999999999951,-2.2262,5163.92,1831.659
600794.SH,20060113,0.3313,0.3388,0.3304,0.3369,0.3332,0.003699999999999981,1.1104,7894.51,2826.312
600794.SH,20060112,0.3294,0.3341,0.3276,0.3332,0.3304,0.002799999999999969,0.8475,4832.88,1711.393
600794.SH,20060111,0.3341,0.335,0.3257,0.3304,0.3341,-0.003699999999999981,-1.1075,6559.57,2302.684
600794.SH,20060110,0.3304,0.335,0.3285,0.3341,0.3332,0.0009000000000000119,0.2701,5722.69,2033.201
600794.SH,20060109,0.3247,0.3341,0.321,0.3332,0.3247,0.008500000000000008,2.6178,9046.21,3179.127
600794.SH,20060106,0.321,0.3266,0.3182,0.3247,0.3238,0.0009000000000000119,0.2779,6212.98,2143.214
600794.SH,20060105,0.3135,0.3304,0.3116,0.3238,0.3116,0.012199999999999989,3.9153,12476.34,4268.939
600794.SH,20060104,0.3088,0.3126,0.306,0.3116,0.3079,0.003699999999999981,1.2017,3374.39,1119.279
600794.SH,20051230,0.3107,0.3126,0.306,0.3079,0.3116,-0.003699999999999981,-1.1874,3711.21,1224.686
600794.SH,20051229,0.3098,0.3135,0.3088,0.3116,0.3107,0.0009000000000000119,0.2897,3922.75,1306.09
600794.SH,20051228,0.307,0.3107,0.307,0.3107,0.3088,0.0018999999999999573,0.6153,2365.85,780.107
600794.SH,20051227,0.3079,0.3107,0.306,0.3088,0.3079,0.0009000000000000119,0.2923,2294.19,754.741
600794.SH,20051226,0.3079,0.3107,0.306,0.3079,0.3098,-0.0019000000000000128,-0.6133,3824.2,1256.565
600794.SH,20051223,0.3079,0.3135,0.3079,0.3098,0.3079,0.0019000000000000128,0.6171,3206.2,1064.331
600794.SH,20051222,0.3032,0.3088,0.2995,0.3079,0.3032,0.004699999999999982,1.5501,3172.5,1027.044
600794.SH,20051221,0.306,0.3079,0.3013,0.3032,0.3079,-0.004699999999999982,-1.5265,2027.33,659.464
600794.SH,20051220,0.3098,0.3107,0.306,0.3079,0.3098,-0.0019000000000000128,-0.6133,2023.0,666.097
600794.SH,20051219,0.3088,0.3116,0.3042,0.3098,0.3088,0.0010000000000000009,0.3238,2981.44,978.996
600794.SH,20051216,0.3051,0.3088,0.3051,0.3088,0.307,0.0018000000000000238,0.5863,1287.82,422.404
600794.SH,20051215,0.3088,0.3135,0.3051,0.307,0.3116,-0.004599999999999993,-1.4763,3191.2,1051.147
600794.SH,20051214,0.3079,0.3126,0.3032,0.3116,0.3079,0.003699999999999981,1.2017,3898.0,1286.108
600794.SH,20051213,0.3088,0.3088,0.3023,0.3079,0.3088,-0.0009000000000000119,-0.2915,3376.2,1100.131
600794.SH,20051212,0.3098,0.3098,0.3051,0.3088,0.3098,-0.0010000000000000009,-0.3228,4856.81,1592.888
600794.SH,20051209,0.307,0.3107,0.3042,0.3098,0.306,0.0038000000000000256,1.2418,3938.98,1291.433
600794.SH,20051208,0.306,0.3107,0.3004,0.306,0.306,0.0,0.0,2813.52,921.259
600794.SH,20051207,0.3032,0.306,0.2957,0.306,0.3032,0.002799999999999969,0.9235,2737.01,888.328
600794.SH,20051206,0.2957,0.306,0.2957,0.3032,0.3032,0.0,0.0,3767.52,1215.678
600794.SH,20051205,0.3182,0.3182,0.2985,0.3032,0.3191,-0.01589999999999997,-4.9828,8715.09,2828.93
600794.SH,20051202,0.3173,0.3257,0.3163,0.3191,0.3201,-0.0010000000000000009,-0.3124,3232.49,1113.856
600794.SH,20051201,0.3191,0.3247,0.3135,0.3201,0.3201,0.0,0.0,4798.51,1633.281
600794.SH,20051130,0.3276,0.3304,0.3144,0.3201,0.3322,-0.0121,-3.6424,7092.6,2429.148
600794.SH,20051129,0.3332,0.3332,0.3238,0.3322,0.336,-0.0038000000000000256,-1.131,5644.51,1994.012
600794.SH,20051128,0.3332,0.3407,0.3322,0.336,0.3332,0.0028000000000000247,0.8403,5863.6,2105.286
600794.SH,20051125,0.3304,0.3341,0.3276,0.3332,0.3304,0.002799999999999969,0.8475,4108.89,1453.948
600794.SH,20051124,0.3276,0.3322,0.3257,0.3304,0.3304,0.0,0.0,3403.8,1197.667
600794.SH,20051123,0.3266,0.3332,0.3257,0.3304,0.3285,0.0019000000000000128,0.5784,6291.78,2216.927
600794.SH,20051122,0.3407,0.3416,0.3276,0.3285,0.3369,-0.008399999999999963,-2.4933,6225.6,2208.869
600794.SH,20051121,0.3397,0.3472,0.3332,0.3369,0.3378,-0.0009000000000000119,-0.2664,13638.54,4953.081
600794.SH,20051118,0.3285,0.3397,0.3285,0.3378,0.3313,0.006500000000000006,1.962,16422.04,5899.652
600794.SH,20051117,0.3238,0.3369,0.3238,0.3313,0.3276,0.003699999999999981,1.1294,12413.01,4402.109
600794.SH,20051116,0.3201,0.3285,0.3135,0.3276,0.3238,0.0038000000000000256,1.1736,4273.9,1465.969
600794.SH,20051115,0.3294,0.335,0.321,0.3238,0.3294,-0.005600000000000049,-1.7001,8511.0,2972.501
600794.SH,20051114,0.307,0.3332,0.3051,0.3294,0.3116,0.017800000000000038,5.7125,11073.46,3822.649
600794.SH,20051111,0.3107,0.3163,0.3013,0.3116,0.3135,-0.0019000000000000128,-0.6061,9933.0,3270.335
600794.SH,20051110,0.3276,0.3332,0.3107,0.3135,0.3285,-0.015000000000000013,-4.5662,11069.45,3804.479
600794.SH,20051109,0.336,0.3369,0.3266,0.3285,0.336,-0.007500000000000007,-2.2321,8313.75,2943.443
600794.SH,20051108,0.336,0.3369,0.3266,0.336,0.336,0.0,0.0,10793.61,3846.36
600794.SH,20051107,0.3276,0.3407,0.3257,0.336,0.3304,0.005599999999999994,1.6949,16745.89,5990.166
600794.SH,20051104,0.3163,0.3322,0.3116,0.3304,0.321,0.00940000000000002,2.9283,12692.46,4391.158
600794.SH,20051103,0.3407,0.3407,0.3163,0.321,0.3322,-0.011199999999999988,-3.3715,31303.0,10989.293
600794.SH,20051102,0.3182,0.3332,0.3154,0.3322,0.321,0.011199999999999988,3.4891,17977.93,6263.272
600794.SH,20051101,0.3144,0.3219,0.3004,0.321,0.2995,0.02150000000000002,7.1786,12766.09,4249.125
600794.SH,20051031,0.3051,0.306,0.2957,0.2995,0.2976,0.0019000000000000128,0.6384,7140.9,2289.55
600794.SH,20051028,0.3322,0.3322,0.2911,0.2976,0.3229,-0.025300000000000045,-7.8352,14675.94,4732.845
600794.SH,20051027,0.3388,0.3388,0.3144,0.3229,0.3378,-0.014899999999999969,-4.4109,25508.0,8838.943
600794.SH,20051026,0.3257,0.3416,0.3042,0.3378,0.3173,0.020499999999999963,6.4608,36635.95,12729.496
600794.SH,20051025,0.3182,0.3266,0.306,0.3173,0.3163,0.0010000000000000009,0.3162,10831.17,3674.592
600794.SH,20051024,0.3247,0.3247,0.3107,0.3163,0.3191,-0.002799999999999969,-0.8775,6894.3,2329.66
600794.SH,20051021,0.3079,0.3229,0.3013,0.3191,0.307,0.0121,3.9414,18264.89,6143.57
600794.SH,20051020,0.3004,0.307,0.2929,0.307,0.3004,0.006599999999999995,2.1971,8460.25,2712.279
600794.SH,20051019,0.2985,0.3042,0.2957,0.3004,0.2985,0.0019000000000000128,0.6365,7169.24,2298.225
600794.SH,20051018,0.2826,0.3023,0.2826,0.2985,0.2892,0.009299999999999975,3.2158,6992.7,2198.45
600794.SH,20051014,0.2985,0.3013,0.2864,0.2892,0.3013,-0.0121,-4.0159,6437.5,2000.465
600794.SH,20051013,0.3042,0.3051,0.2976,0.3013,0.3013,0.0,0.0,6152.86,1986.582
600794.SH,20051012,0.2976,0.3023,0.2957,0.3013,0.2985,0.0028000000000000247,0.938,5340.0,1706.214
600794.SH,20051011,0.2873,0.2985,0.2873,0.2985,0.2892,0.009299999999999975,3.2158,5765.92,1807.735
600794.SH,20051010,0.2901,0.292,0.2798,0.2892,0.2911,-0.0019000000000000128,-0.6527,7198.3,2193.991
600794.SH,20050930,0.2976,0.2985,0.2882,0.2911,0.2985,-0.007399999999999962,-2.4791,7220.0,2259.605
600794.SH,20050929,0.2892,0.2995,0.2873,0.2985,0.2892,0.009299999999999975,3.2158,8713.6,2729.578
600794.SH,20050928,0.2976,0.3023,0.2845,0.2892,0.2995,-0.010299999999999976,-3.4391,8605.01,2696.018
600794.SH,20050927,0.3042,0.3126,0.2985,0.2995,0.3042,-0.0047000000000000375,-1.545,10397.8,3387.727
600794.SH,20050926,0.3088,0.3116,0.2957,0.3042,0.3051,-0.0008999999999999564,-0.295,7411.52,2378.979
600794.SH,20050923,0.321,0.321,0.3013,0.3051,0.321,-0.015900000000000025,-4.9533,11259.5,3740.914
600794.SH,20050922,0.3509,0.3509,0.3154,0.321,0.35,-0.02899999999999997,-8.2857,18333.75,6440.903
600794.SH,20050921,0.3472,0.3641,0.3463,0.35,0.3472,0.002799999999999969,0.8065,31574.1,11976.457
600794.SH,20050920,0.3472,0.3481,0.3378,0.3472,0.3481,-0.0009000000000000119,-0.2585,18984.75,6967.103
600794.SH,20050919,0.3463,0.3528,0.3397,0.3481,0.3519,-0.00379999999999997,-1.0799,29395.03,10884.788
600794.SH,20050916,0.3322,0.3622,0.3276,0.3519,0.3294,0.022499999999999964,6.8306,55132.07,20490.392
600794.SH,20050915,0.3322,0.3322,0.3247,0.3294,0.3332,-0.00379999999999997,-1.1405,13315.9,4677.762
600794.SH,20050914,0.3276,0.3397,0.3191,0.3332,0.3257,0.007500000000000007,2.3027,28106.66,9938.547
600794.SH,20050913,0.3191,0.3257,0.3182,0.3257,0.3173,0.008399999999999963,2.6473,9618.93,3325.196
600794.SH,20050912,0.3229,0.3229,0.3116,0.3173,0.3182,-0.0008999999999999564,-0.2828,9242.42,3122.238
600794.SH,20050909,0.3247,0.3257,0.3144,0.3182,0.3247,-0.006500000000000006,-2.0018,11469.61,3912.388
600794.SH,20050908,0.3397,0.3407,0.3219,0.3247,0.3388,-0.014100000000000001,-4.1617,21856.75,7692.136
600794.SH,20050907,0.3276,0.3407,0.3182,0.3388,0.3322,0.006599999999999995,1.9868,39851.94,14122.603
600794.SH,20050906,0.3144,0.3509,0.3144,0.3322,0.3191,0.0131,4.1053,71324.86,25770.265
600794.SH,20050905,0.3163,0.3276,0.3116,0.3191,0.3182,0.0009000000000000119,0.2828,30893.23,10547.093
600794.SH,20050902,0.3004,0.321,0.2957,0.3182,0.3004,0.017799999999999983,5.9254,30616.02,10039.597
600794.SH,20050901,0.2911,0.307,0.2873,0.3004,0.2911,0.009299999999999975,3.1948,23744.47,7611.967
600794.SH,20050831,0.2948,0.2948,0.277,0.2911,0.2939,-0.002799999999999969,-0.9527,12012.45,3692.785
600794.SH,20050830,0.3004,0.3004,0.2864,0.2939,0.2948,-0.0009000000000000119,-0.3053,13876.21,4320.685
600794.SH,20050829,0.2911,0.3023,0.2911,0.2948,0.2939,0.0009000000000000119,0.3062,17413.45,5505.794
600794.SH,20050826,0.2948,0.3051,0.2892,0.2939,0.292,0.0019000000000000128,0.6507,34129.09,10791.433
600794.SH,20050825,0.2789,0.2929,0.2742,0.292,0.2817,0.010299999999999976,3.6564,15536.7,4705.729
600794.SH,20050824,0.2695,0.2836,0.2686,0.2817,0.2733,0.008400000000000019,3.0735,9774.97,2902.247
600794.SH,20050823,0.2826,0.2826,0.2714,0.2733,0.2826,-0.00930000000000003,-3.2909,6307.46,1860.397
600794.SH,20050822,0.278,0.2854,0.2733,0.2826,0.278,0.004599999999999993,1.6547,6259.88,1867.891
600794.SH,20050819,0.2808,0.2864,0.2714,0.278,0.2826,-0.004599999999999993,-1.6277,13780.29,4072.059
600794.SH,20050818,0.2929,0.3088,0.2817,0.2826,0.2929,-0.010299999999999976,-3.5166,29035.14,9202.092
600794.SH,20050817,0.2901,0.2929,0.2583,0.2929,0.2873,0.005599999999999994,1.9492,19824.48,6049.088
600794.SH,20050816,0.2854,0.2911,0.2826,0.2873,0.2864,0.0009000000000000119,0.3142,16556.3,5074.9
600794.SH,20050815,0.277,0.2873,0.2761,0.2864,0.2789,0.007500000000000007,2.6891,9772.22,2939.467
600794.SH,20050812,0.2911,0.2957,0.277,0.2789,0.2929,-0.014000000000000012,-4.7798,17660.95,5378.934
600794.SH,20050811,0.2854,0.2929,0.2817,0.2929,0.2854,0.007500000000000007,2.6279,16785.25,5143.202
600794.SH,20050810,0.2826,0.2873,0.2751,0.2854,0.2826,0.002799999999999969,0.9908,16564.05,4978.78
600794.SH,20050809,0.277,0.2901,0.2761,0.2826,0.2751,0.007500000000000007,2.7263,14356.54,4315.702
600794.SH,20050808,0.2723,0.2789,0.2723,0.2751,0.2742,0.0009000000000000119,0.3282,14466.44,4262.087
600794.SH,20050805,0.2667,0.2751,0.2658,0.2742,0.2667,0.007500000000000007,2.8121,9262.26,2687.891
600794.SH,20050804,0.2695,0.2723,0.2648,0.2667,0.2723,-0.005599999999999994,-2.0566,10828.05,3106.566
600794.SH,20050803,0.2677,0.2798,0.2639,0.2723,0.2658,0.006500000000000006,2.4454,33787.59,9849.945
600794.SH,20050802,0.2527,0.2686,0.2527,0.2658,0.2555,0.010299999999999976,4.0313,12891.33,3577.304
600794.SH,20050801,0.2536,0.2564,0.2499,0.2555,0.2536,0.0019000000000000128,0.7492,6198.45,1675.766
600794.SH,20050729,0.2508,0.2583,0.2489,0.2536,0.2527,0.0009000000000000119,0.3562,8452.91,2309.895
600794.SH,20050728,0.2602,0.2602,0.2508,0.2527,0.2602,-0.007500000000000007,-2.8824,11494.59,3132.98
600794.SH,20050727,0.2546,0.2611,0.2527,0.2602,0.2517,0.008500000000000008,3.377,19653.73,5402.371
600794.SH,20050726,0.2433,0.2536,0.2405,0.2517,0.2396,0.012099999999999972,5.0501,14636.17,3879.122
600794.SH,20050725,0.2433,0.2433,0.2358,0.2396,0.2424,-0.002799999999999997,-1.1551,4849.5,1238.99
600794.SH,20050722,0.2358,0.2452,0.234,0.2424,0.233,0.009399999999999992,4.0343,13279.57,3416.522
600794.SH,20050721,0.2302,0.2377,0.2255,0.233,0.234,-0.0010000000000000009,-0.4274,3812.4,941.253
600794.SH,20050720,0.2312,0.2415,0.2274,0.234,0.2349,-0.0008999999999999841,-0.3831,4539.9,1132.981
600794.SH,20050719,0.2415,0.2433,0.219,0.2349,0.2415,-0.006599999999999995,-2.7329,8155.9,2015.678
600794.SH,20050718,0.2368,0.2471,0.2368,0.2415,0.2433,-0.001799999999999996,-0.7398,4342.29,1120.302
600794.SH,20050715,0.2658,0.2658,0.2396,0.2433,0.2658,-0.022499999999999992,-8.465,9184.72,2463.609
600794.SH,20050714,0.2667,0.2695,0.2564,0.2658,0.2677,-0.0019000000000000128,-0.7097,14376.91,4021.593
600794.SH,20050713,0.2574,0.2808,0.2546,0.2677,0.2583,0.00940000000000002,3.6392,33786.86,9762.304
600794.SH,20050712,0.2508,0.262,0.2396,0.2583,0.2555,0.002799999999999969,1.0959,21196.18,5731.049
600794.SH,20050711,0.2321,0.2555,0.2321,0.2555,0.2321,0.023400000000000004,10.0819,19677.01,5300.805
600794.SH,20050708,0.2574,0.2574,0.2321,0.2321,0.2583,-0.026199999999999973,-10.1432,9048.3,2281.956
600794.SH,20050707,0.2602,0.262,0.2546,0.2583,0.2611,-0.0028000000000000247,-1.0724,2266.3,624.144
600794.SH,20050706,0.2574,0.262,0.2555,0.2611,0.2574,0.003699999999999981,1.4375,5869.83,1625.397
600794.SH,20050705,0.248,0.2583,0.248,0.2574,0.2564,0.0010000000000000009,0.39,4633.27,1266.698
600794.SH,20050704,0.2686,0.2686,0.2489,0.2564,0.2761,-0.019699999999999995,-7.1351,11054.87,3017.849
600794.SH,20050701,0.2836,0.2882,0.2761,0.2761,0.307,-0.030899999999999983,-10.0651,14852.57,4434.741
600794.SH,20050630,0.307,0.3257,0.307,0.307,0.3407,-0.03370000000000001,-9.8914,10054.2,3306.39
600794.SH,20050629,0.3388,0.3444,0.336,0.3407,0.3378,0.0029000000000000137,0.8585,3607.0,1316.319
600794.SH,20050628,0.3416,0.3463,0.3369,0.3378,0.3491,-0.011300000000000032,-3.2369,4574.83,1670.244
600794.SH,20050627,0.3416,0.3556,0.3407,0.3491,0.3416,0.007500000000000007,2.1956,10120.19,3779.883
600794.SH,20050624,0.335,0.3425,0.3238,0.3416,0.3463,-0.004699999999999982,-1.3572,9347.18,3372.411
600794.SH,20050623,0.3603,0.3612,0.3425,0.3463,0.3313,0.015000000000000013,4.5276,42968.35,16108.301
600794.SH,20050622,0.321,0.3332,0.3201,0.3313,0.3294,0.0018999999999999573,0.5768,4458.57,1566.68
600794.SH,20050621,0.3257,0.3304,0.3154,0.3294,0.3304,-0.0010000000000000009,-0.3027,5467.65,1889.437
600794.SH,20050620,0.3257,0.3313,0.2995,0.3304,0.3294,0.0010000000000000009,0.3036,8176.81,2803.138
600794.SH,20050617,0.3332,0.3444,0.3294,0.3294,0.3313,-0.0018999999999999573,-0.5735,2501.97,892.671
600794.SH,20050616,0.3388,0.3388,0.3285,0.3313,0.3388,-0.007500000000000007,-2.2137,2124.41,755.74
600794.SH,20050615,0.3369,0.3481,0.3276,0.3388,0.3397,-0.0009000000000000119,-0.2649,7007.17,2538.001
600794.SH,20050614,0.3444,0.3519,0.336,0.3397,0.3444,-0.004699999999999982,-1.3647,4795.21,1754.838
600794.SH,20050613,0.3444,0.3481,0.3388,0.3444,0.3444,0.0,0.0,4502.48,1649.062
600794.SH,20050610,0.3528,0.3622,0.3416,0.3444,0.3509,-0.006500000000000006,-1.8524,22458.08,8499.867
600794.SH,20050609,0.3435,0.3528,0.3369,0.3509,0.3435,0.007399999999999962,2.1543,15049.02,5548.194
600794.SH,20050608,0.321,0.3463,0.321,0.3435,0.321,0.02250000000000002,7.0093,15341.19,5505.388
600794.SH,20050607,0.3247,0.3276,0.3182,0.321,0.321,0.0,0.0,4630.22,1595.456
600794.SH,20050606,0.3098,0.3238,0.3079,0.321,0.3163,0.004699999999999982,1.4859,5136.32,1735.197
600794.SH,20050603,0.3219,0.3229,0.3116,0.3163,0.321,-0.004699999999999982,-1.4642,3484.72,1181.814
600794.SH,20050602,0.3163,0.3247,0.3163,0.321,0.3182,0.0028000000000000247,0.8799,4807.15,1651.738
600794.SH,20050601,0.3229,0.3229,0.3107,0.3182,0.3219,-0.0037000000000000366,-1.1494,4262.24,1439.608
600794.SH,20050531,0.3257,0.3266,0.3201,0.3219,0.3257,-0.00379999999999997,-1.1667,4842.51,1671.493
600794.SH,20050530,0.3229,0.3313,0.3219,0.3257,0.3229,0.002799999999999969,0.8671,11082.44,3866.061
600794.SH,20050527,0.3154,0.3247,0.3135,0.3229,0.3154,0.007500000000000007,2.3779,9873.6,3364.431
600794.SH,20050526,0.3163,0.3182,0.3088,0.3154,0.3191,-0.003699999999999981,-1.1595,5366.61,1800.162
600794.SH,20050525,0.3126,0.321,0.3023,0.3191,0.3144,0.004699999999999982,1.4949,12926.47,4342.19
600794.SH,20050524,0.3004,0.3201,0.2985,0.3144,0.3313,-0.01689999999999997,-5.1011,14605.97,4828.98
600794.SH,20050523,0.3444,0.3444,0.3313,0.3313,0.35,-0.018699999999999994,-5.3429,2574.0,919.786
600794.SH,20050520,0.35,0.3547,0.3491,0.35,0.3547,-0.0047000000000000375,-1.3251,2054.3,770.449
600794.SH,20050519,0.3538,0.3556,0.3481,0.3547,0.3528,0.0019000000000000128,0.5385,2598.0,980.382
600794.SH,20050518,0.3547,0.3547,0.3472,0.3528,0.3556,-0.0028000000000000247,-0.7874,3906.45,1464.927
600794.SH,20050517,0.3407,0.3584,0.3332,0.3556,0.3407,0.014900000000000024,4.3733,4337.18,1624.029
600794.SH,20050513,0.3332,0.3463,0.3313,0.3407,0.335,0.005699999999999983,1.7015,2460.83,893.581
600794.SH,20050512,0.3341,0.3416,0.3322,0.335,0.3397,-0.004699999999999982,-1.3836,1232.01,443.701
600794.SH,20050511,0.3369,0.3444,0.3369,0.3397,0.3435,-0.0038000000000000256,-1.1063,1557.5,568.473
600794.SH,20050510,0.3369,0.3435,0.3313,0.3435,0.3425,0.0010000000000000009,0.292,2095.13,757.346
600794.SH,20050509,0.3669,0.3669,0.3369,0.3425,0.3687,-0.0262,-7.106,1526.0,567.26
600794.SH,20050429,0.3762,0.379,0.3669,0.3687,0.38,-0.011299999999999977,-2.9737,1833.49,728.962
600794.SH,20050428,0.3631,0.3828,0.3566,0.38,0.3631,0.016900000000000026,4.6544,3291.82,1312.769
600794.SH,20050427,0.3631,0.3743,0.3425,0.3631,0.3641,-0.0010000000000000009,-0.2746,2630.51,1024.46
600794.SH,20050426,0.3519,0.3669,0.3519,0.3641,0.3509,0.01319999999999999,3.7618,2347.9,905.387
600794.SH,20050425,0.3603,0.365,0.3472,0.3509,0.365,-0.014100000000000001,-3.863,2549.0,961.325
600794.SH,20050422,0.3715,0.3781,0.3603,0.365,0.3725,-0.007500000000000007,-2.0134,2707.5,1059.188
600794.SH,20050421,0.3837,0.3893,0.3603,0.3725,0.3846,-0.0121,-3.1461,2258.3,904.494
600794.SH,20050420,0.4043,0.4052,0.3818,0.3846,0.408,-0.023399999999999976,-5.7353,3150.83,1308.447
600794.SH,20050419,0.3949,0.409,0.3884,0.408,0.3903,0.017699999999999994,4.535,4541.99,1946.025
600794.SH,20050418,0.4052,0.4099,0.3837,0.3903,0.4127,-0.02240000000000003,-5.4277,2828.0,1194.467
600794.SH,20050415,0.4146,0.4221,0.4034,0.4127,0.4202,-0.007500000000000007,-1.7849,2194.0,972.567
600794.SH,20050414,0.4305,0.4333,0.4193,0.4202,0.4286,-0.008399999999999963,-1.9599,2318.0,1049.947
600794.SH,20050413,0.4277,0.4314,0.423,0.4286,0.4239,0.004699999999999982,1.1088,3634.2,1665.494
600794.SH,20050412,0.4202,0.4249,0.4165,0.4239,0.4268,-0.0029000000000000137,-0.6795,3537.62,1585.652
600794.SH,20050411,0.4314,0.4352,0.4258,0.4268,0.4314,-0.004599999999999993,-1.0663,2519.28,1155.077
600794.SH,20050408,0.4268,0.4314,0.4193,0.4314,0.4268,0.004599999999999993,1.0778,3793.41,1729.622
600794.SH,20050407,0.423,0.4399,0.4165,0.4268,0.4249,0.0019000000000000128,0.4472,5714.53,2627.165
600794.SH,20050406,0.4024,0.4305,0.4024,0.4249,0.409,0.015900000000000025,3.8875,3004.53,1341.656
600794.SH,20050405,0.4146,0.4193,0.409,0.409,0.4155,-0.006500000000000006,-1.5644,1465.0,645.693
600794.SH,20050404,0.4211,0.4277,0.4127,0.4155,0.4296,-0.014100000000000001,-3.2821,2082.53,932.302
600794.SH,20050401,0.4165,0.438,0.4024,0.4296,0.4202,0.009399999999999964,2.237,7108.0,3185.409
600794.SH,20050331,0.4099,0.4277,0.3949,0.4202,0.4108,0.00940000000000002,2.2882,5673.61,2485.527
600794.SH,20050330,0.4501,0.452,0.409,0.4108,0.4548,-0.043999999999999984,-9.6746,7962.5,3611.389
600794.SH,20050329,0.4576,0.467,0.4483,0.4548,0.4595,-0.0047000000000000375,-1.0229,4751.75,2327.184
600794.SH,20050328,0.481,0.4829,0.4558,0.4595,0.4829,-0.023399999999999976,-4.8457,8267.33,4119.979
600794.SH,20050325,0.4932,0.4951,0.4764,0.4829,0.4951,-0.012199999999999989,-2.4641,13577.98,7000.37
600794.SH,20050324,0.4661,0.4998,0.4548,0.4951,0.4661,0.02899999999999997,6.2218,24186.34,12343.697
600794.SH,20050323,0.4539,0.4679,0.4417,0.4661,0.4548,0.011300000000000032,2.4846,9862.15,4846.519
600794.SH,20050322,0.4604,0.4604,0.4137,0.4548,0.4558,-0.0010000000000000009,-0.2194,5114.51,2417.162
600794.SH,20050321,0.4492,0.4567,0.4436,0.4558,0.4483,0.007500000000000007,1.673,2483.2,1192.966
600794.SH,20050318,0.4614,0.4614,0.4473,0.4483,0.4576,-0.00930000000000003,-2.0323,2124.1,1024.756
600794.SH,20050317,0.4633,0.4651,0.4567,0.4576,0.4633,-0.005699999999999983,-1.2303,1833.81,898.813
600794.SH,20050316,0.4604,0.467,0.4586,0.4633,0.4614,0.0019000000000000128,0.4118,1844.0,909.414
600794.SH,20050315,0.4651,0.4679,0.4604,0.4614,0.4698,-0.008400000000000019,-1.788,2716.95,1343.41
600794.SH,20050314,0.4782,0.4782,0.4623,0.4698,0.4782,-0.008400000000000019,-1.7566,4331.37,2164.171
600794.SH,20050311,0.4764,0.482,0.4735,0.4782,0.4754,0.0028000000000000247,0.589,4076.8,2078.138
600794.SH,20050310,0.4998,0.5035,0.4726,0.4754,0.4998,-0.024400000000000033,-4.882,4834.61,2508.389
600794.SH,20050309,0.4913,0.5016,0.4885,0.4998,0.4895,0.010300000000000031,2.1042,5982.02,3171.74
600794.SH,20050308,0.482,0.4951,0.482,0.4895,0.481,0.008500000000000008,1.7672,3890.2,2033.281
600794.SH,20050307,0.482,0.4857,0.4773,0.481,0.482,-0.0010000000000000009,-0.2075,1759.0,904.872
600794.SH,20050304,0.4792,0.4838,0.4754,0.482,0.481,0.0010000000000000009,0.2079,1762.41,902.941
600794.SH,20050303,0.4829,0.4857,0.4745,0.481,0.4857,-0.0047000000000000375,-0.9677,2321.91,1188.889
600794.SH,20050302,0.4941,0.4998,0.4829,0.4857,0.4951,-0.009399999999999964,-1.8986,4183.21,2193.55
600794.SH,20050301,0.4923,0.496,0.4848,0.4951,0.4923,0.002799999999999969,0.5688,3437.77,1804.358
600794.SH,20050228,0.4904,0.4988,0.4838,0.4923,0.4913,0.0010000000000000009,0.2035,5582.72,2929.688
600794.SH,20050225,0.4932,0.5035,0.4904,0.4913,0.4932,-0.0019000000000000128,-0.3852,8033.0,4262.189
600794.SH,20050224,0.4951,0.4979,0.4866,0.4932,0.4951,-0.0018999999999999573,-0.3838,7048.28,3694.544
600794.SH,20050223,0.4773,0.5063,0.4764,0.4951,0.4773,0.017799999999999983,3.7293,15973.18,8429.808
600794.SH,20050222,0.4651,0.481,0.4633,0.4773,0.4651,0.012199999999999989,2.6231,5636.77,2858.412
600794.SH,20050221,0.4595,0.4679,0.4567,0.4651,0.4623,0.0028000000000000247,0.6057,1520.9,753.135
600794.SH,20050218,0.4679,0.4679,0.4604,0.4623,0.467,-0.0047000000000000375,-1.0064,1033.0,510.957
600794.SH,20050217,0.467,0.4679,0.4604,0.467,0.4698,-0.002799999999999969,-0.596,1454.21,722.208
600794.SH,20050216,0.4726,0.4754,0.4679,0.4698,0.467,0.002799999999999969,0.5996,2123.0,1067.134
600794.SH,20050204,0.4595,0.4698,0.4539,0.467,0.4576,0.00940000000000002,2.0542,1930.41,956.249
600794.SH,20050203,0.4717,0.4717,0.4567,0.4576,0.4717,-0.014100000000000001,-2.9892,2963.74,1468.865
600794.SH,20050202,0.4511,0.4726,0.4417,0.4717,0.4511,0.020600000000000007,4.5666,5603.11,2753.068
600794.SH,20050201,0.4595,0.4754,0.4473,0.4511,0.4492,0.0019000000000000128,0.423,2749.04,1328.196
600794.SH,20050131,0.4567,0.4604,0.4473,0.4492,0.453,-0.0038000000000000256,-0.8389,4192.01,2028.608
600794.SH,20050128,0.4604,0.4633,0.4492,0.453,0.4558,-0.002799999999999969,-0.6143,1435.75,693.45
600794.SH,20050127,0.4614,0.4642,0.4539,0.4558,0.4651,-0.00930000000000003,-1.9996,635.0,311.79
600794.SH,20050126,0.4586,0.4698,0.4586,0.4651,0.4623,0.0028000000000000247,0.6057,1952.9,970.641
600794.SH,20050125,0.4726,0.4726,0.4586,0.4623,0.4689,-0.006599999999999995,-1.4075,1855.9,917.245
600794.SH,20050124,0.4773,0.482,0.4633,0.4689,0.4604,0.008500000000000008,1.8462,2838.57,1421.989
600794.SH,20050121,0.4539,0.4614,0.4408,0.4604,0.4558,0.004599999999999993,1.0092,1637.16,795.497
600794.SH,20050120,0.4558,0.4633,0.4511,0.4558,0.4595,-0.0037000000000000366,-0.8052,930.8,454.182
600794.SH,20050119,0.4576,0.4679,0.452,0.4595,0.4576,0.0019000000000000128,0.4152,1202.1,589.262
600794.SH,20050118,0.453,0.4586,0.4464,0.4576,0.452,0.005599999999999994,1.2389,1065.33,517.686
600794.SH,20050117,0.4586,0.4633,0.452,0.452,0.4642,-0.012199999999999989,-2.6282,1673.0,816.084
600794.SH,20050114,0.4689,0.4717,0.4623,0.4642,0.4679,-0.003699999999999981,-0.7908,1091.6,542.778
600794.SH,20050113,0.4661,0.4698,0.4595,0.4679,0.467,0.0008999999999999564,0.1927,990.02,491.357
600794.SH,20050112,0.467,0.467,0.4623,0.467,0.4698,-0.002799999999999969,-0.596,661.03,328.358
600794.SH,20050111,0.4698,0.4707,0.4633,0.4698,0.4698,0.0,0.0,767.0,384.854
600794.SH,20050110,0.4604,0.4726,0.4595,0.4698,0.4651,0.004699999999999982,1.0105,1019.6,508.42
600794.SH,20050107,0.4586,0.4679,0.4567,0.4651,0.4614,0.0037000000000000366,0.8019,1474.99,731.515
600794.SH,20050106,0.4689,0.4717,0.4586,0.4614,0.4707,-0.00930000000000003,-1.9758,2419.1,1201.51
600794.SH,20050105,0.4679,0.4735,0.4633,0.4707,0.4604,0.010300000000000031,2.2372,1958.22,984.435
600794.SH,20050104,0.4651,0.4707,0.4567,0.4604,0.4717,-0.011300000000000032,-2.3956,949.2,468.83
