ts_code,trade_date,open,high,low,close,pre_close,change,pct_chg,vol,amount
600976.SH,20200408,15.68,15.96,15.64,15.95,15.8,0.14999999999999858,0.9494,10764.02,17047.036
600976.SH,20200407,15.7,15.86,15.63,15.8,15.54,0.26000000000000156,1.6731,10828.12,17050.901
600976.SH,20200403,15.47,15.6,15.4,15.54,15.48,0.05999999999999872,0.3876,6472.0,10045.66
600976.SH,20200402,15.28,15.5,15.2,15.48,15.28,0.20000000000000107,1.3089,8016.01,12302.187
600976.SH,20200401,15.56,15.66,15.28,15.28,15.55,-0.27000000000000135,-1.7363,6764.0,10449.541
600976.SH,20200331,15.52,15.8,15.45,15.55,15.48,0.07000000000000028,0.4522,6671.01,10404.802
600976.SH,20200330,15.61,15.65,15.3,15.48,15.78,-0.29999999999999893,-1.9011,10229.29,15809.67
600976.SH,20200327,16.06,16.25,15.77,15.78,15.91,-0.13000000000000078,-0.8171,12729.24,20354.946
600976.SH,20200326,15.83,16.15,15.71,15.91,15.88,0.02999999999999936,0.1889,16692.0,26682.797
600976.SH,20200325,15.71,15.9,15.56,15.88,15.43,0.45000000000000107,2.9164,13039.0,20511.896
600976.SH,20200324,15.28,15.49,15.23,15.43,15.13,0.29999999999999893,1.9828,9794.83,15063.014
600976.SH,20200323,15.1,15.34,15.1,15.13,15.56,-0.4299999999999997,-2.7635,10569.25,16062.829
600976.SH,20200320,15.48,15.57,15.33,15.56,15.38,0.17999999999999972,1.1704,11416.73,17656.331
600976.SH,20200319,15.38,15.69,15.04,15.38,15.65,-0.2699999999999996,-1.7252,19984.37,30516.504
600976.SH,20200318,16.09,16.19,15.6,15.65,15.94,-0.28999999999999915,-1.8193,12755.36,20350.247
600976.SH,20200317,16.24,16.44,15.7,15.94,16.25,-0.3100000000000005,-1.9077,19328.05,30867.594
600976.SH,20200316,16.56,17.0,16.16,16.25,16.43,-0.17999999999999972,-1.0956,25155.07,41889.512
600976.SH,20200313,16.26,16.75,15.98,16.43,16.89,-0.46000000000000085,-2.7235,27878.73,45264.882
600976.SH,20200312,17.3,17.44,16.8,16.89,17.44,-0.5500000000000007,-3.1537,16114.99,27542.961
600976.SH,20200311,17.68,17.89,17.44,17.44,17.79,-0.34999999999999787,-1.9674,29466.74,51995.641
600976.SH,20200310,16.85,17.97,16.51,17.79,17.19,0.5999999999999979,3.4904,44157.06,76875.323
600976.SH,20200309,17.1,17.49,16.9,17.19,17.18,0.010000000000001563,0.0582,33620.95,57993.475
600976.SH,20200306,17.24,17.55,17.08,17.18,17.3,-0.120000000000001,-0.6936,20672.0,35766.476
600976.SH,20200305,17.32,17.36,17.16,17.3,17.26,0.03999999999999915,0.2317,19544.23,33726.252
600976.SH,20200304,16.75,17.33,16.61,17.26,16.77,0.490000000000002,2.9219,28222.99,47814.567
600976.SH,20200303,17.06,17.14,16.71,16.77,16.92,-0.15000000000000213,-0.8865,33734.69,57136.363
600976.SH,20200302,16.68,17.06,16.63,16.92,16.6,0.3200000000000003,1.9277,17637.84,29727.066
600976.SH,20200228,17.0,17.34,16.5,16.6,17.35,-0.75,-4.3228,28362.71,47727.187
600976.SH,20200227,17.41,17.6,17.16,17.35,17.39,-0.03999999999999915,-0.23,22580.84,39089.167
600976.SH,20200226,17.81,17.89,17.35,17.39,18.02,-0.629999999999999,-3.4961,36858.83,65064.908
600976.SH,20200225,17.54,18.18,17.32,18.02,17.66,0.35999999999999943,2.0385,60761.84,108560.584
600976.SH,20200224,17.89,18.18,17.55,17.66,17.94,-0.28000000000000114,-1.5608,43562.6,77346.729
600976.SH,20200221,17.08,17.98,16.85,17.94,16.97,0.9700000000000024,5.716,54205.56,94360.281
600976.SH,20200220,16.96,17.15,16.73,16.97,17.03,-0.060000000000002274,-0.3523,33230.1,56252.429
600976.SH,20200219,18.07,18.1,17.0,17.03,17.93,-0.8999999999999986,-5.0195,53018.17,92141.169
600976.SH,20200218,18.5,18.51,17.75,17.93,17.69,0.23999999999999844,1.3567,71208.36,128364.587
600976.SH,20200217,16.38,17.78,16.38,17.69,16.27,1.4200000000000017,8.7277,59431.65,101939.859
600976.SH,20200214,16.42,16.48,16.15,16.27,16.35,-0.08000000000000185,-0.4893,27703.98,44978.772
600976.SH,20200213,16.76,16.77,16.34,16.35,16.74,-0.389999999999997,-2.3297,26127.45,43019.076
600976.SH,20200212,16.76,16.84,16.56,16.74,16.75,-0.010000000000001563,-0.0597,17348.44,28994.006
600976.SH,20200211,16.69,16.87,16.4,16.75,16.77,-0.019999999999999574,-0.1193,20685.14,34402.941
600976.SH,20200210,17.41,17.41,16.65,16.77,17.33,-0.5599999999999987,-3.2314,31974.15,53956.072
600976.SH,20200207,17.39,17.72,17.03,17.33,17.51,-0.18000000000000327,-1.028,34901.78,60564.8
600976.SH,20200206,17.31,17.98,16.96,17.51,17.3,0.21000000000000085,1.2139,50623.27,89023.799
600976.SH,20200205,16.84,17.3,16.6,17.3,16.67,0.629999999999999,3.7792,43048.66,72702.099
600976.SH,20200204,15.93,16.78,15.93,16.67,15.93,0.740000000000002,4.6453,29764.27,49129.545
600976.SH,20200203,16.26,16.84,15.93,15.93,17.7,-1.7699999999999996,-10.0,52983.06,86768.273
600976.SH,20200123,18.1,18.43,17.01,17.7,18.21,-0.5100000000000016,-2.8007,42896.95,75874.718
600976.SH,20200122,19.0,19.2,18.11,18.21,18.98,-0.7699999999999996,-4.0569,41391.19,76201.214
600976.SH,20200121,18.98,19.28,18.46,18.98,18.5,0.4800000000000004,2.5946,57892.09,109544.488
600976.SH,20200120,18.19,18.5,17.97,18.5,17.89,0.6099999999999994,3.4097,29722.48,54130.218
600976.SH,20200117,18.01,18.14,17.81,17.89,17.97,-0.0799999999999983,-0.4452,14439.56,25944.477
600976.SH,20200116,18.09,18.14,17.93,17.97,17.96,0.00999999999999801,0.0557,11727.12,21146.297
600976.SH,20200115,18.17,18.32,17.88,17.96,18.25,-0.28999999999999915,-1.589,18913.0,34076.525
600976.SH,20200114,18.48,18.48,18.13,18.25,18.5,-0.25,-1.3514,15463.0,28273.217
600976.SH,20200113,18.49,18.73,18.23,18.5,18.5,0.0,0.0,30463.88,55921.324
600976.SH,20200110,17.85,18.52,17.68,18.5,17.8,0.6999999999999993,3.9326,49572.3,89914.634
600976.SH,20200109,17.57,17.87,17.56,17.8,17.54,0.26000000000000156,1.4823,23141.7,41081.458
600976.SH,20200108,17.76,17.85,17.35,17.54,17.86,-0.3200000000000003,-1.7917,18934.29,33230.539
600976.SH,20200107,17.52,17.91,17.5,17.86,17.55,0.3099999999999987,1.7664,24822.51,44111.822
600976.SH,20200106,17.58,17.66,17.36,17.55,17.63,-0.0799999999999983,-0.4538,19183.82,33601.259
600976.SH,20200103,17.76,17.8,17.56,17.63,17.84,-0.21000000000000085,-1.1771,23887.16,42110.593
600976.SH,20200102,17.55,17.89,17.55,17.84,17.77,0.07000000000000028,0.3939,27453.12,48617.589
600976.SH,20191231,17.3,17.92,17.23,17.77,17.3,0.46999999999999886,2.7168,39258.96,69274.151
600976.SH,20191230,17.28,17.34,16.92,17.3,17.21,0.08999999999999986,0.523,19035.52,32742.669
600976.SH,20191227,17.31,17.49,17.16,17.21,17.33,-0.11999999999999744,-0.6924,17942.0,31001.357
600976.SH,20191226,17.11,17.56,16.94,17.33,17.11,0.21999999999999886,1.2858,39356.39,67809.859
600976.SH,20191225,16.82,17.14,16.72,17.11,16.79,0.3200000000000003,1.9059,18313.41,31026.561
600976.SH,20191224,16.78,16.82,16.59,16.79,16.69,0.09999999999999787,0.5992,11972.0,19981.671
600976.SH,20191223,17.2,17.29,16.62,16.69,17.2,-0.509999999999998,-2.9651,14811.01,25173.505
600976.SH,20191220,17.45,17.48,17.11,17.2,17.47,-0.2699999999999996,-1.5455,17755.89,30641.219
600976.SH,20191219,17.2,17.51,17.04,17.47,17.02,0.4499999999999993,2.6439,29560.6,51141.255
600976.SH,20191218,17.14,17.2,16.94,17.02,17.16,-0.14000000000000057,-0.8159,18539.15,31602.325
600976.SH,20191217,16.97,17.25,16.9,17.16,16.9,0.26000000000000156,1.5385,27640.95,47411.049
600976.SH,20191216,16.75,17.12,16.66,16.9,16.7,0.1999999999999993,1.1976,34092.6,57771.916
600976.SH,20191213,16.7,16.8,16.53,16.7,16.67,0.029999999999997584,0.18,22552.42,37503.99
600976.SH,20191212,16.72,16.72,16.46,16.67,16.68,-0.00999999999999801,-0.06,8259.29,13687.301
600976.SH,20191211,16.58,16.77,16.52,16.68,16.58,0.10000000000000142,0.6031,8626.0,14348.498
600976.SH,20191210,16.64,16.64,16.48,16.58,16.58,0.0,0.0,9013.6,14902.66
600976.SH,20191209,16.78,16.86,16.5,16.58,16.78,-0.20000000000000284,-1.1919,12624.0,20959.775
600976.SH,20191206,16.9,17.04,16.58,16.78,16.9,-0.11999999999999744,-0.7101,10646.58,17855.881
600976.SH,20191205,16.81,17.1,16.77,16.9,16.81,0.08999999999999986,0.5354,9354.13,15849.474
600976.SH,20191204,16.61,16.91,16.61,16.81,16.79,0.019999999999999574,0.1191,11056.6,18578.055
600976.SH,20191203,16.54,16.84,16.28,16.79,16.54,0.25,1.5115,15162.0,25024.912
600976.SH,20191202,16.93,16.93,16.4,16.54,16.95,-0.41000000000000014,-2.4189,37321.83,62099.96
600976.SH,20191129,17.22,17.29,16.8,16.95,17.22,-0.2699999999999996,-1.5679,23231.33,39410.935
600976.SH,20191128,17.35,17.65,17.1,17.22,17.33,-0.10999999999999943,-0.6347,16308.6,28328.373
600976.SH,20191127,17.15,17.73,17.11,17.33,17.2,0.129999999999999,0.7558,17287.17,30101.949
600976.SH,20191126,17.48,17.48,16.92,17.2,17.45,-0.25,-1.4327,26516.87,45531.296
600976.SH,20191125,16.2,17.45,16.11,17.45,16.1,1.3499999999999979,8.3851,44871.89,76361.502
600976.SH,20191122,16.5,16.63,16.0,16.1,16.53,-0.4299999999999997,-2.6013,10919.48,17703.232
600976.SH,20191121,16.54,16.7,16.42,16.53,16.62,-0.08999999999999986,-0.5415,7047.0,11657.279
600976.SH,20191120,16.64,16.75,16.54,16.62,16.71,-0.08999999999999986,-0.5386,5923.0,9865.06
600976.SH,20191119,16.45,16.76,16.4,16.71,16.48,0.23000000000000043,1.3956,8789.0,14614.528
600976.SH,20191118,16.44,16.59,16.32,16.48,16.45,0.030000000000001137,0.1824,8360.11,13755.111
600976.SH,20191115,16.62,16.86,16.43,16.45,16.66,-0.21000000000000085,-1.2605,6445.0,10728.022
600976.SH,20191114,16.67,16.77,16.45,16.66,16.6,0.05999999999999872,0.3614,8502.22,14133.202
600976.SH,20191113,16.75,16.78,16.45,16.6,16.86,-0.259999999999998,-1.5421,7010.01,11639.485
600976.SH,20191112,16.7,16.86,16.37,16.86,16.73,0.129999999999999,0.777,16744.84,27774.084
600976.SH,20191111,17.3,17.44,16.73,16.73,17.49,-0.759999999999998,-4.3453,15113.49,25759.561
600976.SH,20191108,17.73,17.98,17.46,17.49,17.56,-0.07000000000000028,-0.3986,18391.4,32519.253
600976.SH,20191107,17.62,17.7,17.42,17.56,17.6,-0.0400000000000027,-0.2273,16940.2,29785.675
600976.SH,20191106,17.25,17.91,17.18,17.6,17.29,0.3100000000000023,1.7929,31563.32,55550.539
600976.SH,20191105,17.18,17.33,17.03,17.29,17.11,0.17999999999999972,1.052,19241.2,33073.726
600976.SH,20191104,17.0,17.42,17.0,17.11,16.99,0.120000000000001,0.7063,27051.34,46614.567
600976.SH,20191101,16.66,17.17,16.66,16.99,16.76,0.22999999999999687,1.3723,16192.0,27443.802
600976.SH,20191031,16.71,17.04,16.71,16.76,16.79,-0.029999999999997584,-0.1787,14098.53,23779.109
600976.SH,20191030,16.7,16.93,16.58,16.79,16.81,-0.019999999999999574,-0.119,8692.95,14529.688
600976.SH,20191029,17.1,17.18,16.77,16.81,17.0,-0.19000000000000128,-1.1176,7207.72,12183.942
600976.SH,20191028,16.65,17.14,16.53,17.0,16.5,0.5,3.0303,13305.31,22466.643
600976.SH,20191025,16.65,16.65,16.2,16.5,16.63,-0.129999999999999,-0.7817,9571.0,15683.219
600976.SH,20191024,16.6,16.72,16.38,16.63,16.6,0.029999999999997584,0.1807,4635.0,7678.125
600976.SH,20191023,16.43,16.81,16.43,16.6,16.42,0.17999999999999972,1.0962,12435.71,20682.503
600976.SH,20191022,16.24,16.52,16.2,16.42,16.26,0.16000000000000014,0.984,8311.12,13596.886
600976.SH,20191021,16.8,16.8,16.11,16.26,16.78,-0.5199999999999996,-3.0989,11765.93,19250.415
600976.SH,20191018,16.88,17.14,16.7,16.78,17.04,-0.259999999999998,-1.5258,9493.39,16055.711
600976.SH,20191017,17.03,17.14,16.86,17.04,17.17,-0.13000000000000256,-0.7571,7132.59,12130.897
600976.SH,20191016,16.9,17.17,16.81,17.17,16.99,0.18000000000000327,1.0594,8684.0,14709.31
600976.SH,20191015,17.22,17.29,16.91,16.99,17.23,-0.240000000000002,-1.3929,9558.0,16319.021
600976.SH,20191014,17.25,17.45,17.2,17.23,17.11,0.120000000000001,0.7013,11778.2,20378.429
600976.SH,20191011,17.3,17.36,17.03,17.11,17.28,-0.1700000000000017,-0.9838,8717.83,15000.444
600976.SH,20191010,17.49,17.49,17.1,17.28,17.02,0.26000000000000156,1.5276,7975.09,13761.238
600976.SH,20191009,16.88,17.07,16.72,17.02,17.07,-0.05000000000000071,-0.2929,6915.01,11674.742
600976.SH,20191008,16.85,17.29,16.85,17.07,16.84,0.23000000000000043,1.3658,9126.56,15606.587
600976.SH,20190930,17.2,17.36,16.84,16.84,17.17,-0.33000000000000185,-1.922,8355.0,14252.958
600976.SH,20190927,17.08,17.44,17.02,17.17,17.2,-0.029999999999997584,-0.1744,13564.74,23399.786
600976.SH,20190926,16.94,17.4,16.94,17.2,16.85,0.34999999999999787,2.0772,22227.21,38347.143
600976.SH,20190925,17.05,17.08,16.25,16.85,17.12,-0.2699999999999996,-1.5771,19372.0,32668.056
600976.SH,20190924,16.8,17.2,16.8,17.12,16.8,0.3200000000000003,1.9048,16178.39,27562.46
600976.SH,20190923,16.99,17.13,16.71,16.8,17.02,-0.21999999999999886,-1.2926,8287.0,13998.742
600976.SH,20190920,17.21,17.25,16.97,17.02,17.3,-0.28000000000000114,-1.6185,11407.96,19475.222
600976.SH,20190919,17.11,17.3,17.03,17.3,17.12,0.17999999999999972,1.0514,8904.5,15258.522
600976.SH,20190918,17.03,17.28,17.03,17.12,17.11,0.010000000000001563,0.0584,7597.0,13020.92
600976.SH,20190917,17.5,17.5,17.0,17.11,17.45,-0.33999999999999986,-1.9484,11741.15,20188.624
600976.SH,20190916,17.95,17.95,17.38,17.45,17.88,-0.4299999999999997,-2.4049,15035.1,26471.637
600976.SH,20190912,17.98,17.98,17.61,17.88,17.91,-0.030000000000001137,-0.1675,11827.06,21059.268
600976.SH,20190911,17.97,18.17,17.8,17.91,17.97,-0.05999999999999872,-0.3339,13108.66,23575.366
600976.SH,20190910,17.9,18.17,17.81,17.97,17.96,0.00999999999999801,0.0557,14889.47,26753.928
600976.SH,20190909,18.05,18.05,17.77,17.96,17.91,0.05000000000000071,0.2792,17123.78,30648.622
600976.SH,20190906,18.31,18.56,17.75,17.91,18.45,-0.5399999999999991,-2.9268,23351.52,42090.721
600976.SH,20190905,17.98,18.45,17.91,18.45,17.91,0.5399999999999991,3.0151,26519.48,48093.252
600976.SH,20190904,18.2,18.2,17.83,17.91,18.14,-0.23000000000000043,-1.2679,11997.71,21570.75
600976.SH,20190903,17.93,18.14,17.72,18.14,17.93,0.21000000000000085,1.1712,21159.03,37977.773
600976.SH,20190902,17.75,18.14,17.75,17.93,17.95,-0.019999999999999574,-0.1114,21473.07,38501.181
600976.SH,20190830,18.0,18.09,17.47,17.95,18.0,-0.05000000000000071,-0.2778,23273.62,41285.384
600976.SH,20190829,17.81,18.3,17.65,18.0,17.83,0.1700000000000017,0.9534,25312.0,45591.002
600976.SH,20190828,17.82,18.06,17.65,17.83,18.0,-0.1700000000000017,-0.9444,18337.23,32648.184
600976.SH,20190827,17.94,18.35,17.61,18.0,17.97,0.030000000000001137,0.1669,39976.65,71659.452
600976.SH,20190826,16.64,17.99,16.59,17.97,17.05,0.9199999999999982,5.3959,49194.93,86262.642
600976.SH,20190823,17.0,17.25,16.73,17.05,16.88,0.1700000000000017,1.0071,22306.38,37904.774
600976.SH,20190822,16.89,16.99,16.68,16.88,16.77,0.10999999999999943,0.6559,17630.14,29684.639
600976.SH,20190821,16.73,17.3,16.7,16.77,16.85,-0.08000000000000185,-0.4748,28890.15,49041.533
600976.SH,20190820,17.04,17.19,16.62,16.85,17.08,-0.22999999999999687,-1.3466,28851.16,48579.569
600976.SH,20190819,16.33,17.3,16.29,17.08,16.45,0.629999999999999,3.8298,48264.68,81063.417
600976.SH,20190816,15.98,17.34,15.84,16.45,16.04,0.41000000000000014,2.5561,61777.29,102761.565
600976.SH,20190815,14.47,16.04,14.41,16.04,14.58,1.459999999999999,10.0137,50212.97,77943.299
600976.SH,20190814,14.64,14.82,14.56,14.58,14.48,0.09999999999999964,0.6906,15537.84,22778.139
600976.SH,20190813,14.71,14.86,14.44,14.48,14.77,-0.28999999999999915,-1.9634,8852.84,12856.187
600976.SH,20190812,14.8,14.8,14.7,14.77,14.74,0.02999999999999936,0.2035,2851.5,4203.529
600976.SH,20190809,14.87,14.92,14.61,14.74,14.7,0.040000000000000924,0.2721,5300.86,7826.839
600976.SH,20190808,14.65,14.87,14.65,14.7,14.7,0.0,0.0,3000.06,4426.617
600976.SH,20190807,14.85,14.93,14.65,14.7,14.76,-0.0600000000000005,-0.4065,2548.67,3759.416
600976.SH,20190806,14.98,14.98,14.4,14.76,15.09,-0.33000000000000007,-2.1869,11727.86,17216.048
600976.SH,20190805,15.15,15.15,14.9,15.09,15.24,-0.15000000000000036,-0.9843,11157.54,16777.255
600976.SH,20190802,15.5,15.5,14.98,15.24,15.62,-0.379999999999999,-2.4328,10952.52,16680.088
600976.SH,20190801,15.52,15.71,15.44,15.62,15.66,-0.040000000000000924,-0.2554,5910.89,9210.348
600976.SH,20190731,15.49,15.75,15.31,15.66,15.58,0.08000000000000007,0.5135,7204.29,11189.667
600976.SH,20190730,15.27,15.64,15.1,15.58,15.38,0.1999999999999993,1.3004,11230.81,17439.201
600976.SH,20190729,15.38,15.56,15.08,15.38,15.32,0.0600000000000005,0.3916,4486.32,6890.646
600976.SH,20190726,15.3,15.47,15.2,15.32,15.44,-0.11999999999999922,-0.7772,7636.87,11672.979
600976.SH,20190725,15.38,15.68,15.22,15.44,15.39,0.049999999999998934,0.3249,7016.86,10814.743
600976.SH,20190724,15.31,15.56,15.25,15.39,15.27,0.120000000000001,0.7859,6717.0,10369.074
600976.SH,20190723,15.2,15.38,15.05,15.27,15.27,0.0,0.0,3677.9,5610.373
600976.SH,20190722,15.73,15.82,15.16,15.27,15.78,-0.5099999999999998,-3.2319,6672.39,10290.278
600976.SH,20190719,15.83,15.94,15.7,15.78,15.85,-0.07000000000000028,-0.4416,7739.04,12260.93
600976.SH,20190718,15.96,16.0,15.71,15.85,16.09,-0.2400000000000002,-1.4916,7026.51,11121.361
600976.SH,20190717,16.28,16.28,15.92,16.09,16.05,0.03999999999999915,0.2492,7116.1,11446.313
600976.SH,20190716,16.13,16.15,15.89,16.05,16.03,0.019999999999999574,0.1248,7969.5,12749.69
600976.SH,20190715,15.91,16.36,15.75,16.03,15.91,0.120000000000001,0.7542,7442.5,11912.159
600976.SH,20190712,15.99,15.99,15.8,15.91,15.91,0.0,0.0,6592.94,10474.402
600976.SH,20190711,15.97,15.99,15.82,15.91,15.85,0.0600000000000005,0.3785,4109.55,6535.624
600976.SH,20190710,16.13,16.13,15.82,15.85,16.05,-0.20000000000000107,-1.2461,8204.0,13064.038
600976.SH,20190709,16.11,16.31,15.88,16.05,16.2,-0.14999999999999858,-0.9259,9178.5,14719.776
600976.SH,20190708,16.53,16.53,16.12,16.2,16.52,-0.3200000000000003,-1.937,8170.68,13243.773
600976.SH,20190705,16.43,16.55,16.38,16.52,16.43,0.08999999999999986,0.5478,9058.0,14898.343
600976.SH,20190704,16.49,16.6,16.36,16.43,16.5,-0.07000000000000028,-0.4242,5557.71,9142.01
600976.SH,20190703,16.74,16.82,16.43,16.5,16.8,-0.3000000000000007,-1.7857,10076.4,16688.868
600976.SH,20190702,16.85,16.93,16.76,16.8,16.85,-0.05000000000000071,-0.2967,8443.04,14200.881
600976.SH,20190701,16.66,17.0,16.6,16.85,16.49,0.360000000000003,2.1831,10214.29,17198.475
600976.SH,20190628,17.05,17.12,16.45,16.49,17.0,-0.5100000000000016,-3.0,8622.98,14330.298
600976.SH,20190627,17.03,17.25,16.87,17.0,16.87,0.129999999999999,0.7706,8280.99,14099.327
600976.SH,20190626,16.78,17.29,16.77,16.87,16.87,0.0,0.0,5384.53,9130.886
600976.SH,20190625,17.09,17.12,16.72,16.87,17.2,-0.3299999999999983,-1.9186,5892.95,9932.34
600976.SH,20190624,17.2,17.45,16.92,17.2,17.36,-0.16000000000000014,-0.9217,7934.42,13558.07
600976.SH,20190621,17.28,17.58,17.15,17.36,17.09,0.2699999999999996,1.5799,16752.39,29160.599
600976.SH,20190620,16.91,17.26,16.82,17.09,17.07,0.019999999999999574,0.1172,6505.71,11116.391
600976.SH,20190619,17.2,17.38,16.9,17.07,17.08,-0.00999999999999801,-0.0585,9390.0,16059.956
600976.SH,20190618,16.44,17.18,16.42,17.08,16.72,0.35999999999999943,2.1531,13514.35,22723.424
600976.SH,20190617,16.4,16.85,16.4,16.72,16.1,0.6199999999999974,3.8509,11291.4,18803.365
600976.SH,20190614,16.23,16.44,16.08,16.1,16.36,-0.259999999999998,-1.5892,2953.19,4792.449
600976.SH,20190613,16.45,16.47,16.2,16.36,16.3,0.05999999999999872,0.3681,3308.11,5387.815
600976.SH,20190612,16.39,16.44,16.16,16.3,16.31,-0.00999999999999801,-0.0613,2153.4,3509.421
600976.SH,20190611,15.94,16.4,15.75,16.31,15.8,0.509999999999998,3.2278,5183.0,8383.999
600976.SH,20190610,15.81,16.0,15.76,15.8,15.7,0.10000000000000142,0.6369,2229.23,3542.328
600976.SH,20190606,16.22,16.34,15.7,15.7,16.25,-0.5500000000000007,-3.3846,4505.0,7180.487
600976.SH,20190605,16.2412,16.4289,16.2412,16.2511,16.2017,0.04940000000000211,0.3049,2574.0,4250.654
600976.SH,20190604,16.2115,16.3992,16.1621,16.2017,16.2313,-0.02960000000000207,-0.1824,4668.83,7682.847
600976.SH,20190603,16.2017,16.3795,16.1127,16.2313,16.1523,0.07900000000000063,0.4891,5229.1,8605.34
600976.SH,20190531,16.0041,16.3301,15.925,16.1523,16.1424,0.009900000000001796,0.0613,6847.68,11198.714
600976.SH,20190530,16.4289,16.4289,15.8855,16.1424,16.4289,-0.2865000000000002,-1.7439,8344.0,13562.712
600976.SH,20190529,16.3992,16.498,16.2115,16.4289,16.3202,0.10869999999999891,0.666,4914.0,8126.44
600976.SH,20190528,16.3795,16.5474,16.2807,16.3202,16.3992,-0.07900000000000063,-0.4817,7174.0,11925.633
600976.SH,20190527,16.0436,16.4486,16.0238,16.3992,16.1523,0.24690000000000012,1.5286,5735.01,9444.772
600976.SH,20190524,16.0436,16.2115,15.8855,16.1523,16.1424,0.009900000000001796,0.0613,4718.2,7678.158
600976.SH,20190523,16.2609,16.3696,16.0831,16.1424,16.2906,-0.14820000000000277,-0.9097,3507.0,5738.486
600976.SH,20190522,16.3696,16.4388,16.1621,16.2906,16.3696,-0.07899999999999707,-0.4826,4180.71,6902.44
600976.SH,20190521,16.2807,16.5968,15.9646,16.3696,16.2807,0.08889999999999887,0.546,8640.36,14315.822
600976.SH,20190520,16.3103,16.3103,15.9053,16.2807,16.3103,-0.02960000000000207,-0.1815,5715.13,9294.726
600976.SH,20190517,16.824,16.9031,16.3004,16.3103,16.824,-0.5137,-3.0534,7397.7,12419.713
600976.SH,20190516,16.7944,16.9228,16.6561,16.824,16.8932,-0.0691999999999986,-0.4096,6413.98,10878.368
600976.SH,20190515,16.6166,16.992,16.4684,16.8932,16.5771,0.3160999999999987,1.9068,8811.75,14926.088
600976.SH,20190514,16.8339,16.9525,16.5771,16.5771,16.8339,-0.25679999999999836,-1.5255,5574.69,9430.329
600976.SH,20190513,16.4684,16.8734,16.4684,16.8339,16.6363,0.19760000000000133,1.1878,9199.77,15613.494
600976.SH,20190510,16.4783,16.7746,15.8855,16.6363,16.3202,0.3160999999999987,1.9369,10239.35,17044.497
600976.SH,20190509,16.3103,16.6363,16.3004,16.3202,16.5474,-0.22719999999999985,-1.373,6658.74,11074.855
600976.SH,20190508,16.5474,16.9722,16.1819,16.5474,16.7746,-0.22719999999999985,-1.3544,9148.02,15399.375
600976.SH,20190507,16.7944,17.0315,16.5079,16.7746,16.5573,0.21729999999999805,1.3124,11011.69,18664.527
600976.SH,20190506,17.9503,17.9503,16.2807,16.5573,18.0886,-1.531299999999998,-8.4656,29532.99,50284.992
600976.SH,20190430,17.8317,18.3751,17.8317,18.0886,17.8317,0.25689999999999813,1.4407,9866.92,18133.458
600976.SH,20190429,18.296,18.4541,17.4464,17.8317,18.3454,-0.5137,-2.8002,26330.53,47712.211
600976.SH,20190426,19.3234,19.5605,18.2861,18.3454,19.4716,-1.1261999999999972,-5.7838,22961.13,43448.054
600976.SH,20190425,19.7285,20.1829,19.442,19.4716,19.6988,-0.22719999999999985,-1.1534,24432.06,49040.485
600976.SH,20190424,19.5605,19.8174,19.3827,19.6988,19.4815,0.21729999999999805,1.1154,16825.62,33298.978
600976.SH,20190423,19.847,19.9063,19.4815,19.4815,19.7581,-0.2765999999999984,-1.3999,17907.01,35656.229
600976.SH,20190422,19.7779,20.094,19.5704,19.7581,19.8075,-0.04940000000000211,-0.2494,23112.9,46300.384
600976.SH,20190419,20.2521,20.4003,19.6692,19.8075,20.3015,-0.4939999999999998,-2.4333,21408.97,43339.227
600976.SH,20190418,19.9458,20.3509,19.5803,20.3015,19.9458,0.35570000000000235,1.7833,20805.36,42181.735
600976.SH,20190417,19.8569,20.1928,19.7482,19.9458,20.0051,-0.05930000000000035,-0.2964,17001.72,34334.487
600976.SH,20190416,19.363,20.0249,19.2839,20.0051,19.5704,0.4346999999999994,2.2212,37974.1,76139.539
600976.SH,20190415,19.768,19.9755,19.5507,19.5704,19.5408,0.029599999999998516,0.1515,22449.97,44895.721
600976.SH,20190412,19.4815,19.6988,18.9678,19.5408,19.4025,0.13830000000000098,0.7128,25790.83,50796.95
600976.SH,20190411,19.6396,19.9063,19.3926,19.4025,19.8372,-0.4346999999999994,-2.1913,32347.45,64248.449
600976.SH,20190410,19.7878,20.1236,19.363,19.8372,19.7581,0.07910000000000039,0.4003,35455.16,71039.637
600976.SH,20190409,20.0446,20.0446,19.521,19.7581,20.2422,-0.48410000000000153,-2.3915,39788.97,79512.297
600976.SH,20190408,19.7087,20.4299,19.2642,20.2422,19.4321,0.810100000000002,4.1689,65601.89,131302.71
600976.SH,20190404,18.4738,19.8174,18.4738,19.4321,18.4343,0.997799999999998,5.4127,85553.98,168142.408
600976.SH,20190403,18.2664,18.5134,18.1478,18.4343,18.3257,0.10859999999999914,0.5926,43209.62,80171.028
600976.SH,20190402,17.7823,18.5529,17.7527,18.3257,17.7823,0.5434000000000019,3.0558,65569.15,120811.124
600976.SH,20190401,17.2686,17.8515,17.239,17.7823,17.2093,0.5730000000000004,3.3296,61643.73,109979.388
600976.SH,20190329,17.1599,17.4069,16.824,17.2093,17.1599,0.049399999999998556,0.2879,32232.91,56042.494
600976.SH,20190328,17.3378,17.6144,17.0019,17.1599,17.4168,-0.25689999999999813,-1.475,36193.7,63448.517
600976.SH,20190327,17.0019,17.4365,16.7944,17.4168,16.9821,0.4346999999999994,2.5598,40178.35,69608.207
600976.SH,20190326,17.4365,17.7329,16.7746,16.9821,17.5156,-0.5335000000000001,-3.0459,35763.66,62595.818
600976.SH,20190325,17.2587,17.565,17.0908,17.5156,17.4761,0.03950000000000031,0.226,38461.02,67372.253
600976.SH,20190322,17.8811,17.8811,17.0908,17.4761,18.2664,-0.790300000000002,-4.3265,68832.64,121839.674
600976.SH,20190321,17.1007,18.8986,17.1007,18.2664,17.239,1.0274,5.9597,59510.96,108396.046
600976.SH,20190320,17.2192,17.3674,16.9525,17.239,17.2291,0.009900000000001796,0.0575,23021.45,40075.215
600976.SH,20190319,17.239,17.3871,17.1105,17.2291,17.2686,-0.03950000000000031,-0.2287,23220.1,40466.705
600976.SH,20190318,16.8734,17.2884,16.745,17.2686,16.7648,0.5037999999999982,3.0051,36589.11,63174.279
600976.SH,20190315,16.6561,16.9031,16.6462,16.7648,16.6462,0.1186000000000007,0.7125,20668.79,35076.903
600976.SH,20190314,16.8932,16.9525,16.5968,16.6462,16.9525,-0.30630000000000024,-1.8068,22282.97,37692.391
600976.SH,20190313,17.4069,17.4069,16.8043,16.9525,17.4662,-0.5137,-2.9411,41931.69,72332.687
600976.SH,20190312,17.1698,17.4662,17.1402,17.4662,17.1698,0.296400000000002,1.7263,29119.3,51016.007
600976.SH,20190311,16.7351,17.1896,16.6857,17.1698,16.7252,0.44459999999999766,2.6583,20415.28,35019.006
600976.SH,20190308,17.1698,17.1896,16.5771,16.7252,17.3674,-0.642199999999999,-3.6977,28869.42,49375.921
600976.SH,20190307,17.4761,17.5156,17.0611,17.3674,17.4267,-0.05930000000000035,-0.3403,41442.98,72339.293
600976.SH,20190306,16.913,17.5847,16.8142,17.4267,16.7845,0.642199999999999,3.8261,54156.47,94234.067
600976.SH,20190305,16.6265,16.7845,16.5277,16.7845,16.6067,0.1778000000000013,1.0707,31182.52,52474.081
600976.SH,20190304,16.6561,17.0414,16.5079,16.6067,16.5573,0.049399999999998556,0.2984,34559.64,58547.471
600976.SH,20190301,16.5869,16.6956,16.419,16.5573,16.5573,0.0,0.0,16353.43,27336.84
600976.SH,20190228,16.4783,16.7549,16.3894,16.5573,16.3498,0.20750000000000313,1.2691,22216.0,37286.826
600976.SH,20190227,16.5968,16.7845,16.2115,16.3498,16.4783,-0.1285000000000025,-0.7798,22971.16,38455.78
600976.SH,20190226,16.5277,17.1303,16.3301,16.4783,16.4882,-0.009899999999998244,-0.06,40253.01,67989.963
600976.SH,20190225,15.925,16.5968,15.925,16.4882,16.014,0.47419999999999973,2.9612,36486.83,60144.372
600976.SH,20190222,15.9843,16.0238,15.5101,16.014,16.1029,-0.08890000000000242,-0.5521,27007.37,43003.894
600976.SH,20190221,16.4388,16.4783,15.9152,16.1029,16.4783,-0.37539999999999907,-2.2781,25265.37,41419.485
600976.SH,20190220,15.6879,16.7944,15.5892,16.4783,15.7966,0.6817000000000011,4.3155,40217.77,66436.461
600976.SH,20190219,15.6781,15.8855,15.5892,15.7966,15.6781,0.11849999999999916,0.7558,18387.64,29299.222
600976.SH,20190218,15.0656,15.8065,15.0557,15.6781,15.0261,0.652000000000001,4.3391,23385.58,36575.204
600976.SH,20190215,15.3521,15.3521,14.9964,15.0261,15.1545,-0.12840000000000096,-0.8473,9217.58,14070.978
600976.SH,20190214,15.0853,15.1841,14.9865,15.1545,15.0853,0.06920000000000037,0.4587,13672.71,20877.378
600976.SH,20190213,14.9569,15.1347,14.868,15.0853,14.9668,0.11850000000000094,0.7918,10220.97,15561.181
600976.SH,20190212,14.7198,15.2138,14.6803,14.9668,14.7494,0.2173999999999996,1.474,14004.85,21206.557
600976.SH,20190211,14.2061,14.8186,14.1567,14.7494,14.295,0.4543999999999997,3.1787,8228.83,12055.944
600976.SH,20190201,14.216,14.3148,14.0974,14.295,14.0974,0.19759999999999955,1.4017,6887.43,9907.057
600976.SH,20190131,14.2258,14.2654,14.0184,14.0974,14.216,-0.11859999999999893,-0.8343,4390.0,6275.37
600976.SH,20190130,14.0085,14.4629,14.0085,14.216,14.3148,-0.09880000000000067,-0.6902,4333.1,6269.774
600976.SH,20190129,14.4827,14.621,14.1567,14.3148,14.4827,-0.1678999999999995,-1.1593,6300.23,9161.379
600976.SH,20190128,14.6803,14.8877,14.2456,14.4827,14.6605,-0.1778000000000013,-1.2128,7310.45,10807.02
600976.SH,20190125,14.7297,14.8581,14.6605,14.6605,14.7692,-0.10869999999999891,-0.736,4399.18,6572.505
600976.SH,20190124,14.8779,14.8976,14.7396,14.7692,14.8186,-0.04940000000000033,-0.3334,7153.0,10730.95
600976.SH,20190123,14.8186,14.9371,14.7297,14.8186,14.8383,-0.019700000000000273,-0.1328,4191.0,6287.124
600976.SH,20190122,15.0261,15.0261,14.7791,14.8383,15.0261,-0.1877999999999993,-1.2498,7548.19,11349.87
600976.SH,20190121,15.0162,15.0754,14.7396,15.0261,15.2039,-0.1778000000000013,-1.1694,16884.59,25536.046
600976.SH,20190118,14.9075,15.599,14.9075,15.2039,14.4135,0.7904,5.4837,29249.49,45060.542
600976.SH,20190117,14.7099,14.7099,14.3444,14.4135,14.6902,-0.27669999999999995,-1.8836,5087.0,7457.166
600976.SH,20190116,14.5815,14.6902,14.4827,14.6902,14.5716,0.1186000000000007,0.8139,6237.31,9217.479
600976.SH,20190115,14.3642,14.6013,14.2357,14.5716,14.4827,0.08890000000000065,0.6138,5405.32,7888.908
600976.SH,20190114,14.6013,14.6704,14.3148,14.4827,14.4827,0.0,0.0,4239.53,6233.055
600976.SH,20190111,14.4432,14.6902,14.3345,14.4827,14.3444,0.1382999999999992,0.9641,5956.0,8739.778
600976.SH,20190110,14.5222,14.5617,14.3049,14.3444,14.4629,-0.11849999999999916,-0.8193,3530.0,5158.941
600976.SH,20190109,14.4135,14.6902,14.3246,14.4629,14.4135,0.049399999999998556,0.3427,6352.09,9355.097
600976.SH,20190108,14.5025,14.5025,14.2555,14.4135,14.4531,-0.0395999999999983,-0.274,2699.0,3938.924
600976.SH,20190107,14.2258,14.4926,14.2061,14.4531,14.2061,0.2469999999999999,1.7387,5965.0,8698.049
600976.SH,20190104,13.8504,14.2851,13.6331,14.2061,13.9492,0.2568999999999999,1.8417,7707.01,10934.205
600976.SH,20190103,13.8801,14.2061,13.8801,13.9492,13.9887,-0.03950000000000031,-0.2824,3060.0,4338.971
600976.SH,20190102,14.1073,14.1765,13.89,13.9887,14.1073,-0.1186000000000007,-0.8407,5219.21,7383.88
600976.SH,20181228,14.2061,14.2752,13.8307,14.1073,14.2061,-0.09879999999999889,-0.6955,1541.12,2205.553
600976.SH,20181227,14.5222,14.6013,14.1666,14.2061,14.3345,-0.12840000000000096,-0.8957,3592.0,5226.254
600976.SH,20181226,14.3246,14.4728,14.295,14.3345,14.3246,0.00990000000000002,0.0691,2715.99,3952.621
600976.SH,20181225,14.4432,14.4531,14.1369,14.3246,14.4432,-0.11859999999999893,-0.8211,3979.0,5749.091
600976.SH,20181224,14.3444,14.5914,14.2061,14.4432,14.3444,0.09879999999999889,0.6888,3924.0,5747.473
600976.SH,20181221,14.3148,14.4234,14.2357,14.3444,14.3543,-0.00990000000000002,-0.069,2896.0,4188.516
600976.SH,20181220,14.3246,14.4037,14.0283,14.3543,14.3444,0.00990000000000002,0.069,3241.0,4678.667
600976.SH,20181219,14.4234,14.5222,14.1962,14.3444,14.4037,-0.05930000000000035,-0.4117,4693.22,6815.454
600976.SH,20181218,14.3642,14.5519,14.2752,14.4037,14.4037,0.0,0.0,4420.0,6456.461
600976.SH,20181217,14.5914,14.7198,14.3345,14.4037,14.6111,-0.2073999999999998,-1.4195,5510.56,8098.81
600976.SH,20181214,14.8285,14.9767,14.542,14.6111,14.868,-0.2568999999999999,-1.7279,5466.0,8170.87
600976.SH,20181213,14.8087,15.1446,14.8087,14.868,14.789,0.07900000000000063,0.5342,10059.92,15248.606
600976.SH,20181212,14.9075,15.0754,14.7692,14.789,14.8186,-0.029600000000000293,-0.1997,3220.0,4854.188
600976.SH,20181211,14.8087,15.0557,14.7,14.8186,14.8087,0.00990000000000002,0.0669,7012.18,10536.698
600976.SH,20181210,15.0162,15.194,14.6803,14.8087,15.115,-0.30630000000000024,-2.0265,7237.71,10864.717
600976.SH,20181207,15.4607,15.4607,14.9964,15.115,15.441,-0.3260000000000005,-2.1113,8830.0,13529.04
600976.SH,20181206,15.767,16.0535,15.3619,15.441,15.6682,-0.22719999999999985,-1.4501,10975.87,17416.015
600976.SH,20181205,15.6089,15.9349,15.5101,15.6682,15.7966,-0.12839999999999918,-0.8128,7223.19,11478.484
600976.SH,20181204,15.6583,15.925,15.5694,15.7966,15.6484,0.14819999999999922,0.9471,9828.83,15663.168
600976.SH,20181203,15.3619,15.7571,15.2631,15.6484,15.1841,0.4642999999999997,3.0578,16770.0,26370.055
600976.SH,20181130,15.3125,15.5101,14.9273,15.1841,15.3125,-0.12839999999999918,-0.8385,6941.05,10696.392
600976.SH,20181129,15.6978,15.6978,15.2829,15.3125,15.6879,-0.37540000000000084,-2.3929,11747.0,18370.836
600976.SH,20181128,15.3619,16.0436,14.0974,15.6879,15.441,0.24690000000000012,1.599,15850.19,25175.08
600976.SH,20181127,15.2434,15.6089,15.2434,15.441,15.273,0.16800000000000104,1.1,9494.94,14827.334
600976.SH,20181126,15.1446,15.4607,15.1446,15.273,15.1742,0.09879999999999889,0.6511,5911.57,9162.701
600976.SH,20181123,16.093,16.093,15.1347,15.1742,16.0041,-0.8299000000000003,-5.1855,9182.83,14383.037
600976.SH,20181122,15.8065,16.093,15.6781,16.0041,15.6484,0.35570000000000057,2.2731,7946.0,12752.156
600976.SH,20181121,15.7966,15.8559,15.5595,15.6484,15.8559,-0.20749999999999957,-1.3087,13235.56,20982.471
600976.SH,20181120,16.3992,16.6363,15.8065,15.8559,16.498,-0.642100000000001,-3.892,13805.54,22567.682
600976.SH,20181119,16.0535,16.5178,16.0535,16.498,16.1127,0.38530000000000086,2.3913,10205.2,16816.924
600976.SH,20181116,16.0337,16.3992,16.0041,16.1127,16.1029,0.009799999999998477,0.0609,8726.27,14305.431
600976.SH,20181115,15.7176,16.1029,15.6386,16.1029,15.7571,0.3458000000000023,2.1946,10046.25,16180.737
600976.SH,20181114,15.8361,16.0732,15.6188,15.7571,15.8361,-0.07900000000000063,-0.4989,9055.41,14548.906
600976.SH,20181113,15.6583,15.9744,15.6089,15.8361,15.9448,-0.10870000000000068,-0.6817,12304.58,19691.075
600976.SH,20181112,15.4015,15.9843,15.3619,15.9448,15.5496,0.3952000000000009,2.5415,15019.07,23886.835
600976.SH,20181109,14.9964,15.5793,14.9075,15.5496,14.947,0.6026000000000007,4.0316,15327.02,23815.457
600976.SH,20181108,15.1644,15.3125,14.9273,14.947,15.1248,-0.1778000000000013,-1.1756,6591.63,10095.423
600976.SH,20181107,15.0754,15.2631,15.0359,15.1248,15.0754,0.04940000000000033,0.3277,6454.65,9912.299
600976.SH,20181106,15.273,15.273,14.9075,15.0754,15.1545,-0.07910000000000039,-0.522,8155.06,12398.375
600976.SH,20181105,15.1545,15.3718,14.9569,15.1545,15.1248,0.02970000000000006,0.1964,12340.85,18954.882
600976.SH,20181102,14.9668,15.3027,14.9668,15.1248,14.8482,0.2766000000000002,1.8629,14255.12,21808.718
600976.SH,20181101,14.6408,15.0359,14.5519,14.8482,14.6309,0.21729999999999983,1.4852,15755.82,23684.535
600976.SH,20181031,14.3345,14.7494,14.3148,14.6309,14.3148,0.3161000000000005,2.2082,8239.63,12166.433
600976.SH,20181030,14.2258,14.5519,13.9394,14.3148,14.3148,0.0,0.0,7719.18,11117.411
600976.SH,20181029,14.9174,14.9174,14.2258,14.3148,14.868,-0.5532000000000004,-3.7207,12749.58,18767.952
600976.SH,20181026,14.1765,14.868,14.1765,14.868,14.1765,0.6914999999999996,4.8778,18042.21,26790.772
600976.SH,20181025,14.374,14.4234,13.8504,14.1765,14.5519,-0.37539999999999907,-2.5797,10545.54,15061.296
600976.SH,20181024,14.5123,14.7494,14.3543,14.5519,14.621,-0.0691000000000006,-0.4726,8220.0,12102.292
600976.SH,20181023,14.7396,14.9273,14.5123,14.621,14.9569,-0.33589999999999876,-2.2458,9801.79,14626.606
600976.SH,20181022,14.4037,15.1347,14.1567,14.9569,14.3148,0.6420999999999992,4.4856,12630.44,18843.257
600976.SH,20181019,13.9295,14.4333,13.5244,14.3148,14.1567,0.15809999999999924,1.1168,13054.31,18397.548
600976.SH,20181018,14.2258,14.3049,13.7121,14.1567,14.2258,-0.06909999999999883,-0.4857,7379.0,10504.381
600976.SH,20181017,14.6704,14.7198,13.89,14.2258,14.4135,-0.1877000000000013,-1.3023,6745.15,9780.931
600976.SH,20181016,14.5617,14.868,14.3049,14.4135,14.5617,-0.14819999999999922,-1.0177,6282.65,9306.914
600976.SH,20181015,15.0458,15.1644,14.4234,14.5617,14.868,-0.30630000000000024,-2.0601,6774.0,10196.155
600976.SH,20181012,14.3345,14.9075,14.1666,14.868,14.4926,0.37540000000000084,2.5903,10194.88,14997.403
600976.SH,20181011,15.3125,15.3619,14.1073,14.4926,15.6781,-1.185500000000001,-7.5615,15769.43,23353.955
600976.SH,20181010,15.6879,15.7373,15.4706,15.6781,15.6089,0.06920000000000037,0.4433,3858.59,6096.593
600976.SH,20181009,15.9942,15.9942,15.5496,15.6089,15.8559,-0.2469999999999999,-1.5578,11732.15,18749.305
600976.SH,20181008,15.7867,16.2017,15.7571,15.8559,15.9448,-0.08890000000000065,-0.5575,17558.64,28276.215
600976.SH,20180928,15.8559,16.2017,15.8559,15.9448,15.8559,0.08890000000000065,0.5607,8502.91,13716.404
600976.SH,20180927,16.3894,16.4289,15.8559,15.8559,16.3992,-0.5433000000000003,-3.313,18359.57,30001.357
600976.SH,20180926,16.2906,16.6462,16.2412,16.3992,16.5573,-0.15810000000000102,-0.9549,24292.53,40251.556
600976.SH,20180925,17.2093,17.2093,15.8164,16.5573,17.318,-0.7606999999999999,-4.3925,48227.97,79476.74
600976.SH,20180921,17.0315,17.4464,16.8043,17.318,17.0315,0.2865000000000002,1.6822,12657.2,21945.593
600976.SH,20180920,17.4365,17.4365,17.0216,17.0315,17.4365,-0.4049999999999976,-2.3227,5704.63,9940.079
600976.SH,20180919,17.2785,17.5353,17.1994,17.4365,17.2884,0.14809999999999945,0.8566,4889.8,8597.271
600976.SH,20180918,16.9426,17.3378,16.9426,17.2884,17.0809,0.20749999999999957,1.2148,4096.28,7111.989
600976.SH,20180917,17.5748,17.5748,17.0513,17.0809,17.6736,-0.5927000000000007,-3.3536,5793.04,10086.529
600976.SH,20180914,17.891,17.891,17.6638,17.6736,17.8613,-0.18769999999999953,-1.0509,2629.0,4715.861
600976.SH,20180913,17.8613,18.1478,17.6736,17.8613,17.8317,0.029599999999998516,0.166,3154.0,5690.224
600976.SH,20180912,17.8811,17.97,17.723,17.8317,17.8811,-0.049399999999998556,-0.2763,1763.0,3183.907
600976.SH,20180911,17.8613,17.9601,17.6835,17.8811,17.9404,-0.05930000000000035,-0.3305,2609.1,4712.23
600976.SH,20180910,18.3553,18.3553,17.7823,17.9404,18.2071,-0.26670000000000016,-1.4648,3385.53,6140.258
600976.SH,20180907,18.3355,18.5628,17.7823,18.2071,18.1873,0.01980000000000004,0.1089,6870.61,12641.938
600976.SH,20180906,18.3751,18.5134,18.1478,18.1873,18.4146,-0.2272999999999996,-1.2343,2446.0,4531.178
600976.SH,20180905,18.4936,18.7109,18.3849,18.4146,18.6121,-0.19750000000000156,-1.0611,1470.3,2756.485
600976.SH,20180904,18.3849,18.7406,18.3158,18.6121,18.3158,0.29630000000000223,1.6177,2956.11,5518.681
600976.SH,20180903,18.2861,18.4244,18.0589,18.3158,18.4047,-0.08889999999999887,-0.483,3119.82,5763.933
600976.SH,20180831,18.5529,18.7999,18.2763,18.4047,18.7208,-0.31610000000000227,-1.6885,1929.0,3618.377
600976.SH,20180830,18.8394,18.9283,18.5924,18.7208,18.9876,-0.2667999999999999,-1.4051,2950.0,5595.938
600976.SH,20180829,19.0468,19.1654,18.869,18.9876,19.0369,-0.04929999999999879,-0.259,1694.0,3247.509
600976.SH,20180828,19.0765,19.1061,18.9184,19.0369,19.1259,-0.08900000000000219,-0.4653,2317.53,4461.952
600976.SH,20180827,18.8196,19.2247,18.7505,19.1259,18.7406,0.38530000000000086,2.056,5588.53,10749.155
600976.SH,20180824,18.7109,18.869,18.6517,18.7406,18.8394,-0.09880000000000067,-0.5244,2176.0,4126.058
600976.SH,20180823,18.1972,18.9283,17.9898,18.8394,18.4343,0.4051000000000009,2.1975,7900.91,14983.394
600976.SH,20180822,18.622,18.622,18.2763,18.4343,18.7109,-0.2765999999999984,-1.4783,2694.2,5033.495
600976.SH,20180821,18.3059,18.8196,18.217,18.7109,18.2763,0.43459999999999965,2.3779,5246.08,9876.62
600976.SH,20180820,18.5726,18.5726,17.9009,18.2763,18.5726,-0.29630000000000223,-1.5954,4426.76,8148.318
600976.SH,20180817,19.1061,19.1061,18.2861,18.5726,18.9579,-0.3852999999999973,-2.0324,6195.52,11715.897
600976.SH,20180816,18.9085,19.1061,18.6714,18.9579,18.9579,0.0,0.0,3965.02,7599.48
600976.SH,20180815,19.4716,19.4716,18.8789,18.9579,19.4914,-0.5335000000000001,-2.7371,4496.0,8702.714
600976.SH,20180814,19.363,19.6396,19.274,19.4914,19.363,0.12839999999999918,0.6631,3169.0,6243.578
600976.SH,20180813,19.442,19.5507,18.9974,19.363,19.6001,-0.23710000000000164,-1.2097,4743.42,9280.84
600976.SH,20180810,19.2642,19.6988,19.2148,19.6001,19.4222,0.17790000000000106,0.916,7128.12,14074.168
600976.SH,20180809,18.8196,19.5507,18.8196,19.4222,19.0073,0.4148999999999994,2.1828,7183.84,14023.326
600976.SH,20180808,19.3136,19.4222,18.7801,19.0073,19.3136,-0.30630000000000024,-1.5859,5956.01,11490.017
600976.SH,20180807,19.0271,19.3136,18.8097,19.3136,18.7801,0.5335000000000001,2.8408,5736.97,11099.026
600976.SH,20180806,19.0666,19.1753,18.7208,18.7801,19.1555,-0.37539999999999907,-1.9598,4683.0,9014.314
600976.SH,20180803,19.4519,19.4519,19.0073,19.1555,19.4519,-0.29639999999999844,-1.5238,6391.0,12388.55
600976.SH,20180802,19.2839,19.5803,18.8394,19.4519,19.3234,0.12849999999999895,0.665,11468.66,22369.489
600976.SH,20180801,20.262,20.42,19.0962,19.3234,20.262,-0.938600000000001,-4.6323,15273.2,30442.704
600976.SH,20180731,20.2718,20.4694,20.1829,20.262,20.5188,-0.25679999999999836,-1.2515,6442.0,13250.387
600976.SH,20180730,20.3015,20.5978,20.173,20.5188,20.499,0.01980000000000004,0.0966,8818.0,18181.825
600976.SH,20180727,20.746,20.746,20.2718,20.499,20.6868,-0.18780000000000285,-0.9078,11797.0,24486.159
600976.SH,20180726,19.8174,20.9436,19.7779,20.6868,19.7976,0.8892000000000024,4.4915,25159.79,52214.425
600976.SH,20180725,19.4716,20.015,19.363,19.7976,20.1434,-0.34580000000000055,-1.7167,16935.55,33819.917
600976.SH,20180724,19.6099,20.3113,19.6099,20.1434,19.6988,0.4446000000000012,2.257,11979.95,24252.694
600976.SH,20180723,19.8174,19.8174,19.3234,19.6988,19.9952,-0.296400000000002,-1.4824,8088.7,16034.472
600976.SH,20180720,19.9656,20.0545,19.6297,19.9952,19.847,0.14819999999999922,0.7467,8879.61,17797.722
600976.SH,20180719,20.1829,20.3904,19.7779,19.847,20.2126,-0.36559999999999704,-1.8088,8999.0,18246.15
600976.SH,20180718,20.4497,20.6176,20.0841,20.2126,20.3706,-0.15800000000000125,-0.7756,8204.05,16816.313
600976.SH,20180717,20.3509,20.4398,19.9853,20.3706,20.3509,0.019700000000000273,0.0968,5412.71,11084.502
600976.SH,20180716,20.667,20.667,20.0347,20.3509,20.667,-0.31610000000000227,-1.5295,8891.61,18262.189
600976.SH,20180713,20.667,20.8942,20.4299,20.667,20.667,0.0,0.0,15695.15,32803.74
600976.SH,20180712,19.3926,20.8942,19.3926,20.667,19.4124,1.2546,6.4629,17170.32,35442.147
600976.SH,20180711,19.7779,19.7779,19.1061,19.4124,19.9557,-0.5432999999999986,-2.7225,11521.0,22565.037
600976.SH,20180710,20.015,20.0347,19.6198,19.9557,19.8569,0.09880000000000067,0.4976,10140.58,20344.843
600976.SH,20180709,19.2345,19.8767,19.1061,19.8569,19.2247,0.632200000000001,3.2885,16222.12,32032.899
600976.SH,20180706,19.2444,19.7186,18.7702,19.2247,19.2049,0.01980000000000004,0.1031,16364.12,31860.374
600976.SH,20180705,19.4914,19.9458,19.0666,19.2049,19.8174,-0.6125000000000007,-3.0907,8272.62,16429.227
600976.SH,20180704,19.8569,19.9359,19.5704,19.8174,19.6988,0.1186000000000007,0.6021,14955.63,29926.761
600976.SH,20180703,20.1829,20.5089,19.1259,19.6988,20.2817,-0.5829000000000022,-2.874,26509.63,52776.718
600976.SH,20180702,20.6868,20.6868,19.9162,20.2817,20.7361,-0.4543999999999997,-2.1913,13985.55,28888.47
600976.SH,20180629,20.2126,20.746,20.1335,20.7361,20.2224,0.5137,2.5403,17089.85,35406.321
600976.SH,20180628,20.3015,20.5188,19.9656,20.2224,20.3509,-0.12849999999999895,-0.6314,7304.68,14998.4
600976.SH,20180627,21.0622,21.1116,20.0743,20.3509,21.0523,-0.7013999999999996,-3.3317,6707.51,13936.246
600976.SH,20180626,21.2103,21.2103,20.4497,21.0523,21.2202,-0.1678999999999995,-0.7912,5760.0,12171.232
600976.SH,20180625,21.2499,21.6253,21.072,21.2202,21.24,-0.01980000000000004,-0.0932,4403.0,9503.797
600976.SH,20180622,21.1708,21.4376,20.9041,21.24,21.1708,0.0691999999999986,0.3269,6913.0,14856.228
600976.SH,20180621,22.1093,22.3958,20.6966,21.1708,22.0896,-0.918800000000001,-4.1594,19317.6,41785.409
600976.SH,20180620,22.139,22.6626,21.9118,22.0896,22.139,-0.049399999999998556,-0.2231,6155.39,13801.029
600976.SH,20180619,23.1269,23.5517,21.1412,22.139,23.1664,-1.0274,-4.4349,5600.0,12555.766
600976.SH,20180615,23.7888,24.0753,22.8601,23.1664,23.9172,-0.7508000000000017,-3.1392,6064.69,14276.171
600976.SH,20180614,24.2432,24.4013,23.7888,23.9172,24.1839,-0.26670000000000016,-1.1028,2153.5,5239.017
600976.SH,20180613,24.3815,24.6087,24.0061,24.1839,24.3716,-0.18769999999999953,-0.7702,2408.62,5927.839
600976.SH,20180612,24.3025,24.7273,23.7789,24.3716,24.2531,0.11850000000000094,0.4886,4072.0,9994.494
600976.SH,20180611,24.994,25.1323,24.2531,24.2531,25.0039,-0.7508000000000017,-3.0027,5575.0,13838.9
600976.SH,20180608,25.2904,25.3991,24.7964,25.0039,25.2904,-0.2865000000000002,-1.1328,3978.0,10092.147
600976.SH,20180607,25.3892,25.5275,25.0829,25.2904,25.4485,-0.15809999999999746,-0.6213,5376.65,13752.219
600976.SH,20180606,25.1916,25.4485,24.994,25.4485,25.2114,0.2370999999999981,0.9404,4519.43,11566.071
600976.SH,20180605,24.6977,25.2805,24.6285,25.2114,24.8854,0.3260000000000005,1.31,5027.43,12733.84
600976.SH,20180604,25.0731,25.5374,24.4112,24.8854,25.0928,-0.2073999999999998,-0.8265,5635.23,14142.567
600976.SH,20180601,25.6856,25.6856,24.5001,25.0928,25.488,-0.3951999999999991,-1.5505,16111.55,40693.834
600976.SH,20180531,25.2918,25.6742,25.0958,25.4879,25.1546,0.33330000000000126,1.325,6056.5,15704.954
600976.SH,20180530,25.7526,25.7526,24.8311,25.1546,25.9977,-0.8430999999999997,-3.243,10302.73,26447.62
600976.SH,20180529,27.4485,27.5367,25.9781,25.9977,27.4779,-1.4802000000000035,-5.3869,12178.94,33352.612
600976.SH,20180528,26.9093,27.5171,26.7329,27.4779,26.7133,0.7646000000000015,2.8622,11500.45,31892.292
600976.SH,20180525,26.978,27.625,26.5858,26.7133,27.0564,-0.34309999999999974,-1.2681,10390.59,28654.481
600976.SH,20180524,26.7133,27.3995,26.6937,27.0564,26.8995,0.15690000000000026,0.5833,8081.72,22269.113
600976.SH,20180523,26.8113,27.5465,26.5662,26.8995,26.7917,0.107800000000001,0.4024,14156.0,39189.522
600976.SH,20180522,26.4388,26.9191,26.3996,26.7917,26.3996,0.3920999999999992,1.4852,6159.86,16811.502
600976.SH,20180521,26.6545,26.8309,26.1349,26.3996,26.6545,-0.25489999999999924,-0.9563,13046.65,35059.377
600976.SH,20180518,26.2721,27.3015,26.1545,26.6545,26.2721,0.3824000000000005,1.4555,7458.61,20251.42
600976.SH,20180517,26.8015,27.0074,26.2721,26.2721,26.8603,-0.5882000000000005,-2.1898,7196.42,19580.476
600976.SH,20180516,26.6447,26.978,26.3212,26.8603,26.6545,0.20579999999999998,0.7721,8286.1,22664.384
600976.SH,20180515,26.4192,26.7035,25.9879,26.6545,26.2623,0.392199999999999,1.4934,7966.89,21455.587
600976.SH,20180514,25.9585,26.3212,25.1056,26.2623,25.8212,0.4410999999999987,1.7083,9662.76,25451.112
600976.SH,20180511,26.0173,26.3114,25.6153,25.8212,26.1643,-0.34309999999999974,-1.3113,9477.75,25114.982
600976.SH,20180510,25.7526,26.3898,25.5957,26.1643,25.7624,0.40190000000000126,1.56,9920.1,26362.673
600976.SH,20180509,25.9879,26.1643,25.3899,25.7624,25.88,-0.11759999999999948,-0.4544,10785.5,28169.251
600976.SH,20180508,26.1741,26.1741,25.7134,25.88,25.9781,-0.0981000000000023,-0.3776,10299.13,27208.921
600976.SH,20180507,25.7722,26.9584,25.3213,25.9781,25.7624,0.21570000000000178,0.8373,19627.16,52382.772
600976.SH,20180504,24.7233,25.8212,24.7233,25.7624,25.0566,0.7058,2.8168,14384.21,37264.733
600976.SH,20180503,24.988,25.282,24.488,25.0566,24.9389,0.11769999999999925,0.472,15670.59,39676.835
600976.SH,20180502,23.6253,25.6546,23.4391,24.9389,23.3214,1.6174999999999997,6.9357,28573.98,71962.89
600976.SH,20180427,23.6057,23.841,23.1352,23.3214,23.5077,-0.18629999999999924,-0.7925,7128.2,17067.358
600976.SH,20180426,23.2332,23.5861,23.1352,23.5077,23.4097,0.09799999999999898,0.4186,4630.33,11072.137
600976.SH,20180425,23.145,23.5077,22.8999,23.4097,23.1058,0.3039000000000023,1.3153,5204.89,12346.559
600976.SH,20180424,22.547,23.2332,22.4588,23.1058,22.6842,0.421599999999998,1.8586,3789.85,8837.149
600976.SH,20180423,22.7725,23.2038,22.2333,22.6842,23.0273,-0.34309999999999974,-1.49,5068.89,11694.194
600976.SH,20180420,23.292,23.292,22.8901,23.0273,23.1646,-0.13729999999999976,-0.5927,3388.41,7973.275
600976.SH,20180419,22.8215,23.3214,22.6058,23.1646,22.9195,0.24510000000000076,1.0694,5672.9,13254.097
600976.SH,20180418,22.8901,22.9391,22.3705,22.9195,22.6254,0.29410000000000025,1.2999,6540.3,15073.266
600976.SH,20180417,23.3312,23.3312,22.3019,22.6254,23.3214,-0.6960000000000015,-2.9844,6576.59,15438.58
600976.SH,20180416,23.3803,23.4293,22.8215,23.3214,23.4685,-0.14709999999999823,-0.6268,7681.74,18088.472
600976.SH,20180413,23.3214,23.5273,23.2724,23.4685,23.4097,0.058799999999997965,0.2512,4541.81,10860.368
600976.SH,20180412,23.0862,23.5175,23.0862,23.4097,23.194,0.21570000000000178,0.93,5111.84,12181.814
600976.SH,20180411,23.792,23.792,23.1352,23.194,23.4881,-0.29410000000000025,-1.2521,6260.65,14901.238
600976.SH,20180410,23.3508,23.5077,23.1842,23.4881,23.3803,0.107800000000001,0.4611,5872.09,13993.782
600976.SH,20180409,22.9195,23.4979,22.9195,23.3803,23.0273,0.352999999999998,1.533,6423.08,15235.938
600976.SH,20180404,23.194,23.6351,22.7529,23.0273,23.1744,-0.14709999999999823,-0.6348,11472.49,27119.625
600976.SH,20180403,22.8117,23.4881,22.8117,23.1744,23.0862,0.08819999999999695,0.382,6341.2,15016.641
600976.SH,20180402,23.0666,23.6155,23.0175,23.0862,23.0666,0.019600000000000506,0.085,10811.9,25686.217
600976.SH,20180330,22.547,23.1842,22.449,23.0666,22.547,0.5196000000000005,2.3045,12863.56,30179.111
600976.SH,20180329,22.5372,22.7234,22.3509,22.547,22.4098,0.1372,0.6122,4384.57,10077.07
600976.SH,20180328,22.449,22.9195,22.2039,22.4098,22.7038,-0.2940000000000005,-1.2949,5147.49,11825.409
600976.SH,20180327,22.0961,22.9195,22.0961,22.7038,21.998,0.7058,3.2085,10040.01,23159.338
600976.SH,20180326,20.8021,22.0078,20.2531,21.998,21.0275,0.9705000000000013,4.6154,7503.07,16178.186
600976.SH,20180323,21.5667,21.7628,20.8805,21.0275,21.9,-0.8724999999999987,-3.984,8090.2,17566.242
600976.SH,20180322,22.0568,22.0568,21.7922,21.9,22.0764,-0.176400000000001,-0.799,5743.14,12847.308
600976.SH,20180321,22.596,22.596,21.851,22.0764,22.4686,-0.392199999999999,-1.7455,10974.89,24821.942
600976.SH,20180320,21.6157,22.498,21.204,22.4686,21.6157,0.8528999999999982,3.9457,12330.69,27802.787
600976.SH,20180319,21.6157,21.7824,21.4981,21.6157,21.7333,-0.11759999999999948,-0.5411,7515.87,16573.749
600976.SH,20180316,21.5961,21.8412,21.5961,21.7333,21.6647,0.0686,0.3166,3326.77,7362.043
600976.SH,20180315,21.8608,22.1353,21.351,21.6647,22.0372,-0.3724999999999987,-1.6903,7439.57,16498.59
600976.SH,20180314,21.5863,22.6352,21.5667,22.0372,21.7333,0.3038999999999987,1.3983,12191.43,27438.576
600976.SH,20180313,21.7529,21.802,21.4196,21.7333,21.7529,-0.019600000000000506,-0.0901,8253.02,18195.089
600976.SH,20180312,21.6451,22.3411,21.3902,21.7529,21.5961,0.1568000000000005,0.7261,12758.23,28485.463
600976.SH,20180309,21.0765,21.6157,21.0765,21.5961,21.1844,0.41169999999999973,1.9434,7624.55,16664.17
600976.SH,20180308,20.7334,21.3118,20.6844,21.1844,20.8021,0.38230000000000075,1.8378,5639.09,12135.904
600976.SH,20180307,20.8805,21.0373,20.7138,20.8021,20.9687,-0.16659999999999897,-0.7945,4605.16,9794.474
600976.SH,20180306,20.7726,21.0765,20.5864,20.9687,20.7334,0.23529999999999873,1.1349,6273.25,13355.963
600976.SH,20180305,20.753,20.7824,20.4099,20.7334,20.753,-0.019600000000000506,-0.0944,7754.66,16302.775
600976.SH,20180302,20.4491,20.7628,20.3707,20.753,20.4884,0.2646000000000015,1.2915,9197.2,19311.217
600976.SH,20180301,20.4099,20.5472,20.3903,20.4884,20.4786,0.009799999999998477,0.0479,9421.28,19673.054
600976.SH,20180228,20.6354,20.6354,20.2041,20.4786,20.6648,-0.18619999999999948,-0.901,4092.01,8530.117
600976.SH,20180227,20.6844,20.6844,20.4589,20.6648,20.6452,0.019600000000000506,0.0949,4593.7,9627.664
600976.SH,20180226,20.0668,20.7432,20.0668,20.6452,20.2335,0.41169999999999973,2.0347,5122.88,10684.588
600976.SH,20180223,20.1943,20.2629,19.1944,20.2335,20.1452,0.08830000000000027,0.4383,7760.98,15815.5
600976.SH,20180222,20.1845,20.3413,19.9982,20.1452,20.0276,0.11759999999999948,0.5872,6271.8,12831.091
600976.SH,20180214,19.8806,20.2139,19.4198,20.0276,19.8119,0.21569999999999823,1.0887,5221.3,10567.673
600976.SH,20180213,19.9002,20.057,19.5865,19.8119,19.7531,0.05880000000000152,0.2977,5975.0,12093.976
600976.SH,20180212,19.4884,19.9786,19.2336,19.7531,19.5277,0.2254000000000005,1.1543,7759.0,15588.979
600976.SH,20180209,19.8512,19.8512,18.5866,19.5277,20.1747,-0.647000000000002,-3.207,9812.0,19296.792
600976.SH,20180208,20.1943,20.3021,19.9982,20.1747,20.2139,-0.03919999999999746,-0.1939,10930.39,22542.53
600976.SH,20180207,20.5374,20.704,19.7237,20.2139,20.1943,0.019600000000000506,0.0971,19856.45,40658.698
600976.SH,20180206,22.1745,22.5568,20.1649,20.1943,22.3999,-2.2056000000000004,-9.8465,18804.69,41337.498
600976.SH,20180205,22.1843,22.5764,21.9784,22.3999,22.498,-0.0981000000000023,-0.436,5700.97,12995.982
600976.SH,20180202,22.5568,22.6842,22.1647,22.498,22.694,-0.19599999999999795,-0.8637,15983.38,36728.273
600976.SH,20180201,23.1156,23.2234,21.9784,22.694,23.1156,-0.42160000000000153,-1.8239,11855.44,27448.629
600976.SH,20180131,23.3901,23.5469,23.0764,23.1156,23.4979,-0.38230000000000075,-1.627,7387.0,17456.404
600976.SH,20180130,23.2822,23.5763,23.243,23.4979,23.4391,0.05880000000000152,0.2509,5421.0,12958.024
600976.SH,20180129,23.2626,23.8018,23.2626,23.4391,23.7528,-0.31370000000000076,-1.3207,5742.0,13760.952
600976.SH,20180126,23.8018,23.89,23.6351,23.7528,23.841,-0.0882000000000005,-0.37,5139.0,12452.728
600976.SH,20180125,23.6351,23.9292,23.5371,23.841,23.6743,0.1667000000000023,0.7041,8170.97,19849.956
600976.SH,20180124,23.3116,23.6939,23.2332,23.6743,23.4391,0.23519999999999897,1.0035,10623.35,25526.45
600976.SH,20180123,23.5175,23.6449,23.2822,23.4391,23.5273,-0.0882000000000005,-0.3749,7532.72,17961.378
600976.SH,20180122,23.2332,23.6449,23.1842,23.5273,23.2332,0.29410000000000025,1.2659,9326.14,22215.274
600976.SH,20180119,22.9979,23.2822,22.9489,23.2332,22.9979,0.23529999999999873,1.0231,26147.93,61757.727
600976.SH,20180118,23.0862,23.2332,22.9391,22.9979,23.1058,-0.10789999999999722,-0.467,7639.24,17983.797
600976.SH,20180117,23.243,23.4195,22.9587,23.1058,23.3312,-0.2254000000000005,-0.9661,9830.64,23191.372
600976.SH,20180116,22.8509,23.9096,22.8509,23.3312,23.9096,-0.578400000000002,-2.4191,17838.58,42640.727
600976.SH,20180115,24.0174,24.4488,23.6841,23.9096,24.0763,-0.16669999999999874,-0.6924,19724.07,48612.021
600976.SH,20180112,23.3803,24.2135,23.2822,24.0763,23.5469,0.529399999999999,2.2483,17767.01,43055.845
600976.SH,20180111,23.0371,23.5763,22.7234,23.5469,23.2332,0.31370000000000076,1.3502,14207.74,33639.608
600976.SH,20180110,23.2332,23.2822,22.6646,23.2332,23.2038,0.029399999999998983,0.1267,13275.12,31104.808
600976.SH,20180109,23.2234,23.3116,23.0371,23.2038,23.1156,0.0882000000000005,0.3816,6592.73,15598.102
600976.SH,20180108,23.2332,23.2822,22.9783,23.1156,23.243,-0.12739999999999796,-0.5481,5159.16,12152.335
600976.SH,20180105,23.3116,23.4881,23.0862,23.243,23.3508,-0.107800000000001,-0.4617,7828.18,18552.931
600976.SH,20180104,23.0273,23.3606,23.0273,23.3508,23.2234,0.12739999999999796,0.5486,6356.49,15072.045
600976.SH,20180103,23.3116,23.3116,22.9685,23.2234,23.1842,0.03920000000000101,0.1691,5307.0,12526.898
600976.SH,20180102,23.0764,23.2234,22.9097,23.1842,23.0764,0.107800000000001,0.4671,4260.71,10011.089
600976.SH,20171229,22.8313,23.2234,22.6842,23.0764,22.8019,0.27449999999999974,1.2038,4469.17,10483.068
600976.SH,20171228,22.6842,22.9587,22.547,22.8019,22.6842,0.11769999999999925,0.5189,2636.84,6136.77
600976.SH,20171227,22.9391,23.0862,22.645,22.6842,22.9391,-0.25489999999999924,-1.1112,3543.1,8274.147
600976.SH,20171226,23.0666,23.0862,22.7921,22.9391,23.0666,-0.12750000000000128,-0.5527,5192.94,12131.537
600976.SH,20171225,23.3803,23.4489,22.8901,23.0666,23.3508,-0.28419999999999845,-1.2171,7651.32,17994.508
600976.SH,20171222,23.6253,23.9292,23.3214,23.3508,23.9488,-0.597999999999999,-2.497,5003.53,12000.214
600976.SH,20171221,23.5273,24.341,23.145,23.9488,23.6743,0.27449999999999974,1.1595,11241.86,26895.009
600976.SH,20171220,24.1057,24.5076,23.4587,23.6743,24.1351,-0.46080000000000254,-1.9093,7840.26,18981.813
600976.SH,20171219,23.8214,24.1841,23.8018,24.1351,23.8998,0.23530000000000229,0.9845,7245.0,17764.971
600976.SH,20171218,23.988,24.1645,23.6547,23.8998,23.9782,-0.07840000000000202,-0.327,4572.12,11172.849
600976.SH,20171215,24.5958,24.6056,23.6841,23.9782,24.635,-0.6568000000000005,-2.6661,7885.19,19330.574
600976.SH,20171214,25.4879,25.4879,24.5174,24.635,24.4096,0.2254000000000005,0.9234,3384.82,8582.798
600976.SH,20171213,24.1743,24.4292,23.9684,24.4096,24.1057,0.3039000000000023,1.2607,2202.87,5444.347
600976.SH,20171212,24.4978,24.4978,24.0567,24.1057,24.341,-0.23530000000000229,-0.9667,2380.26,5872.665
600976.SH,20171211,24.1645,24.6546,24.1645,24.341,24.4096,-0.0686,-0.281,4284.0,10666.577
600976.SH,20171208,23.8508,24.7037,23.8508,24.4096,23.8214,0.5882000000000005,2.4692,5279.11,13104.184
600976.SH,20171207,23.5077,23.841,23.4881,23.8214,23.6057,0.21570000000000178,0.9138,3527.25,8531.896
600976.SH,20171206,23.2038,23.6743,23.1646,23.6057,23.145,0.4606999999999992,1.9905,3261.24,7770.629
600976.SH,20171205,23.6743,23.792,23.1254,23.145,23.6743,-0.5292999999999992,-2.2358,4492.01,10758.312
600976.SH,20171204,23.8214,24.0174,23.5567,23.6743,23.9194,-0.24510000000000076,-1.0247,3453.96,8373.219
600976.SH,20171201,24.1547,24.1645,23.743,23.9194,24.1547,-0.23529999999999873,-0.9741,6269.5,15292.188
600976.SH,20171130,24.2723,24.3115,23.8802,24.1547,24.2527,-0.09800000000000253,-0.4041,4210.0,10342.114
600976.SH,20171129,24.4586,24.4586,24.0273,24.2527,24.4586,-0.20589999999999975,-0.8418,2490.24,6139.705
600976.SH,20171128,24.2919,24.4586,24.0174,24.4586,24.2919,0.1667000000000023,0.6862,3460.0,8577.266
600976.SH,20171127,24.4096,24.8997,24.1449,24.2919,24.5468,-0.2549000000000028,-1.0384,8259.2,20585.078
600976.SH,20171124,24.537,24.7821,24.2919,24.5468,24.7233,-0.17649999999999721,-0.7139,4851.0,12146.814
600976.SH,20171123,25.5663,25.684,24.3213,24.7233,25.5173,-0.7940000000000005,-3.1116,11705.78,29697.299
600976.SH,20171122,25.9683,25.9683,25.3016,25.5173,25.9781,-0.46080000000000254,-1.7738,7229.0,18880.353
600976.SH,20171121,25.782,26.0663,25.5663,25.9781,25.8702,0.10790000000000077,0.4171,5655.71,14931.414
600976.SH,20171120,25.7624,25.9683,24.9585,25.8702,25.8212,0.04899999999999949,0.1898,11609.05,30001.867
600976.SH,20171117,27.0956,27.0956,25.3703,25.8212,26.9584,-1.1372,-4.2184,11207.26,29963.756
600976.SH,20171116,27.0662,27.2034,26.576,26.9584,27.2427,-0.2842999999999982,-1.0436,8050.4,21971.525
600976.SH,20171115,27.7916,28.1151,26.9584,27.2427,28.0367,-0.7940000000000005,-2.832,10588.61,29590.059
600976.SH,20171114,27.821,28.3014,27.4485,28.0367,27.8897,0.14699999999999847,0.5271,12642.45,36103.349
600976.SH,20171113,27.9093,27.9975,27.5956,27.8897,27.9289,-0.03919999999999746,-0.1404,11364.36,32170.817
600976.SH,20171110,27.6348,27.9387,27.3505,27.9289,27.6642,0.2646999999999977,0.9568,8653.0,24474.21
600976.SH,20171109,27.723,27.7426,27.3505,27.6642,27.7328,-0.0686,-0.2474,7138.55,19998.988
600976.SH,20171108,27.3701,27.8308,27.3505,27.7328,27.5662,0.16660000000000252,0.6044,8643.0,24382.593
600976.SH,20171107,27.4583,27.6152,27.1642,27.5662,27.5956,-0.029400000000002535,-0.1065,9601.91,26821.865
600976.SH,20171106,27.1054,27.8602,26.9584,27.5956,27.3995,0.19610000000000127,0.7157,16014.57,44642.128
600976.SH,20171103,27.4975,27.6348,27.1544,27.3995,27.5563,-0.1568000000000005,-0.569,5677.46,15904.993
600976.SH,20171102,27.7426,27.8995,27.027,27.5563,27.9583,-0.402000000000001,-1.4379,12615.39,35119.624
600976.SH,20171101,27.7426,28.0073,27.5662,27.9583,27.7426,0.21570000000000178,0.7775,11893.47,33769.176
600976.SH,20171031,27.7426,27.87,27.5269,27.7426,27.7426,0.0,0.0,7112.47,20108.716
600976.SH,20171030,28.3994,28.3994,27.4975,27.7426,28.37,-0.6274000000000015,-2.2115,18682.33,52979.472
600976.SH,20171027,28.4582,28.5563,28.1543,28.37,28.3014,0.0686,0.2424,11735.01,33893.823
600976.SH,20171026,28.4484,28.8405,28.1739,28.3014,28.6249,-0.32349999999999923,-1.1301,16680.55,48240.743
600976.SH,20171025,28.5268,28.7915,28.2916,28.6249,28.7719,-0.14699999999999847,-0.5109,13943.19,40452.335
600976.SH,20171024,28.6935,28.8896,28.3308,28.7719,28.6935,0.07839999999999847,0.2732,14267.59,41715.824
600976.SH,20171023,28.6837,29.1052,28.1739,28.6935,28.7033,-0.009799999999998477,-0.0341,16318.74,47653.277
600976.SH,20171020,27.8406,28.7621,27.6446,28.7033,28.1053,0.597999999999999,2.1277,24861.84,71894.496
600976.SH,20171019,27.125,28.1249,27.0074,28.1053,27.1054,0.9999000000000002,3.6889,26462.95,74488.08
600976.SH,20171018,27.3407,27.3799,26.8603,27.1054,27.1838,-0.07840000000000202,-0.2884,10399.0,28760.053
600976.SH,20171017,26.7525,27.2132,26.5662,27.1838,26.8015,0.38230000000000075,1.4264,9922.29,27266.144
600976.SH,20171016,26.7133,27.1054,26.5564,26.8015,26.7133,0.0882000000000005,0.3302,29024.26,79615.063
600976.SH,20171013,26.5662,26.7525,26.1251,26.7133,26.478,0.23529999999999873,0.8887,13094.27,35394.102
600976.SH,20171012,26.7427,26.9486,26.3898,26.478,26.8113,-0.3332999999999977,-1.2431,8157.11,22078.837
600976.SH,20171011,26.4584,27.6152,26.4584,26.8113,26.4388,0.3724999999999987,1.4089,22625.68,62318.683
600976.SH,20171010,26.3506,26.6251,26.1349,26.4388,26.2623,0.17650000000000077,0.6721,24853.94,67104.8
600976.SH,20171009,26.2623,26.3408,25.9879,26.2623,25.9486,0.31370000000000076,1.2089,15048.05,40266.649
600976.SH,20170929,26.0761,26.2721,25.684,25.9486,26.1447,-0.19610000000000127,-0.7501,3397.77,9028.112
600976.SH,20170928,25.7428,26.3702,25.6055,26.1447,25.7134,0.43130000000000024,1.6773,10552.0,28159.151
600976.SH,20170927,25.7036,25.8114,25.5467,25.7134,25.7918,-0.07839999999999847,-0.304,5091.0,13350.97
600976.SH,20170926,25.7232,25.831,25.3801,25.7918,25.6938,0.09799999999999898,0.3814,8938.21,23310.804
600976.SH,20170925,25.8114,25.9683,25.3899,25.6938,25.9486,-0.25479999999999947,-0.9819,14406.01,37724.533
600976.SH,20170922,25.9977,26.0467,25.8506,25.9486,26.0859,-0.13729999999999976,-0.5263,3930.32,10395.902
600976.SH,20170921,26.1545,26.2329,25.9388,26.0859,26.0761,0.009799999999998477,0.0376,3564.0,9491.241
600976.SH,20170920,26.1447,26.2329,25.9486,26.0761,26.2721,-0.19599999999999795,-0.746,6697.3,17804.211
600976.SH,20170919,26.3604,26.4878,25.9879,26.2721,26.478,-0.2059000000000033,-0.7776,9779.25,26152.893
600976.SH,20170918,25.5369,26.9584,25.5369,26.478,25.6448,0.8332000000000015,3.249,21803.35,58783.311
600976.SH,20170915,26.0271,26.1055,25.3801,25.6448,26.0859,-0.4410999999999987,-1.691,14409.88,37840.106
600976.SH,20170914,25.8702,26.4878,25.782,26.0859,25.7624,0.32349999999999923,1.2557,13817.61,36844.209
600976.SH,20170913,25.6644,25.7624,25.5173,25.7624,25.6644,0.09799999999999898,0.3819,5101.29,13340.016
600976.SH,20170912,25.684,25.7428,25.5075,25.6644,25.6546,0.00980000000000203,0.0382,6441.21,16837.917
600976.SH,20170911,25.635,25.7918,25.4095,25.6546,25.4977,0.15690000000000026,0.6153,6802.46,17797.704
600976.SH,20170908,25.8604,25.8604,25.3311,25.4977,25.684,-0.1863000000000028,-0.7254,9528.0,24783.344
600976.SH,20170907,25.5957,25.9388,25.5761,25.684,25.831,-0.14699999999999847,-0.5691,4326.39,11355.634
600976.SH,20170906,25.8702,26.2329,25.6938,25.831,25.88,-0.04899999999999949,-0.1893,8876.95,23548.195
600976.SH,20170905,25.6251,25.8898,25.4977,25.88,25.6251,0.25489999999999924,0.9947,5106.83,13414.603
600976.SH,20170904,25.5957,25.7624,25.2232,25.6251,25.5957,0.029399999999998983,0.1149,5986.13,15617.871
600976.SH,20170901,25.684,25.782,25.4879,25.5957,25.6644,-0.06869999999999976,-0.2677,5428.39,14188.277
600976.SH,20170831,25.5467,25.8604,25.4487,25.6644,25.5369,0.12750000000000128,0.4993,5106.67,13332.779
600976.SH,20170830,25.7722,25.7722,25.3213,25.5369,25.7918,-0.25489999999999924,-0.9883,7599.91,19790.482
600976.SH,20170829,24.9978,26.6153,24.9978,25.7918,24.8017,0.9900999999999982,3.9921,29170.0,77000.404
600976.SH,20170828,24.8017,24.988,24.7037,24.8017,24.8409,-0.03920000000000101,-0.1578,7438.03,18865.802
600976.SH,20170825,24.5762,24.9978,24.5762,24.8409,24.5664,0.27449999999999974,1.1174,4343.0,10985.223
600976.SH,20170824,24.8409,24.8409,24.5174,24.5664,24.635,-0.0686,-0.2785,1675.9,4222.226
600976.SH,20170823,24.8605,24.9095,24.5566,24.635,24.9095,-0.27449999999999974,-1.102,3549.37,8931.616
600976.SH,20170822,24.9978,25.0958,24.8507,24.9095,25.0468,-0.13729999999999976,-0.5482,3513.54,8933.458
600976.SH,20170821,24.8017,25.0664,24.4292,25.0468,24.6939,0.35290000000000177,1.4291,6359.43,16179.671
600976.SH,20170818,24.5566,24.8605,24.488,24.6939,24.7429,-0.04899999999999949,-0.198,5440.45,13736.709
600976.SH,20170817,24.4782,24.8507,24.3606,24.7429,24.488,0.25489999999999924,1.0409,5173.41,13009.729
600976.SH,20170816,24.439,24.4978,24.2527,24.488,24.4488,0.03920000000000101,0.1603,4483.8,11163.278
600976.SH,20170815,24.1743,24.4978,23.9782,24.4488,24.0371,0.41169999999999973,1.7128,7652.79,19014.356
600976.SH,20170814,24.0763,24.1743,23.9292,24.0371,23.9488,0.08830000000000027,0.3687,9622.14,23604.901
600976.SH,20170811,23.9292,24.3802,23.9194,23.9488,23.988,-0.03920000000000101,-0.1634,7745.45,19063.552
600976.SH,20170810,24.3213,24.439,23.89,23.988,24.3802,-0.392199999999999,-1.6087,9399.29,23183.773
600976.SH,20170809,24.3017,24.6056,24.1743,24.3802,24.2919,0.08830000000000027,0.3635,5524.7,13728.412
600976.SH,20170808,24.2625,24.3115,24.1253,24.2919,24.2233,0.0686,0.2832,6619.09,16358.139
600976.SH,20170807,24.6743,24.6743,24.0763,24.2233,24.4684,-0.24510000000000076,-1.0017,9844.15,24382.28
600976.SH,20170804,23.9194,25.1938,23.8802,24.4684,23.9194,0.5489999999999995,2.2952,23714.18,59714.999
600976.SH,20170803,24.1449,24.2037,23.89,23.9194,24.1449,-0.22550000000000026,-0.9339,7548.0,18499.152
600976.SH,20170802,24.0959,24.1743,23.9292,24.1449,24.0665,0.07839999999999847,0.3258,7751.11,19060.982
600976.SH,20170801,24.2919,24.2919,23.9782,24.0665,24.2429,-0.17639999999999745,-0.7276,11412.0,27990.006
600976.SH,20170731,23.9194,24.2723,23.9194,24.2429,23.9194,0.32349999999999923,1.3525,10701.0,26320.112
600976.SH,20170728,23.9194,24.0371,23.7136,23.9194,24.0861,-0.16669999999999874,-0.6921,10703.51,26128.842
600976.SH,20170727,23.6155,24.1155,23.1058,24.0861,23.6155,0.47059999999999746,1.9928,22325.84,54182.149
600976.SH,20170726,23.9194,24.1939,23.5273,23.6155,23.9488,-0.3332999999999977,-1.3917,10978.15,26667.582
600976.SH,20170725,24.4586,24.5076,23.7332,23.9488,24.4978,-0.549000000000003,-2.241,15605.15,38437.023
600976.SH,20170724,24.6056,24.635,24.341,24.4978,24.6056,-0.10779999999999745,-0.4381,18969.77,47355.645
600976.SH,20170721,24.6154,24.8899,24.4194,24.6056,24.8899,-0.2843000000000018,-1.1422,19458.28,48769.666
600976.SH,20170720,24.7919,24.9683,24.5762,24.8899,24.8899,0.0,0.0,9078.56,22974.197
600976.SH,20170719,24.8605,24.9585,24.4194,24.8899,24.8703,0.019600000000000506,0.0788,10756.7,27102.446
600976.SH,20170718,24.5076,25.086,24.2135,24.8703,25.0664,-0.19610000000000127,-0.7823,17798.22,44377.351
600976.SH,20170717,25.0664,25.635,24.0371,25.0664,25.282,-0.21559999999999846,-0.8528,20949.84,52345.923
600976.SH,20170714,25.4487,25.6546,24.8605,25.282,25.6546,-0.3725999999999985,-1.4524,12124.94,31068.523
600976.SH,20170713,25.6448,25.7722,25.5369,25.6546,25.6448,0.009799999999998477,0.0382,2283.2,5968.315
600976.SH,20170712,25.5173,25.7624,25.4977,25.6448,25.5369,0.10790000000000077,0.4225,2361.51,6168.202
600976.SH,20170711,26.0859,26.1349,25.5271,25.5369,26.0859,-0.5489999999999995,-2.1046,6509.67,17134.553
600976.SH,20170710,26.331,26.3702,25.88,26.0859,26.3604,-0.27449999999999974,-1.0413,6277.58,16761.58
600976.SH,20170707,26.7525,26.7525,25.9977,26.3604,26.6545,-0.29410000000000025,-1.1034,9917.6,26569.811
600976.SH,20170706,26.6937,26.8603,26.4976,26.6545,26.8995,-0.245000000000001,-0.9108,5713.4,15516.948
600976.SH,20170705,26.7035,27.0172,26.478,26.8995,26.929,-0.02949999999999875,-0.1095,5444.34,14849.524
600976.SH,20170704,26.978,27.9191,26.6643,26.929,27.1054,-0.176400000000001,-0.6508,10907.0,30224.427
600976.SH,20170703,26.2721,27.1642,26.2623,27.1054,26.478,0.627399999999998,2.3695,8100.05,22106.837
600976.SH,20170630,26.4682,26.6251,26.1349,26.478,26.331,0.14700000000000202,0.5583,4030.0,10892.002
600976.SH,20170629,26.4192,26.6153,26.2721,26.331,26.4192,-0.0882000000000005,-0.3338,8228.36,22145.908
600976.SH,20170628,26.478,26.5074,26.282,26.4192,26.478,-0.05880000000000152,-0.2221,9473.16,25522.528
600976.SH,20170627,26.331,26.6153,26.1741,26.478,26.2623,0.21570000000000178,0.8213,10377.89,27962.615
600976.SH,20170626,25.929,26.2623,25.6742,26.2623,25.9585,0.30379999999999896,1.1703,9608.1,25379.504
600976.SH,20170623,26.2525,26.3212,25.733,25.9585,26.0957,-0.1372,-0.5258,8351.15,22219.315
600976.SH,20170622,26.38,26.4388,26.0859,26.0957,26.331,-0.23529999999999873,-0.8936,12122.76,32347.998
600976.SH,20170621,26.2329,26.4682,25.782,26.331,26.282,0.04899999999999949,0.1864,5267.58,14096.714
600976.SH,20170620,26.6447,26.6643,26.1937,26.282,26.282,0.0,0.0,3723.45,10011.792
600976.SH,20170619,26.0859,26.4682,26.0761,26.282,26.2721,0.009900000000001796,0.0377,5239.42,14061.614
600976.SH,20170616,26.3212,26.4584,26.1251,26.2721,26.3212,-0.04910000000000281,-0.1865,4165.44,11166.096
600976.SH,20170615,26.2918,26.6741,26.0859,26.3212,26.2918,0.029400000000002535,0.1118,6066.1,16387.559
600976.SH,20170614,25.88,26.3702,25.684,26.2918,25.8506,0.4411999999999985,1.7067,6001.26,15978.204
600976.SH,20170613,25.6938,25.9486,25.6938,25.8506,25.6251,0.22550000000000026,0.88,2761.36,7284.002
600976.SH,20170612,25.7134,26.0663,25.5957,25.6251,25.7624,-0.13729999999999976,-0.5329,4830.79,12678.914
600976.SH,20170609,25.6644,25.9879,25.5859,25.7624,25.4781,0.2842999999999982,1.1159,7917.7,20764.526
600976.SH,20170608,25.6448,25.782,25.3703,25.4781,25.5271,-0.04899999999999949,-0.192,5069.0,13252.96
600976.SH,20170607,25.2036,25.5859,25.1154,25.5271,25.0076,0.5195000000000007,2.0774,8603.45,22284.8
600976.SH,20170606,24.8017,25.2722,24.8017,25.0076,24.9781,0.02949999999999875,0.1181,8332.17,21328.491
600976.SH,20170605,25.2918,25.3703,24.8507,24.9781,25.0762,-0.09809999999999874,-0.3912,8511.01,21755.347
600976.SH,20170602,24.0665,25.1742,24.0371,25.0762,25.0664,0.009799999999998477,0.0391,9370.56,23537.462
600976.SH,20170601,25.3899,25.4389,25.0664,25.0664,25.3899,-0.32349999999999923,-1.2741,9880.79,25373.553
600976.SH,20170531,25.6644,25.684,25.3016,25.3899,25.4879,-0.09799999999999898,-0.3845,10467.6,27202.746
600976.SH,20170526,25.7134,25.7722,25.3115,25.4879,25.7722,-0.2843000000000018,-1.1031,18829.21,48903.913
600976.SH,20170525,25.5369,25.7918,25.1546,25.7722,25.7918,-0.019599999999996953,-0.076,14589.38,37822.574
600976.SH,20170524,25.5663,26.2525,25.0762,25.7918,25.4781,0.3136999999999972,1.2313,16755.02,43486.568
600976.SH,20170523,26.5564,26.5564,25.0664,25.4781,26.5858,-1.1076999999999977,-4.1665,15450.87,40750.475
600976.SH,20170522,26.3898,26.7427,26.1545,26.5858,26.3212,0.26459999999999795,1.0053,7239.66,19598.65
600976.SH,20170519,26.8309,26.9976,26.282,26.3212,26.8701,-0.5488999999999997,-2.0428,7483.63,20235.489
600976.SH,20170518,26.7623,27.4975,26.6349,26.8701,26.8309,0.03920000000000101,0.1461,9900.68,27425.873
600976.SH,20170517,27.0564,27.1838,26.7133,26.8309,27.1936,-0.36270000000000024,-1.3338,6082.34,16658.968
600976.SH,20170516,26.2035,27.5956,25.8898,27.1936,26.1545,1.0391000000000012,3.9729,10731.09,29564.619
600976.SH,20170515,26.527,26.7427,25.9879,26.1545,26.527,-0.3725000000000023,-1.4042,4741.98,12812.39
600976.SH,20170512,26.4878,26.7035,26.2721,26.527,26.6447,-0.11769999999999925,-0.4417,2604.81,7046.353
600976.SH,20170511,25.8871,27.0687,25.3696,26.639,26.0629,0.5761000000000003,2.2104,18189.4,48373.404
600976.SH,20170510,26.8245,26.9417,26.0043,26.0629,26.8343,-0.7713999999999999,-2.8747,8793.76,23819.528
600976.SH,20170509,26.5999,27.0394,26.3851,26.8343,26.6292,0.20509999999999806,0.7702,3825.34,10484.891
600976.SH,20170508,26.6585,27.0003,26.3949,26.6292,26.8538,-0.2245999999999988,-0.8364,5706.16,15513.606
600976.SH,20170505,27.2542,27.303,26.639,26.8538,27.2737,-0.41990000000000194,-1.5396,15252.29,41964.308
600976.SH,20170504,27.7327,27.7327,27.1175,27.2737,27.7425,-0.4687999999999981,-1.6898,12312.49,34373.544
600976.SH,20170503,28.0256,28.0256,26.971,27.7425,28.1233,-0.3808000000000007,-1.354,30336.55,85321.59
600976.SH,20170502,28.4944,28.4944,28.1038,28.1233,28.5432,-0.4198999999999984,-1.4711,8735.44,25199.472
600976.SH,20170428,28.3088,28.7092,28.0256,28.5432,28.3674,0.17579999999999885,0.6197,18996.73,54862.244
600976.SH,20170427,28.3088,28.6018,28.1331,28.3674,28.3674,0.0,0.0,4963.09,14373.111
600976.SH,20170426,28.2502,28.4748,28.1233,28.3674,28.2991,0.0683000000000007,0.2414,7387.55,21376.143
600976.SH,20170425,28.6115,28.7385,28.1623,28.2991,28.592,-0.2928999999999995,-1.0244,10553.29,30648.179
600976.SH,20170424,28.758,29.0998,28.3186,28.592,28.9436,-0.35160000000000124,-1.2148,8554.96,25192.296
600976.SH,20170421,29.2951,29.588,28.9143,28.9436,29.4513,-0.5076999999999998,-1.7239,8669.73,25907.037
600976.SH,20170420,28.719,29.9982,28.719,29.4513,28.6897,0.7616000000000014,2.6546,12567.67,37932.006
600976.SH,20170419,28.5627,28.9045,28.4553,28.6897,28.7092,-0.01950000000000074,-0.0679,10237.87,30011.497
600976.SH,20170418,29.5783,29.5783,28.5432,28.7092,29.2365,-0.5273000000000003,-1.8036,23140.59,68296.738
600976.SH,20170417,29.7638,29.9396,28.5139,29.2365,29.7638,-0.5273000000000003,-1.7716,11056.15,33157.96
600976.SH,20170414,30.1251,30.2716,29.715,29.7638,30.0177,-0.25390000000000157,-0.8458,5996.69,18407.749
600976.SH,20170413,29.5197,30.3009,29.5197,30.0177,29.7052,0.3125,1.052,7715.66,23713.168
600976.SH,20170412,29.6369,29.881,29.4709,29.7052,29.881,-0.17579999999999885,-0.5883,15234.41,46263.094
600976.SH,20170411,29.6271,30.0177,29.5002,29.881,29.6271,0.25390000000000157,0.857,8770.49,26698.129
600976.SH,20170410,30.2814,30.6622,29.4025,29.6271,30.4181,-0.7910000000000004,-2.6004,16351.54,50260.295
600976.SH,20170407,30.8673,30.8966,30.2325,30.4181,30.7891,-0.3710000000000022,-1.205,11742.24,36738.802
600976.SH,20170406,30.2911,31.0235,29.9786,30.7891,30.5255,0.2636000000000003,0.8635,13854.04,43421.909
600976.SH,20170405,30.3497,30.6134,29.3927,30.5255,30.379,0.14649999999999963,0.4822,17035.47,52354.992
600976.SH,20170331,30.2716,30.6134,30.0763,30.379,30.4278,-0.048799999999999955,-0.1604,6688.96,20724.235
600976.SH,20170330,30.7013,30.7208,29.7833,30.4278,30.7013,-0.2734999999999985,-0.8908,13559.92,42034.55
600976.SH,20170329,30.7891,31.2188,30.3302,30.7013,30.7891,-0.08780000000000143,-0.2852,9928.27,31338.191
600976.SH,20170328,30.7891,30.9259,30.4669,30.7891,30.7989,-0.009799999999998477,-0.0318,8181.37,25720.651
600976.SH,20170327,31.2188,31.2188,30.7598,30.7989,31.1309,-0.33200000000000074,-1.0665,10622.97,33594.515
600976.SH,20170324,31.3457,31.4825,31.0528,31.1309,31.3848,-0.253899999999998,-0.809,10819.74,34544.444
600976.SH,20170323,31.6192,31.9024,31.2676,31.3848,31.7168,-0.33200000000000074,-1.0468,7595.0,24562.996
600976.SH,20170322,31.7852,31.8438,31.375,31.7168,31.8633,-0.14649999999999963,-0.4598,6730.27,21788.328
600976.SH,20170321,31.5899,31.9024,31.5606,31.8633,31.6582,0.20509999999999806,0.6479,10148.37,32956.526
600976.SH,20170320,31.2188,31.668,31.0333,31.6582,31.1993,0.45889999999999986,1.4709,9016.43,29009.813
600976.SH,20170317,31.1309,31.2481,30.9747,31.1993,31.1016,0.09769999999999968,0.3141,7390.5,23540.227
600976.SH,20170316,31.1309,31.3848,30.7696,31.1016,31.1114,-0.009799999999998477,-0.0315,14388.13,45650.987
600976.SH,20170315,31.7071,31.7071,31.004,31.1114,31.6094,-0.4980000000000011,-1.5755,13253.9,42452.83
600976.SH,20170314,32.0195,32.0293,31.375,31.6094,31.668,-0.05859999999999843,-0.185,10870.89,35119.314
600976.SH,20170313,31.4727,31.834,31.4727,31.668,31.6387,0.029299999999999216,0.0926,9293.34,30164.662
600976.SH,20170310,31.7949,32.0684,31.5411,31.6387,31.8047,-0.16600000000000037,-0.5219,14273.42,46370.546
600976.SH,20170309,32.0293,32.0293,31.6875,31.8047,31.9317,-0.1269999999999989,-0.3977,7869.49,25653.52
600976.SH,20170308,32.1465,32.3515,31.9317,31.9317,32.1855,-0.25379999999999825,-0.7886,8849.55,29146.369
600976.SH,20170307,32.127,32.4687,31.8145,32.1855,32.0098,0.17569999999999908,0.5489,8542.95,28134.554
600976.SH,20170306,31.7168,32.3613,31.6387,32.0098,31.8242,0.18559999999999732,0.5832,10347.43,34047.623
600976.SH,20170303,31.9512,32.0586,31.6289,31.8242,32.0,-0.17579999999999885,-0.5494,10702.41,34795.173
600976.SH,20170302,32.0293,32.1758,31.7364,32.0,31.9805,0.01950000000000074,0.061,8426.77,27600.07
600976.SH,20170301,32.0879,32.0879,31.6875,31.9805,31.8828,0.09769999999999968,0.3064,7682.63,25088.782
600976.SH,20170228,32.0293,32.1758,31.5899,31.8828,32.1855,-0.30269999999999797,-0.9405,7760.93,25315.075
600976.SH,20170227,31.9219,32.4785,31.4043,32.1855,32.0195,0.16599999999999682,0.5184,26198.18,85677.936
600976.SH,20170224,32.664,34.1874,31.6289,32.0195,32.664,-0.6445000000000007,-1.9731,53256.13,176869.297
600976.SH,20170223,31.0919,33.0058,30.838,32.664,31.0821,1.581900000000001,5.0894,59119.0,196221.614
600976.SH,20170222,30.4767,31.1993,30.4376,31.0821,30.4767,0.6053999999999995,1.9864,18489.16,58543.061
600976.SH,20170221,30.2423,30.4962,30.0177,30.4767,30.1349,0.34180000000000277,1.1342,12967.18,40298.379
600976.SH,20170220,30.0958,30.4962,29.9786,30.1349,30.1739,-0.03900000000000148,-0.1293,11906.68,36805.763
600976.SH,20170217,30.2423,30.4571,30.0861,30.1739,30.2521,-0.07819999999999894,-0.2585,12719.6,39478.875
600976.SH,20170216,30.4962,30.5255,30.1544,30.2521,30.4181,-0.16600000000000037,-0.5457,7423.62,23007.71
600976.SH,20170215,30.5645,30.7013,30.2423,30.4181,30.5548,-0.13670000000000115,-0.4474,11515.65,35835.084
600976.SH,20170214,30.7598,30.7598,30.545,30.5548,30.9161,-0.36129999999999995,-1.1686,10860.95,34036.78
600976.SH,20170213,30.7696,30.9747,30.2228,30.9161,30.8673,0.048799999999999955,0.1581,18279.34,57202.972
600976.SH,20170210,31.2579,31.2579,30.8184,30.8673,31.2481,-0.3808000000000007,-1.2186,12029.36,38140.259
600976.SH,20170209,30.8184,31.2969,30.8087,31.2481,30.9454,0.3027000000000015,0.9782,9569.39,30371.313
600976.SH,20170208,31.004,31.0137,30.6622,30.9454,31.004,-0.058600000000001984,-0.189,10147.11,32050.347
600976.SH,20170207,31.2383,31.2383,30.8087,31.004,31.2188,-0.21480000000000032,-0.688,6328.87,20096.46
600976.SH,20170206,31.3067,31.5411,31.0723,31.2188,31.3067,-0.08789999999999765,-0.2808,8023.92,25619.665
600976.SH,20170203,31.4336,31.502,30.9063,31.3067,31.4336,-0.12689999999999912,-0.4037,5571.83,17729.8
600976.SH,20170126,30.7794,31.5703,30.6427,31.4336,30.6427,0.790899999999997,2.581,8924.07,28628.872
600976.SH,20170125,31.0528,31.0821,30.5157,30.6427,31.0137,-0.37099999999999866,-1.1962,14027.52,44171.288
600976.SH,20170124,31.209,31.2481,30.7696,31.0137,31.209,-0.19529999999999959,-0.6258,5440.9,17247.623
600976.SH,20170123,31.2969,31.5215,30.9551,31.209,31.3067,-0.09769999999999968,-0.3121,11421.25,36585.224
600976.SH,20170120,31.4727,31.5899,31.1407,31.3067,31.3946,-0.0879000000000012,-0.28,11425.12,36620.193
600976.SH,20170119,32.5468,32.5468,31.2481,31.3946,32.4785,-1.0838999999999963,-3.3373,6663.58,21671.762
600976.SH,20170118,31.7364,32.7617,31.7364,32.4785,32.2832,0.19529999999999603,0.605,12498.86,41490.146
600976.SH,20170117,31.6875,32.4199,30.8087,32.2832,31.6973,0.5859000000000023,1.8484,12128.38,39348.099
600976.SH,20170116,31.0528,32.8105,30.6622,31.6973,31.1993,0.49799999999999756,1.5962,29068.39,92527.92
600976.SH,20170113,32.127,32.6933,31.0528,31.1993,32.6152,-1.4159000000000006,-4.3412,23422.39,75622.709
600976.SH,20170112,33.0156,33.6601,32.6054,32.6152,33.0644,-0.4491999999999976,-1.3586,16741.57,56939.793
600976.SH,20170111,33.2304,33.2988,32.498,33.0644,33.3573,-0.29290000000000305,-0.8781,18467.24,61923.48
600976.SH,20170110,33.1132,33.6015,32.8593,33.3573,33.3085,0.048799999999999955,0.1465,12666.49,43117.637
600976.SH,20170109,32.5761,33.5331,32.4687,33.3085,32.5664,0.7421000000000006,2.2787,23364.0,79556.478
600976.SH,20170106,31.9902,33.2792,31.7461,32.5664,31.9902,0.5762,1.8012,27939.89,94049.37
600976.SH,20170105,31.4336,32.2051,31.4336,31.9902,31.6289,0.36129999999999995,1.1423,10998.04,35846.793
600976.SH,20170104,31.209,31.7949,31.1993,31.6289,31.1993,0.42960000000000065,1.377,10539.79,34017.26
600976.SH,20170103,31.3067,31.4043,31.1407,31.1993,31.1797,0.019600000000000506,0.0629,11194.03,35788.061
600976.SH,20161230,31.4922,31.668,30.8477,31.1797,31.4922,-0.3125,-0.9923,17991.31,57450.355
600976.SH,20161229,31.7949,31.9121,31.4727,31.4922,31.7071,-0.2149000000000001,-0.6778,8790.58,28526.114
600976.SH,20161228,31.8145,31.8242,31.2579,31.7071,31.5411,0.16600000000000037,0.5263,5471.56,17699.607
600976.SH,20161227,32.0098,32.1172,31.4336,31.5411,32.0098,-0.46869999999999834,-1.4642,7312.17,23717.291
600976.SH,20161226,31.8242,32.1074,31.4922,32.0098,31.834,0.17579999999999885,0.5522,10749.61,35128.472
600976.SH,20161223,31.5996,31.9219,31.3848,31.834,31.7949,0.039100000000001245,0.123,7378.29,23942.627
600976.SH,20161222,31.6582,31.8145,31.1309,31.7949,31.7266,0.06829999999999714,0.2153,5322.57,17144.915
600976.SH,20161221,31.1504,31.9219,30.8868,31.7266,31.0626,0.6640000000000015,2.1376,9728.69,31326.072
600976.SH,20161220,31.004,32.3223,30.7794,31.0626,31.004,0.05859999999999843,0.189,11712.47,37535.293
600976.SH,20161219,30.9551,31.0528,30.6427,31.004,30.8477,0.15630000000000166,0.5067,13663.23,43236.14
600976.SH,20161216,30.2032,30.9551,30.1837,30.8477,30.3302,0.5174999999999983,1.7062,7653.24,24020.699
600976.SH,20161215,30.6231,30.8087,30.1739,30.3302,30.6231,-0.2928999999999995,-0.9565,7690.58,24016.909
600976.SH,20161214,30.8087,31.1309,30.2618,30.6231,30.7891,-0.16600000000000037,-0.5392,8793.13,27559.559
600976.SH,20161213,30.5645,31.2481,30.5645,30.7891,30.9747,-0.18559999999999732,-0.5992,14420.59,45535.877
600976.SH,20161212,32.5957,32.5957,30.7696,30.9747,32.4394,-1.4647000000000006,-4.5152,24186.83,78118.286
600976.SH,20161209,32.0293,33.0351,31.8535,32.4394,32.1172,0.32220000000000226,1.0032,21214.99,70769.183
600976.SH,20161208,32.4101,32.5371,31.6485,32.1172,32.4101,-0.29290000000000305,-0.9037,12301.19,40241.711
600976.SH,20161207,32.5664,32.5664,32.2344,32.4101,32.4004,0.009700000000002262,0.0299,9669.25,32035.7
600976.SH,20161206,32.4687,32.5859,31.9609,32.4004,32.2148,0.18560000000000088,0.5761,5377.17,17825.446
600976.SH,20161205,31.7754,32.5468,31.5411,32.2148,31.8828,0.3319999999999972,1.0413,11995.05,39605.541
600976.SH,20161202,32.3906,32.5176,31.7656,31.8828,32.3808,-0.4980000000000011,-1.5379,7360.54,24296.901
600976.SH,20161201,32.2246,32.5078,31.9317,32.3808,32.4101,-0.029299999999999216,-0.0904,7914.87,26113.583
600976.SH,20161130,32.1855,32.5176,31.3946,32.4101,32.1855,0.22460000000000235,0.6978,21732.46,71008.356
600976.SH,20161129,32.3711,32.7617,32.1074,32.1855,32.5078,-0.3223000000000056,-0.9915,18329.55,60720.47
600976.SH,20161128,32.4199,32.7519,31.9317,32.5078,32.4101,0.09770000000000323,0.3014,25159.03,83300.401
600976.SH,20161125,32.0781,32.7617,31.9219,32.4101,32.1465,0.2635999999999967,0.82,14105.87,46767.267
600976.SH,20161124,32.5273,32.9863,31.6387,32.1465,32.6836,-0.5370999999999952,-1.6433,39370.36,129233.628
600976.SH,20161123,33.3964,33.787,32.6543,32.6836,33.5819,-0.898299999999999,-2.675,23888.23,80517.384
600976.SH,20161122,33.8847,34.0507,33.162,33.5819,33.9042,-0.3223000000000056,-0.9506,29497.07,101039.44
600976.SH,20161121,33.7382,34.3436,33.6796,33.9042,34.1288,-0.22459999999999525,-0.6581,18299.13,63512.495
600976.SH,20161118,34.5194,34.5194,33.5331,34.1288,34.4901,-0.36129999999999995,-1.0475,19782.99,68921.909
600976.SH,20161117,33.8163,34.7635,33.4355,34.4901,33.8163,0.6738,1.9925,19759.81,69430.018
600976.SH,20161116,34.0507,34.2557,33.621,33.8163,34.0409,-0.22460000000000235,-0.6598,16833.77,58248.89
600976.SH,20161115,33.5819,34.0702,33.2988,34.0409,33.5917,0.4491999999999976,1.3372,18388.06,63615.562
600976.SH,20161114,33.6796,33.9628,33.1035,33.5917,33.621,-0.029299999999999216,-0.0871,24725.54,84865.795
600976.SH,20161111,33.8847,34.2557,33.2597,33.621,33.953,-0.33200000000000074,-0.9778,23372.15,80824.085
600976.SH,20161110,34.5487,34.9393,33.5526,33.953,34.1971,-0.244099999999996,-0.7138,27797.19,96692.281
600976.SH,20161109,35.1541,35.1541,33.6991,34.1971,35.4568,-1.2597000000000023,-3.5528,40674.76,143727.162
600976.SH,20161108,34.1776,35.4959,33.9921,35.4568,34.3436,1.113199999999999,3.2414,28774.43,103118.225
600976.SH,20161107,35.1834,35.2518,33.5819,34.3436,34.9295,-0.5858999999999952,-1.6774,35607.37,124460.18
600976.SH,20161104,32.957,35.8963,32.7519,34.9295,33.289,1.6404999999999959,4.9281,68492.81,241365.964
600976.SH,20161103,32.1953,33.6894,32.0293,33.289,32.1953,1.0936999999999983,3.3971,33415.84,112473.167
600976.SH,20161102,32.2246,32.4199,31.7559,32.1953,32.4004,-0.2050999999999945,-0.633,13331.89,43846.065
600976.SH,20161101,32.4785,32.664,31.9317,32.4004,32.498,-0.09759999999999991,-0.3003,17742.39,58596.417
600976.SH,20161031,31.2872,32.8593,31.0528,32.498,31.2872,1.210799999999999,3.87,29951.7,98328.046
600976.SH,20161028,32.0488,32.6836,31.2383,31.2872,31.9512,-0.6640000000000015,-2.0782,18569.47,60952.038
600976.SH,20161027,32.0586,32.1562,31.6387,31.9512,31.834,0.11720000000000041,0.3682,12242.99,39983.645
600976.SH,20161026,32.1172,32.2246,31.4922,31.834,32.2148,-0.38079999999999714,-1.1821,26202.76,85070.953
600976.SH,20161025,32.332,32.6933,31.9317,32.2148,32.5273,-0.3125,-0.9607,30737.73,101464.16
600976.SH,20161024,32.4199,32.9082,32.2539,32.5273,32.6738,-0.14650000000000318,-0.4484,27697.37,92355.271
600976.SH,20161021,32.3418,32.8007,31.375,32.6738,32.4883,0.18549999999999756,0.571,33561.35,110314.302
600976.SH,20161020,32.8105,33.0058,32.3418,32.4883,33.2402,-0.7518999999999991,-2.262,27202.91,90742.313
600976.SH,20161019,32.3613,33.3964,31.834,33.2402,32.7714,0.46880000000000166,1.4305,42141.5,140535.114
600976.SH,20161018,31.4922,33.1718,31.4434,32.7714,31.5996,1.171800000000001,3.7083,70639.5,235615.06
600976.SH,20161017,31.0528,31.6875,30.5743,31.5996,31.0528,0.5467999999999975,1.7609,36487.0,116320.61
600976.SH,20161014,31.1504,32.4004,31.0333,31.0528,31.2872,-0.23439999999999728,-0.7492,54389.84,176542.889
600976.SH,20161013,30.5645,31.3555,30.545,31.2872,30.9259,0.36129999999999995,1.1683,46761.17,148686.904
600976.SH,20161012,30.5841,31.3946,30.5255,30.9259,31.17,-0.2441000000000031,-0.7831,55798.1,176846.812
600976.SH,20161011,30.7989,32.0293,30.7989,31.17,30.3497,0.8203000000000031,2.7028,139462.63,446044.607
600976.SH,20161010,29.2951,30.3497,29.2951,30.3497,27.5862,2.763499999999997,10.0177,76483.91,233537.884
600976.SH,20160914,28.1038,28.1038,27.3421,27.5862,28.3088,-0.7225999999999999,-2.5526,34347.81,97674.212
600976.SH,20160913,27.3714,28.4358,27.3714,28.3088,27.4495,0.8593000000000011,3.1305,61169.26,175114.489
600976.SH,20160912,26.932,27.6936,26.8538,27.4495,27.2444,0.20510000000000161,0.7528,35114.98,98268.898
600976.SH,20160909,27.1468,27.5862,27.098,27.2444,27.1273,0.1170999999999971,0.4317,17683.36,49577.526
600976.SH,20160908,26.971,27.3323,26.9027,27.1273,26.9613,0.16600000000000037,0.6157,17017.84,47280.794
600976.SH,20160907,27.0491,27.1175,26.8636,26.9613,26.9905,-0.02919999999999945,-0.1082,15627.0,43225.593
600976.SH,20160906,26.5218,27.0198,26.4632,26.9905,26.5804,0.4100999999999999,1.5429,20311.33,55723.145
600976.SH,20160905,26.5609,26.8343,26.3851,26.5804,26.5023,0.07809999999999917,0.2947,19088.48,52051.294
600976.SH,20160902,26.2679,27.3616,26.2679,26.5023,27.1273,-0.625,-2.304,39497.55,108414.113
600976.SH,20160901,27.43,27.7717,27.0491,27.1273,27.6155,-0.4881999999999991,-1.7678,32473.07,91343.237
600976.SH,20160831,27.4593,27.6936,27.2151,27.6155,27.4788,0.13670000000000115,0.4975,34650.69,97566.779
600976.SH,20160830,27.7132,27.762,27.2444,27.4788,27.7229,-0.24409999999999954,-0.8805,27718.7,77881.909
600976.SH,20160829,27.4886,28.0647,27.2444,27.7229,27.5276,0.19529999999999959,0.7095,33447.16,94977.723
600976.SH,20160826,26.7367,27.8108,26.639,27.5276,26.6488,0.8787999999999982,3.2977,33939.21,95192.344
600976.SH,20160825,26.766,26.9905,26.3753,26.6488,27.0198,-0.37099999999999866,-1.3731,15746.11,43016.681
600976.SH,20160824,27.1273,27.3226,26.8636,27.0198,27.1468,-0.1269999999999989,-0.4678,11305.33,31414.948
600976.SH,20160823,26.8538,27.1858,26.6097,27.1468,26.8148,0.3319999999999972,1.2381,16362.82,45199.084
600976.SH,20160822,26.9027,27.1077,26.766,26.8148,26.8441,-0.029299999999999216,-0.1091,12518.59,34511.583
600976.SH,20160819,26.9613,27.0198,26.4632,26.8441,26.9515,-0.10739999999999839,-0.3985,14584.79,39992.195
600976.SH,20160818,27.0394,27.1273,26.8343,26.9515,27.0491,-0.09759999999999991,-0.3608,13534.4,37407.613
600976.SH,20160817,27.0101,27.2054,26.932,27.0491,27.0394,0.00969999999999871,0.0359,11523.82,31939.089
600976.SH,20160816,26.8636,27.1566,26.8538,27.0394,26.932,0.10740000000000194,0.3988,17597.67,48660.208
600976.SH,20160815,26.4632,27.0491,26.0531,26.932,26.4632,0.4687999999999981,1.7715,37367.89,101732.192
600976.SH,20160812,26.6488,26.6585,25.975,26.4632,26.639,-0.17579999999999885,-0.6599,27755.91,74541.473
600976.SH,20160811,27.303,27.303,26.6097,26.639,27.4104,-0.7713999999999999,-2.8143,25904.6,71455.133
600976.SH,20160810,27.3421,27.6057,26.8636,27.4104,27.264,0.14639999999999986,0.537,16735.42,46712.557
600976.SH,20160809,27.1566,27.3421,26.9613,27.264,27.2444,0.019600000000000506,0.0719,10138.16,28242.392
600976.SH,20160808,26.5511,27.3616,26.3753,27.2444,26.5511,0.6932999999999971,2.6112,19726.49,54729.543
600976.SH,20160805,26.5511,26.7464,26.4632,26.5511,26.5609,-0.009799999999998477,-0.0369,8262.71,22501.85
600976.SH,20160804,26.2679,26.7464,26.0433,26.5609,26.2289,0.33200000000000074,1.2658,16836.87,45602.406
600976.SH,20160803,26.1312,26.3461,26.0824,26.2289,26.3168,-0.0879000000000012,-0.334,10232.04,27467.081
600976.SH,20160802,26.2289,26.3656,26.0922,26.3168,26.2191,0.09769999999999968,0.3726,11508.72,30902.463
600976.SH,20160801,26.8148,26.8148,25.8871,26.2191,26.8441,-0.625,-2.3283,23298.89,62553.731
600976.SH,20160729,26.7855,26.932,26.5999,26.8441,26.7855,0.058600000000001984,0.2188,19834.18,54396.993
600976.SH,20160728,26.6683,26.8441,25.9847,26.7855,26.7269,0.05859999999999843,0.2193,20940.3,56936.649
600976.SH,20160727,28.3186,28.5822,25.8773,26.7269,28.3479,-1.6209999999999987,-5.7182,46265.91,128520.861
600976.SH,20160726,27.4397,28.4065,27.3421,28.3479,27.4886,0.8592999999999975,3.126,24593.77,70287.826
600976.SH,20160725,27.9378,28.1916,27.3616,27.4886,28.1721,-0.6834999999999987,-2.4262,21984.14,62508.898
600976.SH,20160722,28.2112,28.2405,27.7425,28.1721,28.0647,0.10740000000000194,0.3827,17424.73,49846.952
600976.SH,20160721,27.8792,28.2698,27.8792,28.0647,27.9475,0.11719999999999686,0.4194,18237.66,52451.775
600976.SH,20160720,27.8108,28.1526,27.6936,27.9475,27.9085,0.03900000000000148,0.1397,14847.41,42565.378
600976.SH,20160719,28.094,28.3088,27.5472,27.9085,28.2307,-0.3221999999999987,-1.1413,25653.96,73039.169
600976.SH,20160718,28.6115,28.7873,28.0647,28.2307,28.5822,-0.3515000000000015,-1.2298,30924.63,90207.666
600976.SH,20160715,28.3284,28.6604,28.0256,28.5822,28.2893,0.2928999999999995,1.0354,34200.11,99489.715
600976.SH,20160714,28.4651,28.8166,28.1819,28.2893,28.3088,-0.01950000000000074,-0.0689,21810.2,63653.629
600976.SH,20160713,29.1974,29.1974,28.2307,28.3088,28.8947,-0.5858999999999988,-2.0277,42927.79,125766.2
600976.SH,20160712,28.0354,29.1486,27.7425,28.8947,27.9963,0.8983999999999988,3.209,65824.63,193154.319
600976.SH,20160711,27.0394,28.6018,27.0394,27.9963,26.9515,1.0448000000000022,3.8766,64740.96,185095.208
600976.SH,20160708,27.4397,27.4886,26.9124,26.9515,27.4202,-0.4687000000000019,-1.7093,25961.39,72056.817
600976.SH,20160707,26.805,27.9085,26.6488,27.4202,26.8538,0.5664000000000016,2.1092,53707.87,150765.616
600976.SH,20160706,26.1215,26.8734,25.9262,26.8538,26.2875,0.5662999999999982,2.1543,37352.44,101185.57
600976.SH,20160705,26.2093,26.7171,26.1605,26.2875,26.2679,0.019600000000000506,0.0746,24596.09,66461.67
600976.SH,20160704,25.7797,26.3168,25.6332,26.2679,25.8383,0.42960000000000065,1.6626,25988.03,69648.132
600976.SH,20160701,26.2191,26.2875,25.5649,25.8383,26.2191,-0.3808000000000007,-1.4524,22663.59,60033.086
600976.SH,20160630,25.8285,26.4632,25.6918,26.2191,25.7309,0.48820000000000263,1.8973,24786.9,66349.817
600976.SH,20160629,25.8773,26.5121,25.643,25.7309,25.5746,0.1562999999999981,0.6112,28001.67,74866.377
600976.SH,20160628,24.7934,25.5844,24.7055,25.5746,24.9204,0.6541999999999994,2.6252,33602.89,87188.523
600976.SH,20160627,24.1196,24.9301,24.1196,24.9204,24.4809,0.43950000000000244,1.7953,17307.87,43871.031
600976.SH,20160624,24.8715,24.9692,24.0415,24.4809,24.8618,-0.38090000000000046,-1.5321,16820.72,42408.934
600976.SH,20160623,24.8032,25.018,24.6176,24.8618,24.7348,0.1269999999999989,0.5134,18048.87,45926.45
600976.SH,20160622,24.4126,24.7641,24.4126,24.7348,24.4907,0.24409999999999954,0.9967,14827.68,37325.949
600976.SH,20160621,24.7055,24.9497,24.4321,24.4907,24.7055,-0.21480000000000032,-0.8694,16509.44,41767.436
600976.SH,20160620,24.8032,24.8129,24.3833,24.7055,24.6567,0.048799999999999955,0.1979,11232.07,28285.625
600976.SH,20160617,24.6958,24.9399,24.4712,24.6567,24.6958,-0.03909999999999769,-0.1583,15232.39,38554.699
600976.SH,20160616,24.3442,24.8813,24.1294,24.6958,24.2661,0.42969999999999686,1.7708,23996.03,60205.141
600976.SH,20160615,23.5533,24.4614,23.5435,24.2661,23.7779,0.48820000000000263,2.0532,13125.29,32565.28
600976.SH,20160614,23.729,23.9536,23.6118,23.7779,23.7388,0.03909999999999769,0.1647,7574.85,18423.987
600976.SH,20160613,24.4614,24.6079,23.69,23.7388,24.9204,-1.1815999999999995,-4.7415,19855.24,49430.18
600976.SH,20160608,25.1547,25.2719,24.8618,24.9204,25.1547,-0.2342999999999975,-0.9314,19489.88,49903.676
600976.SH,20160607,25.3696,25.3696,25.0668,25.1547,25.2524,-0.09770000000000323,-0.3869,16619.83,42838.389
600976.SH,20160606,25.145,25.6039,25.0473,25.2524,25.0961,0.15630000000000166,0.6228,23519.23,60928.677
600976.SH,20160603,24.9789,25.1645,24.7739,25.0961,25.018,0.07809999999999917,0.3122,26833.92,68623.285
600976.SH,20160602,24.9204,25.0961,24.7446,25.018,25.0082,0.00980000000000203,0.0392,25892.18,66014.75
600976.SH,20160601,25.0473,25.2231,24.8227,25.0082,24.9887,0.019499999999997186,0.078,19800.94,50758.793
600976.SH,20160531,24.1935,24.9977,24.1935,24.988,24.2032,0.7848000000000006,3.2425,29072.31,74166.083
600976.SH,20160530,24.3194,24.3291,23.9512,24.2032,24.3679,-0.16469999999999985,-0.6759,18535.34,46166.89
600976.SH,20160527,24.4066,24.4648,24.2225,24.3679,24.3097,0.05819999999999936,0.2394,7777.62,19545.28
600976.SH,20160526,24.2419,24.4648,23.8834,24.3097,24.2807,0.028999999999999915,0.1194,10684.31,26591.119
600976.SH,20160525,24.4066,24.6488,24.1256,24.2807,24.3291,-0.04840000000000089,-0.1989,16602.67,41950.559
600976.SH,20160524,24.7167,24.8039,24.0384,24.3291,24.7167,-0.38759999999999906,-1.5682,13320.1,33479.669
600976.SH,20160523,24.6585,24.8039,24.2613,24.7167,24.552,0.16469999999999985,0.6708,12855.42,32740.904
600976.SH,20160520,24.2225,24.7264,24.1353,24.552,24.4163,0.13569999999999993,0.5558,11670.91,29429.939
600976.SH,20160519,24.4066,24.8329,24.2225,24.4163,24.4163,0.0,0.0,8734.78,22223.885
600976.SH,20160518,24.5907,24.7748,23.835,24.4163,24.7748,-0.3584999999999994,-1.447,24242.27,60880.557
600976.SH,20160517,24.7845,24.9008,24.4163,24.7748,24.7748,0.0,0.0,6522.0,16621.123
600976.SH,20160516,24.271,24.8329,24.0384,24.7748,24.2225,0.5522999999999989,2.2801,20555.23,52208.319
600976.SH,20160513,24.0287,24.5132,23.9319,24.2225,24.0481,0.17439999999999856,0.7252,14163.08,35555.932
600976.SH,20160512,23.9415,24.5132,22.963,24.0481,24.2225,-0.17439999999999856,-0.72,18918.86,46594.24
600976.SH,20160511,24.3097,24.8911,23.9319,24.2225,24.2032,0.019300000000001205,0.0797,22222.76,56026.813
600976.SH,20160510,24.1644,24.4066,24.0481,24.2032,24.1838,0.01939999999999742,0.0802,13979.71,34965.931
600976.SH,20160509,25.6856,25.6856,23.9803,24.1838,25.6856,-1.5017999999999994,-5.8469,31813.93,80732.989
600976.SH,20160506,27.0517,27.1195,25.6662,25.6856,27.0614,-1.3757999999999981,-5.084,22825.24,62274.253
600976.SH,20160505,27.3036,27.3036,26.9064,27.0614,27.3715,-0.31010000000000204,-1.1329,15912.67,44482.162
600976.SH,20160504,27.1292,27.3908,26.7707,27.3715,27.1099,0.2616000000000014,0.965,19931.81,55738.998
600976.SH,20160503,26.6642,27.2939,26.3638,27.1099,26.6642,0.44569999999999865,1.6715,18787.57,52522.097
600976.SH,20160429,26.1603,26.732,26.0634,26.6642,26.3541,0.31010000000000204,1.1767,11134.34,30431.934
600976.SH,20160428,26.3832,26.3832,25.8309,26.3541,26.2572,0.09689999999999799,0.369,10286.85,27684.922
600976.SH,20160427,26.451,26.606,26.0634,26.2572,26.2185,0.03870000000000218,0.1476,21211.4,57802.422
600976.SH,20160426,25.9278,26.3541,25.9278,26.2185,26.1797,0.03879999999999839,0.1482,15947.7,43057.881
600976.SH,20160425,26.4026,26.4898,25.5112,26.1797,26.4026,-0.2228999999999992,-0.8442,20791.1,55560.064
600976.SH,20160422,25.8212,26.7417,25.5015,26.4026,26.0441,0.3584999999999994,1.3765,20606.09,55969.455
600976.SH,20160421,26.1119,26.7223,25.8212,26.0441,26.3638,-0.319700000000001,-1.2126,23491.66,63410.167
600976.SH,20160420,27.1099,27.1874,24.9977,26.3638,27.0227,-0.6588999999999992,-2.4383,31615.57,85203.738
600976.SH,20160419,26.9839,27.3715,26.7223,27.0227,27.042,-0.019300000000001205,-0.0714,13248.82,36885.433
600976.SH,20160418,27.1583,27.478,26.4801,27.042,27.7106,-0.6685999999999979,-2.4128,24298.06,67486.604
600976.SH,20160415,27.3036,27.8753,26.9839,27.7106,27.1099,0.6006999999999998,2.2158,24742.68,70293.07
600976.SH,20160414,26.8483,27.2649,26.6738,27.1099,26.9645,0.14539999999999864,0.5392,15172.89,42246.595
600976.SH,20160413,26.3832,27.0323,26.3638,26.9645,26.5188,0.4457000000000022,1.6807,28388.8,78244.81
600976.SH,20160412,26.2572,26.5285,25.86,26.5188,26.3347,0.18409999999999727,0.6991,14398.37,38938.485
600976.SH,20160411,25.7243,26.577,25.7243,26.3347,25.4724,0.8623000000000012,3.3852,23960.28,64970.642
600976.SH,20160408,25.9472,25.9569,25.1721,25.4724,25.9859,-0.5135000000000005,-1.9761,17362.53,45737.553
600976.SH,20160407,26.5673,26.7901,25.9762,25.9859,26.6351,-0.6492000000000004,-2.4374,18591.07,50402.051
600976.SH,20160406,26.5866,26.9258,26.1603,26.6351,26.4994,0.13569999999999993,0.5121,19422.18,53061.349
600976.SH,20160405,26.2475,26.7223,25.9666,26.4994,25.9859,0.5135000000000005,1.9761,15475.17,42183.214
600976.SH,20160401,26.015,26.4026,25.7728,25.9859,26.1119,-0.12599999999999767,-0.4825,18256.87,49158.301
600976.SH,20160331,25.8697,26.3832,25.5887,26.1119,25.7437,0.3681999999999981,1.4303,23360.48,62832.663
600976.SH,20160330,24.9686,25.7631,24.9686,25.7437,24.707,1.0366999999999997,4.196,20453.76,53687.086
600976.SH,20160329,25.3852,25.4821,24.5132,24.707,25.2593,-0.5522999999999989,-2.1865,16749.8,43395.685
600976.SH,20160328,25.0752,25.8212,24.9104,25.2593,25.0945,0.1647999999999996,0.6567,30673.06,80813.278
600976.SH,20160325,24.9492,25.1527,24.3872,25.0945,24.9977,0.09680000000000177,0.3872,14301.53,36772.977
600976.SH,20160324,25.579,25.6177,24.8523,24.9977,25.6953,-0.6976000000000013,-2.7149,25838.09,67282.671
600976.SH,20160323,25.9181,26.1313,25.2108,25.6953,26.1797,-0.48440000000000083,-1.8503,34821.12,92149.715
600976.SH,20160322,25.8018,26.2572,25.5984,26.1797,25.9956,0.18410000000000082,0.7082,27084.34,72527.45
600976.SH,20160321,25.6081,26.1216,25.3658,25.9956,25.579,0.41659999999999897,1.6287,45846.93,121947.218
600976.SH,20160318,24.4744,26.0634,24.3776,25.579,25.0655,0.5135000000000005,2.0486,55599.94,143954.255
600976.SH,20160317,24.3776,25.1042,24.3,25.0655,24.2904,0.7750999999999983,3.191,15902.97,40700.337
600976.SH,20160316,24.3,24.9492,24.2225,24.2904,24.2807,0.009700000000002262,0.0399,18575.77,47273.302
600976.SH,20160315,24.3776,24.4357,23.8834,24.2807,24.3969,-0.11619999999999919,-0.4763,9305.85,23254.375
600976.SH,20160314,23.835,24.6488,23.835,24.3969,23.6218,0.7750999999999983,3.2813,22653.56,56766.963
600976.SH,20160311,23.3021,23.8156,23.3021,23.6218,23.6024,0.019400000000000972,0.0822,8506.66,20665.348
600976.SH,20160310,23.3699,24.1256,23.3699,23.6024,23.554,0.04840000000000089,0.2055,19733.28,48765.576
600976.SH,20160309,23.2827,23.9997,23.2536,23.554,23.7671,-0.21310000000000073,-0.8966,14239.34,34666.017
600976.SH,20160308,23.7768,23.9319,22.8661,23.7671,23.7575,0.009599999999998943,0.0404,13271.05,31946.983
600976.SH,20160307,23.4959,24.0869,23.3602,23.7575,23.2633,0.4941999999999993,2.1244,11260.93,27639.057
600976.SH,20160304,23.7865,23.7865,22.6723,23.2633,23.7865,-0.5231999999999992,-2.1996,18041.37,43299.585
600976.SH,20160303,23.4087,24.0481,23.2149,23.7865,23.4087,0.3778000000000006,1.6139,23736.85,58016.768
600976.SH,20160302,22.4591,23.6412,22.0909,23.4087,22.2266,1.1820999999999984,5.3184,14092.96,33270.855
600976.SH,20160301,21.7906,22.4785,21.4127,22.2266,21.5581,0.6685000000000016,3.1009,19913.91,45248.601
600976.SH,20160229,23.7284,23.8834,21.5581,21.5581,23.9512,-2.3931000000000004,-9.9916,40541.18,92799.454
600976.SH,20160226,24.2322,24.5035,23.0598,23.9512,23.9609,-0.00969999999999871,-0.0405,18530.84,45763.797
600976.SH,20160225,26.5479,26.5479,23.9319,23.9609,26.5866,-2.625700000000002,-9.876,25983.75,67093.929
600976.SH,20160224,26.2088,26.6448,25.8406,26.5866,26.3638,0.22279999999999944,0.8451,15878.78,42860.772
600976.SH,20160223,26.3735,26.5285,25.6856,26.3638,26.5285,-0.16469999999999985,-0.6208,16640.82,44849.768
600976.SH,20160222,26.1991,26.7901,26.1119,26.5285,25.9666,0.5619000000000014,2.1639,15621.24,42573.12
600976.SH,20160219,25.7728,26.2475,25.5984,25.9666,25.9278,0.03879999999999839,0.1496,14227.58,38216.819
600976.SH,20160218,25.86,26.4122,25.8503,25.9278,25.8794,0.04840000000000089,0.187,20642.66,55632.44
600976.SH,20160217,25.8697,26.4122,25.5887,25.8794,25.9666,-0.08719999999999928,-0.3358,20356.11,54562.412
600976.SH,20160216,25.5209,26.2185,25.3368,25.9666,25.2786,0.6879999999999988,2.7217,13578.7,36310.132
600976.SH,20160215,24.271,25.4918,24.2225,25.2786,24.9008,0.3778000000000006,1.5172,11713.38,30088.149
600976.SH,20160205,25.3658,25.579,24.8911,24.9008,25.4627,-0.5619000000000014,-2.2068,17643.65,45918.28
600976.SH,20160204,25.1624,25.6759,24.7554,25.4627,24.9008,0.5619000000000014,2.2566,24465.36,63939.259
600976.SH,20160203,24.8136,25.2883,24.2225,24.9008,25.0558,-0.15500000000000114,-0.6186,11483.43,29311.952
600976.SH,20160202,23.835,25.5499,23.6412,25.0558,23.6606,1.3952000000000027,5.8967,19714.1,50222.22
600976.SH,20160201,23.1083,24.4744,23.1083,23.6606,23.428,0.23259999999999792,0.9928,18421.71,45255.141
600976.SH,20160129,22.2653,23.835,21.8972,23.428,22.3526,1.075400000000002,4.8111,21504.63,51359.717
600976.SH,20160128,22.9436,23.4474,22.2847,22.3526,23.4474,-1.0947999999999993,-4.6692,13849.81,32766.863
600976.SH,20160127,23.9319,24.1838,21.7034,23.4474,23.8059,-0.3585000000000029,-1.5059,27455.83,64658.71
600976.SH,20160126,26.1119,26.451,23.7671,23.8059,26.4026,-2.5966999999999985,-9.835,24055.53,62023.905
600976.SH,20160125,26.4026,26.8386,26.17,26.4026,26.0441,0.3584999999999994,1.3765,10861.85,29603.136
600976.SH,20160122,25.889,26.1603,24.9589,26.0441,25.6274,0.41669999999999874,1.626,12098.68,32159.625
600976.SH,20160121,26.3541,27.0614,25.5984,25.6274,26.8192,-1.191799999999997,-4.4438,16745.0,45457.15
600976.SH,20160120,27.6234,28.0012,26.3347,26.8192,27.604,-0.7848000000000006,-2.8431,30289.2,84402.78
600976.SH,20160119,26.3541,27.9528,26.0731,27.604,26.4898,1.1142000000000003,4.2061,24960.57,69898.635
600976.SH,20160118,25.3852,26.6642,25.1914,26.4898,25.8115,0.6783000000000001,2.6279,24690.13,66328.844
600976.SH,20160115,25.9666,26.6448,25.5596,25.8115,25.9956,-0.18410000000000082,-0.7082,25731.66,69657.65
600976.SH,20160114,24.2225,26.1894,23.4474,25.9956,24.6392,1.3564000000000007,5.505,31728.72,81017.002
600976.SH,20160113,26.2572,26.5479,24.5132,24.6392,25.8503,-1.2111000000000018,-4.6851,23150.45,61320.614
600976.SH,20160112,25.5984,26.451,24.862,25.8503,25.0558,0.7944999999999993,3.1709,23636.98,62697.634
600976.SH,20160111,27.1099,27.2067,24.862,25.0558,27.6234,-2.5675999999999988,-9.295,50027.26,134563.819
600976.SH,20160108,28.1078,28.7957,25.4724,27.6234,27.6912,-0.0677999999999983,-0.2448,33290.94,95639.065
600976.SH,20160107,30.2297,30.2297,27.6912,27.6912,30.7723,-3.081100000000003,-10.0126,7732.0,22830.606
600976.SH,20160106,30.1328,31.0048,29.6774,30.7723,30.5107,0.2616000000000014,0.8574,42282.46,132520.728
600976.SH,20160105,28.0981,30.5785,27.7106,30.5107,29.503,1.0076999999999998,3.4156,64547.11,195969.008
600976.SH,20160104,32.6229,32.9136,29.503,29.503,32.7779,-3.2749000000000024,-9.9912,40164.02,129163.351
600976.SH,20151231,33.7274,34.0956,32.5551,32.7779,33.7081,-0.9301999999999992,-2.7596,39528.5,136229.606
600976.SH,20151230,33.524,33.7856,32.9426,33.7081,33.5046,0.20349999999999824,0.6074,25934.96,89326.484
600976.SH,20151229,33.9019,34.1053,32.7295,33.5046,33.834,-0.3293999999999997,-0.9736,42064.96,143994.978
600976.SH,20151228,36.2272,36.2272,33.8243,33.834,35.6943,-1.8602999999999952,-5.2118,57785.23,206832.501
600976.SH,20151225,36.0431,36.2078,34.958,35.6943,35.9462,-0.2518999999999991,-0.7008,35765.51,130926.482
600976.SH,20151224,33.6209,36.1206,33.5821,35.9462,33.96,1.9861999999999966,5.8486,64858.75,234153.748
600976.SH,20151223,33.4658,36.0141,33.4658,33.96,33.4658,0.4941999999999993,1.4767,74761.81,268381.428
600976.SH,20151222,32.9426,33.8631,32.9426,33.4658,33.088,0.3778000000000006,1.1418,73831.96,255352.964
600976.SH,20151221,32.7489,33.7856,31.8962,33.088,32.9039,0.18410000000000082,0.5595,69973.41,238380.487
600976.SH,20151218,32.7295,33.0105,32.1385,32.9039,32.807,0.09689999999999799,0.2954,33310.19,112430.111
600976.SH,20151217,32.7973,32.933,32.09,32.807,32.2547,0.5523000000000025,1.7123,38680.46,129912.61
600976.SH,20151216,31.6734,32.7876,31.5377,32.2547,31.4602,0.7944999999999993,2.5254,41223.55,137001.571
600976.SH,20151215,31.6831,31.8284,31.2568,31.4602,31.5862,-0.12600000000000122,-0.3989,20160.05,65549.396
600976.SH,20151214,30.5204,31.6831,30.1425,31.5862,30.627,0.9592000000000027,3.1319,22332.39,71801.223
600976.SH,20151211,30.3169,30.8595,30.2297,30.627,30.3363,0.2906999999999975,0.9583,13129.64,41403.421
600976.SH,20151210,30.1813,30.8401,30.1328,30.3363,30.4138,-0.07749999999999702,-0.2548,15495.73,48867.753
600976.SH,20151209,30.7239,30.9661,30.2297,30.4138,30.7142,-0.30040000000000333,-0.978,22989.17,72395.336
600976.SH,20151208,31.5862,31.8768,30.6851,30.7142,32.1288,-1.4145999999999965,-4.4029,29893.17,96132.869
600976.SH,20151207,31.5862,32.4582,31.3536,32.1288,31.5959,0.5328999999999979,1.6866,45632.61,150168.076
600976.SH,20151204,31.0048,31.8284,30.7239,31.5959,31.2083,0.38759999999999906,1.242,29803.53,96273.501
600976.SH,20151203,30.8304,31.2568,30.4235,31.2083,30.6754,0.5329000000000015,1.7372,28167.99,89775.55
600976.SH,20151202,31.5959,31.6928,29.0961,30.6754,31.5377,-0.8623000000000012,-2.7342,30543.69,95735.006
600976.SH,20151201,32.245,32.245,31.2083,31.5377,31.8575,-0.31980000000000075,-1.0038,32994.56,108117.9
600976.SH,20151130,31.3924,32.4388,30.0456,31.8575,31.5959,0.2616000000000014,0.828,59564.54,192863.247
600976.SH,20151127,32.2644,32.9911,30.8886,31.5959,32.7489,-1.1529999999999987,-3.5207,60785.1,201027.429
600976.SH,20151126,33.6693,34.3766,32.652,32.7489,33.4852,-0.7363,-2.1989,53839.42,186605.391
600976.SH,20151125,33.6693,33.9115,33.0492,33.4852,33.4852,0.0,0.0,47700.66,164722.962
600976.SH,20151124,33.3302,33.524,32.0997,33.4852,33.3399,0.14529999999999887,0.4358,66499.5,223387.218
600976.SH,20151123,33.0105,34.8611,32.9426,33.3399,32.933,0.40690000000000026,1.2355,90863.89,316820.046
600976.SH,20151120,31.6056,33.4077,31.2761,32.933,31.654,1.279,4.0406,72136.05,241133.328
600976.SH,20151119,31.2761,31.7509,30.4235,31.654,31.1696,0.48440000000000083,1.5541,55906.9,179471.23
600976.SH,20151118,31.2761,32.3419,30.7626,31.1696,31.1986,-0.028999999999999915,-0.093,108394.42,352328.443
600976.SH,20151117,29.939,31.4893,29.939,31.1986,29.9778,1.2208000000000006,4.0723,132228.44,419927.867
600976.SH,20151116,28.6795,30.0166,28.3404,29.9778,29.2511,0.7266999999999975,2.4844,54452.13,162639.76
600976.SH,20151113,29.5612,30.9467,29.0864,29.2511,29.9294,-0.6783000000000001,-2.2663,56808.16,174746.71
600976.SH,20151112,30.6173,31.344,29.7259,29.9294,30.7626,-0.8331999999999979,-2.7085,42570.48,133043.255
600976.SH,20151111,29.5515,30.7723,29.3674,30.7626,29.6871,1.0754999999999981,3.6228,60564.81,188114.542
600976.SH,20151110,29.5127,29.9875,29.1445,29.6871,29.7162,-0.02909999999999968,-0.0979,57119.98,174966.122
600976.SH,20151109,29.3093,29.8325,28.0981,29.7162,29.2899,0.42630000000000123,1.4555,87093.27,260420.477
600976.SH,20151106,28.9701,29.5418,28.7861,29.2899,28.9508,0.3390999999999984,1.1713,48297.21,145816.434
600976.SH,20151105,29.3189,29.3577,28.7085,28.9508,29.3577,-0.40690000000000026,-1.386,59046.98,176810.314
600976.SH,20151104,28.0981,29.5224,27.7493,29.3577,28.2822,1.0755000000000017,3.8027,79319.39,237378.308
600976.SH,20151103,27.8559,28.4857,27.0033,28.2822,27.8559,0.42630000000000123,1.5304,47086.58,133968.834
600976.SH,20151102,28.6795,29.3189,27.6815,27.8559,29.5902,-1.734300000000001,-5.8611,52716.35,155625.013
600976.SH,20151030,28.8926,30.1813,28.5826,29.5902,28.3307,1.2594999999999992,4.4457,145186.61,440958.084
600976.SH,20151029,27.8656,28.5438,27.6912,28.3307,27.8559,0.4748000000000019,1.7045,32372.87,93785.197
600976.SH,20151028,27.7881,28.2919,27.5749,27.8559,28.3791,-0.5232000000000028,-1.8436,30674.33,88445.748
600976.SH,20151027,28.0981,28.7764,27.0323,28.3791,28.5826,-0.20349999999999824,-0.712,30114.27,86297.94
600976.SH,20151026,28.195,28.8733,27.7203,28.5826,28.7667,-0.18410000000000082,-0.64,42389.0,123978.532
600976.SH,20151023,27.4683,29.067,27.4683,28.7667,26.8676,1.8991000000000007,7.0684,70866.18,205588.13
600976.SH,20151022,25.8697,26.9936,25.6856,26.8676,26.3347,0.5328999999999979,2.0236,38324.12,104628.53
600976.SH,20151021,27.3133,27.6815,25.2883,26.3347,27.2746,-0.939899999999998,-3.4461,54609.43,151071.468
600976.SH,20151020,27.0323,27.2939,26.6642,27.2746,27.2746,0.0,0.0,30245.72,84374.186
600976.SH,20151019,27.7784,27.7784,27.0323,27.2746,27.8268,-0.5521999999999991,-1.9844,36505.75,103074.736
600976.SH,20151016,27.5943,27.885,26.9451,27.8268,27.3811,0.44569999999999865,1.6278,34777.42,98321.587
600976.SH,20151015,26.887,27.5168,26.5479,27.3811,26.8483,0.5328000000000017,1.9845,23452.74,65986.852
600976.SH,20151014,27.2843,28.5826,26.6448,26.8483,27.2843,-0.4360000000000035,-1.598,26511.36,74998.548
600976.SH,20151013,26.9258,27.478,26.6448,27.2843,27.6621,-0.377799999999997,-1.3658,28732.62,80298.451
600976.SH,20151012,26.6932,28.0012,26.5576,27.6621,26.5479,1.1142000000000003,4.1969,41850.15,118241.553
600976.SH,20151009,27.013,27.013,26.2185,26.5479,26.9161,-0.36820000000000164,-1.368,30063.65,82750.789
600976.SH,20151008,27.8947,27.8947,26.7417,26.9161,26.1313,0.7848000000000006,3.0033,41766.33,116734.256
600976.SH,20150930,26.5188,26.6642,25.6759,26.1313,26.6835,-0.5521999999999991,-2.0694,13282.87,35876.603
600976.SH,20150929,26.2572,27.478,26.0441,26.6835,26.6254,0.058099999999999596,0.2182,31226.49,86097.347
600976.SH,20150928,24.7264,27.1292,24.5132,26.6254,24.9298,1.6955999999999989,6.8015,28750.31,77617.024
600976.SH,20150925,24.8329,25.4337,24.2225,24.9298,25.2593,-0.32949999999999946,-1.3045,12681.22,32419.859
600976.SH,20150924,24.707,25.6565,24.707,25.2593,24.6779,0.5813999999999986,2.356,30947.95,80679.296
600976.SH,20150923,24.6876,25.1042,24.5132,24.6779,25.2108,-0.5328999999999979,-2.1138,19929.45,50968.242
600976.SH,20150922,24.3679,25.5112,23.2536,25.2108,24.6101,0.6006999999999998,2.4409,34330.63,87568.415
600976.SH,20150921,22.8661,24.707,22.7789,24.6101,23.2246,1.3855000000000004,5.9657,20694.13,51349.259
600976.SH,20150918,23.2052,23.4377,22.7692,23.2246,23.2052,0.01939999999999742,0.0836,13457.92,32072.329
600976.SH,20150917,23.6412,24.3,23.1664,23.2052,23.9803,-0.7750999999999983,-3.2322,21969.91,53999.464
600976.SH,20150916,22.0909,24.1935,21.529,23.9803,22.0716,1.9086999999999996,8.6478,23911.91,56322.519
600976.SH,20150915,22.275,22.7207,21.8487,22.0716,22.7692,-0.6976000000000013,-3.0638,18900.56,43447.266
600976.SH,20150914,24.7845,24.9104,22.5076,22.7692,24.7651,-1.995899999999999,-8.0593,21458.14,51619.844
600976.SH,20150911,24.3776,25.2011,23.7865,24.7651,24.3291,0.43599999999999994,1.7921,16263.35,41526.517
600976.SH,20150910,24.6973,25.4627,24.2516,24.3291,25.2205,-0.8914000000000009,-3.5344,20071.93,51387.452
600976.SH,20150909,24.3969,25.9666,24.3388,25.2205,24.6295,0.5910000000000011,2.3996,36985.98,95704.796
600976.SH,20150908,22.1878,24.6295,21.8972,24.6295,22.3913,2.238199999999999,9.9958,35059.68,83518.512
600976.SH,20150907,22.2847,23.3408,22.2847,22.3913,21.8197,0.5716000000000001,2.6197,24846.62,58275.928
600976.SH,20150902,20.7345,22.8079,20.3469,21.8197,21.6937,0.12600000000000122,0.5808,39758.47,89332.51
600976.SH,20150901,23.3505,23.7381,21.093,21.6937,23.3505,-1.6568000000000005,-7.0954,51901.27,119214.708
600976.SH,20150831,24.2128,24.2128,23.273,23.3505,25.0849,-1.7344000000000008,-6.9141,46281.62,113405.128
600976.SH,20150828,24.0287,25.3368,23.0792,25.0849,23.4765,1.6083999999999996,6.8511,60136.96,147248.713
600976.SH,20150827,21.9941,23.4765,21.8972,23.4765,21.3449,2.1316000000000024,9.9865,59836.98,140977.284
600976.SH,20150826,20.3469,22.9242,20.3469,21.3449,20.8411,0.5037999999999982,2.4173,86647.27,195364.489
600976.SH,20150825,20.8411,22.3719,20.8411,20.8411,23.1567,-2.3156,-9.9997,78158.7,173218.339
600976.SH,20150824,24.2225,24.2225,23.1567,23.1567,25.7243,-2.5675999999999988,-9.9812,37067.66,89463.81
600976.SH,20150821,28.2628,28.2628,25.5305,25.7243,28.3694,-2.6450999999999993,-9.3238,55768.76,153304.15
600976.SH,20150820,29.9778,30.3266,28.2919,28.3694,31.4215,-3.052100000000003,-9.7134,57279.87,174970.602
600976.SH,20150819,29.5127,31.5668,27.323,31.4215,30.0166,1.4049000000000014,4.6804,61697.91,185673.426
600976.SH,20150818,32.8457,33.1849,29.8325,30.0166,33.1461,-3.1294999999999966,-9.4415,44876.1,146232.307
600976.SH,20150817,31.8768,33.2139,31.7315,33.1461,32.1869,0.9591999999999956,2.9801,40149.12,134453.632
600976.SH,20150814,30.6754,32.4291,30.6754,32.1869,30.6754,1.5115000000000016,4.9274,53995.04,176182.577
600976.SH,20150813,30.0359,30.7142,29.1736,30.6754,30.2782,0.39720000000000155,1.3118,20994.46,65321.653
600976.SH,20150812,31.2664,31.935,30.2297,30.2782,31.2761,-0.9979000000000013,-3.1906,32323.08,103935.598
600976.SH,20150811,31.4893,31.8768,30.6463,31.2761,31.7703,-0.4941999999999993,-1.5555,36851.2,119088.458
600976.SH,20150810,30.1425,31.8284,29.7259,31.7703,30.065,1.7052999999999976,5.672,45728.5,145258.001
600976.SH,20150807,29.0089,30.2103,28.8829,30.065,29.067,0.9980000000000011,3.4334,37627.83,115194.082
600976.SH,20150806,27.6524,29.0864,27.1486,29.067,27.9431,1.123899999999999,4.0221,37106.9,108993.791
600976.SH,20150805,28.195,29.067,27.4393,27.9431,28.3404,-0.39729999999999777,-1.4019,27554.72,80575.707
600976.SH,20150804,26.4607,28.5245,26.2669,28.3404,26.5866,1.7537999999999982,6.5966,33275.98,94776.413
600976.SH,20150803,26.2088,26.9064,25.6759,26.5866,26.8773,-0.29070000000000107,-1.0816,32701.18,88362.715
600976.SH,20150731,26.6545,27.5943,26.3541,26.8773,27.5071,-0.6297999999999995,-2.2896,35308.05,97880.331
600976.SH,20150730,28.2919,29.067,27.4199,27.5071,28.8733,-1.3661999999999992,-4.7317,35825.06,105597.949
600976.SH,20150729,26.9548,29.0186,25.7534,28.8733,26.9064,1.966899999999999,7.3102,62186.76,173312.272
600976.SH,20150728,26.1603,28.4857,25.4918,26.9064,28.3016,-1.395199999999999,-4.9298,79956.86,220877.856
600976.SH,20150727,30.5204,31.6734,28.3016,28.3016,31.4408,-3.139199999999999,-9.9845,62433.75,193099.515
600976.SH,20150724,31.809,32.4582,30.7917,31.4408,31.7509,-0.31010000000000204,-0.9767,69438.62,225479.942
600976.SH,20150723,31.0048,31.8962,30.3266,31.7509,30.5107,1.2402000000000015,4.0648,68666.74,220993.06
600976.SH,20150722,29.8325,30.5204,29.1542,30.5107,29.9681,0.5426000000000002,1.8106,47526.05,146879.767
600976.SH,20150721,29.5612,30.6173,29.1445,29.9681,29.8906,0.07750000000000057,0.2593,58835.71,181822.394
600976.SH,20150720,29.8034,31.4699,29.5418,29.8906,30.0262,-0.13560000000000016,-0.4516,62818.02,196690.366
600976.SH,20150717,28.2919,30.5204,27.914,30.0262,28.2628,1.7634000000000007,6.2393,101491.79,308930.445
600976.SH,20150716,25.86,29.2608,25.1139,28.2628,27.9044,0.3583999999999996,1.2844,78028.83,220366.053
600976.SH,20150715,29.7065,30.3266,27.9044,27.9044,31.0048,-3.1004000000000005,-9.9997,94285.74,277675.496
600976.SH,20150714,29.0573,31.1792,28.3404,31.0048,28.3404,2.6644000000000005,9.4014,166626.37,520827.532
600976.SH,20150713,28.3404,28.3404,27.4393,28.3404,25.7631,2.5772999999999975,10.0038,67290.95,196645.698
600976.SH,20150710,25.7631,25.7631,25.7631,25.7631,23.4183,2.344800000000003,10.0127,19889.91,52887.271
600976.SH,20150709,21.1511,23.4183,20.9476,23.4183,21.2868,2.131499999999999,10.0132,79967.56,188366.919
600976.SH,20150708,19.7656,22.275,19.7074,21.2868,21.8972,-0.610400000000002,-2.7876,194961.12,410634.645
600976.SH,20150707,23.2439,24.9008,21.8972,21.8972,24.3291,-2.431899999999999,-9.9958,138066.09,325850.584
600976.SH,20150706,28.3307,28.3307,23.1761,24.3291,25.7534,-1.4242999999999988,-5.5305,112431.93,300408.113
600976.SH,20150703,28.0012,29.5321,25.7243,25.7534,28.5826,-2.8292,-9.8983,97841.41,272212.133
600976.SH,20150702,31.4893,32.5551,28.5826,28.5826,31.7606,-3.178000000000001,-10.0061,60419.69,188567.707
600976.SH,20150701,33.1364,35.7815,31.6831,31.7606,32.9814,-1.2208000000000006,-3.7015,75392.79,263537.286
600976.SH,20150630,29.2414,33.2527,27.7784,32.9814,30.2297,2.7516999999999996,9.1026,82005.25,261683.242
600976.SH,20150629,34.3669,34.7642,30.2297,30.2297,33.5918,-3.362099999999998,-10.0087,52312.16,169776.642
600976.SH,20150626,36.3435,36.3435,33.5918,33.5918,37.3221,-3.7302999999999997,-9.9949,46183.3,163442.095
600976.SH,20150625,40.4516,41.4302,36.9151,37.3221,40.0447,-2.7226,-6.7989,36811.75,147691.845
600976.SH,20150624,39.9284,40.9651,38.756,40.0447,39.6377,0.4069999999999965,1.0268,35711.75,147326.308
600976.SH,20150623,39.9284,40.9845,36.1013,39.6377,40.1125,-0.4747999999999948,-1.1837,32181.89,127052.143
600976.SH,20150619,41.4593,41.4593,38.7754,40.1125,41.6821,-1.5696000000000012,-3.7656,33808.58,139596.669
600976.SH,20150618,43.8428,46.0228,41.5659,41.6821,43.8622,-2.180100000000003,-4.9703,32547.25,147511.089
600976.SH,20150617,44.0559,44.2303,41.5659,43.8622,44.0559,-0.19369999999999976,-0.4397,26133.25,116060.673
600976.SH,20150616,45.1992,45.2283,42.6317,44.0559,45.2671,-1.211199999999998,-2.6757,38820.81,176248.542
600976.SH,20150615,46.9917,47.2824,45.2283,45.2671,47.4665,-2.1994000000000042,-4.6336,48439.57,229317.549
600976.SH,20150612,44.7923,48.2416,44.3854,47.4665,44.5113,2.955200000000005,6.6392,60222.4,285884.661
600976.SH,20150611,44.7826,45.0539,43.5134,44.5113,44.7729,-0.2616000000000014,-0.5843,47085.98,214545.468
600976.SH,20150610,44.2497,45.519,43.7556,44.7729,44.8795,-0.10660000000000025,-0.2375,46018.05,210899.426
600976.SH,20150609,44.9667,46.0228,43.4068,44.8795,44.9667,-0.08720000000000283,-0.1939,51448.38,235575.426
600976.SH,20150608,47.573,47.6312,44.5791,44.9667,47.7281,-2.7613999999999947,-5.7857,48006.95,228060.933
600976.SH,20150605,46.9723,47.9412,45.5384,47.7281,46.2069,1.5212000000000003,3.2921,55174.81,267428.686
600976.SH,20150604,46.5073,46.9917,41.6628,46.2069,46.1585,0.04840000000000089,0.1049,42786.49,201116.357
600976.SH,20150603,46.5073,48.3385,45.548,46.1585,46.2747,-0.1162000000000063,-0.2511,65095.69,315788.497
600976.SH,20150602,43.4068,46.3135,43.4068,46.2747,43.8137,2.4610000000000056,5.617,43644.97,203565.483
600976.SH,20150601,41.5659,44.5501,41.5659,43.8137,41.3527,2.4609999999999985,5.9512,36205.46,163002.591
600976.SH,20150529,41.3236,42.8739,38.2716,41.3527,41.3043,0.04840000000000089,0.1172,40846.24,174795.246
600976.SH,20150528,44.3466,45.9744,40.7423,41.3043,43.9494,-2.6450999999999993,-6.0185,76016.18,343919.907
600976.SH,20150527,44.5695,44.5695,43.0192,43.9494,44.7826,-0.833200000000005,-1.8605,54334.8,244057.011
600976.SH,20150526,43.4455,45.238,41.9825,44.7826,42.9611,1.8215000000000003,4.2399,87481.43,395172.076
600976.SH,20150525,39.037,42.9901,38.756,42.9611,39.0855,3.8755999999999986,9.9157,78515.14,342808.621
600976.SH,20150522,39.037,40.3063,38.2716,39.0855,39.1339,-0.04839999999999378,-0.1237,50321.76,203396.342
600976.SH,20150521,37.3996,39.3374,37.3124,39.1339,37.2639,1.8699999999999974,5.0183,52337.19,207683.998
600976.SH,20150520,37.3996,38.7173,37.1186,37.2639,37.7387,-0.4748000000000019,-1.2581,48062.95,188662.731
600976.SH,20150519,37.7871,38.2716,36.7407,37.7387,37.448,0.29070000000000107,0.7763,50234.54,193807.708
600976.SH,20150518,35.6556,37.7775,35.5199,37.448,36.3338,1.1142000000000039,3.0666,68062.57,259432.158
600976.SH,20150515,36.4307,37.0895,36.1594,36.3338,36.9151,-0.5813000000000059,-1.5747,45740.69,172728.3
600976.SH,20150514,37.3027,37.9034,36.2757,36.9151,36.8086,0.10650000000000404,0.2893,63879.9,243946.371
600976.SH,20150513,35.8493,37.138,34.958,36.8086,36.14,0.6685999999999979,1.85,80916.94,300349.797
600976.SH,20150512,34.4347,36.3629,33.6306,36.14,34.5995,1.5405000000000015,4.4524,79827.45,289638.309
600976.SH,20150511,33.524,34.6867,32.7004,34.5995,33.5143,1.0852000000000004,3.238,67163.86,232583.764
600976.SH,20150508,32.8942,33.6209,32.09,33.5143,32.4194,1.0948999999999955,3.3773,46394.91,156405.634
600976.SH,20150507,34.5715,34.5715,32.0035,32.4251,34.5619,-2.136800000000001,-6.1825,28872.2,99543.077
600976.SH,20150506,34.399,35.8075,34.2074,34.5619,34.3894,0.17249999999999943,0.5016,31304.89,114772.596
600976.SH,20150505,34.811,34.9931,34.1115,34.3894,35.0601,-0.6706999999999965,-1.913,26385.38,95065.575
600976.SH,20150504,34.7727,35.2997,34.1115,35.0601,34.9931,0.06700000000000017,0.1915,25573.43,92693.867
600976.SH,20150430,35.6255,35.6446,34.8302,34.9931,35.5009,-0.5078000000000031,-1.4304,31703.16,116333.136
600976.SH,20150429,34.6577,35.9704,34.4469,35.5009,34.6577,0.8432000000000031,2.4329,36531.19,133851.023
600976.SH,20150428,36.2196,36.6795,34.5427,34.6577,36.6795,-2.021799999999999,-5.5121,51346.26,189590.573
600976.SH,20150427,36.8711,37.3215,36.0183,36.6795,36.4208,0.2586999999999975,0.7103,65305.32,250396.902
600976.SH,20150424,36.9765,36.9765,35.453,36.4208,37.379,-0.9581999999999979,-2.5635,59911.82,226229.835
600976.SH,20150423,37.9347,37.9347,37.0053,37.379,37.7622,-0.3832000000000022,-1.0148,36059.09,140430.872
600976.SH,20150422,38.4521,38.5,37.034,37.7622,37.676,0.08619999999999806,0.2288,45004.23,176506.319
600976.SH,20150421,34.8493,38.0401,34.3798,37.676,34.8877,2.7882999999999996,7.9922,73450.89,281719.142
600976.SH,20150420,34.4948,36.0279,34.2074,34.8877,34.9547,-0.06700000000000017,-0.1917,91243.34,335196.07
600976.SH,20150417,34.0636,35.6926,34.0349,34.9547,33.9103,1.044400000000003,3.0799,74509.3,271298.808
600976.SH,20150416,33.23,34.7535,32.3485,33.9103,33.3354,0.5748999999999995,1.7246,45716.69,162030.847
600976.SH,20150415,34.399,34.399,33.1054,33.3354,34.6577,-1.3222999999999985,-3.8153,39519.85,138459.344
600976.SH,20150414,34.7056,36.1908,34.3128,34.6577,34.7056,-0.0478999999999985,-0.138,53337.74,196150.378
600976.SH,20150413,34.2649,35.0985,33.5175,34.7056,34.0445,0.6610999999999976,1.9419,74465.11,267415.16
600976.SH,20150410,32.5593,34.9739,32.2527,34.0445,32.6168,1.4277000000000015,4.3772,63656.11,224256.441
600976.SH,20150409,33.3929,33.3929,31.5053,32.6168,33.4408,-0.8240000000000052,-2.4641,49364.31,166676.158
600976.SH,20150408,34.2169,34.4661,32.5784,33.4408,34.4852,-1.044399999999996,-3.0285,53771.1,188665.753
600976.SH,20150407,33.7283,35.0122,33.115,34.4852,33.7091,0.7760999999999996,2.3023,91310.24,322229.148
600976.SH,20150403,33.6324,33.9199,33.1629,33.7091,34.0157,-0.3066000000000031,-0.9013,62871.09,219930.68
600976.SH,20150402,34.0061,35.1176,33.3546,34.0157,34.0061,0.009599999999998943,0.0282,77347.82,274893.092
600976.SH,20150401,32.8659,34.1499,32.6838,34.0061,32.6743,1.3318000000000012,4.076,64719.32,225640.198
600976.SH,20150331,32.7701,33.1342,32.291,32.6743,32.9905,-0.31619999999999493,-0.9585,42175.14,144109.234
600976.SH,20150330,33.5366,34.0061,32.4443,32.9905,32.8563,0.13419999999999987,0.4084,86693.06,300032.002
600976.SH,20150327,31.237,32.9042,30.8058,32.8563,31.237,1.619299999999999,5.1839,96326.58,320585.195
600976.SH,20150326,30.7387,31.6011,30.3267,31.237,30.9687,0.2683,0.8664,65507.59,212836.064
600976.SH,20150325,30.7196,31.4286,30.2405,30.9687,31.0932,-0.12450000000000117,-0.4004,76782.57,246138.661
600976.SH,20150324,31.7352,32.0993,30.2596,31.0932,31.8885,-0.795300000000001,-2.494,83832.65,270199.332
600976.SH,20150323,31.879,32.818,31.6298,31.8885,31.879,0.009499999999999176,0.0298,62340.6,208762.43
600976.SH,20150320,31.5244,31.946,31.0932,31.879,31.5628,0.31620000000000203,1.0018,49770.06,163691.69
600976.SH,20150319,30.2884,32.0898,29.9913,31.5628,30.2884,1.2744,4.2076,101700.48,331155.632
600976.SH,20150318,29.4164,30.3267,29.4164,30.2884,29.3302,0.9581999999999979,3.2669,76051.03,236261.612
600976.SH,20150317,29.2727,29.953,29.0331,29.3302,29.2439,0.08630000000000138,0.2951,82270.97,252508.4
600976.SH,20150316,28.257,29.3014,28.0749,29.2439,28.6403,0.6036000000000001,2.1075,93405.44,278683.77
600976.SH,20150313,28.4103,28.7169,27.9887,28.6403,28.142,0.4983000000000004,1.7707,23749.91,70194.879
600976.SH,20150312,28.4295,28.7936,27.9312,28.142,28.4295,-0.2875000000000014,-1.0113,23930.06,70746.85
600976.SH,20150311,29.0523,29.1194,28.3241,28.4295,29.1577,-0.7281999999999975,-2.4975,27758.97,82899.102
600976.SH,20150310,28.0462,29.2248,27.8833,29.1577,28.0462,1.1114999999999995,3.9631,44900.68,134741.804
600976.SH,20150309,27.9025,28.257,27.73,28.0462,28.0366,0.009599999999998943,0.0342,24112.15,70517.294
600976.SH,20150306,28.4582,28.6499,27.5575,28.0366,28.5445,-0.5078999999999994,-1.7793,34476.12,100410.904
600976.SH,20150305,28.7457,29.6368,28.4103,28.5445,28.8223,-0.27779999999999916,-0.9638,45140.67,136106.057
600976.SH,20150304,27.9791,29.2152,27.7492,28.8223,27.9791,0.8431999999999995,3.0137,55467.35,165418.346
600976.SH,20150303,27.3563,28.3624,27.3084,27.9791,27.318,0.6610999999999976,2.42,67361.02,196775.534
600976.SH,20150302,27.3276,27.4905,27.1359,27.318,27.3563,-0.03829999999999956,-0.14,46161.26,131144.913
600976.SH,20150227,27.3946,27.5767,27.1168,27.3563,27.4425,-0.08619999999999806,-0.3141,29512.79,84084.997
600976.SH,20150226,27.2797,27.5479,27.0976,27.4425,27.2317,0.210799999999999,0.7741,19563.6,55852.811
600976.SH,20150225,26.8964,27.5096,26.6377,27.2317,26.8964,0.33530000000000015,1.2466,29319.09,82711.044
600976.SH,20150217,26.973,27.1168,26.561,26.8964,26.8293,0.06709999999999994,0.2501,26085.44,73233.231
600976.SH,20150216,26.9539,27.0976,26.6377,26.8293,26.9539,-0.12460000000000093,-0.4623,31797.89,89162.604
600976.SH,20150213,26.3119,27.3659,26.3119,26.9539,26.3023,0.651600000000002,2.4773,26625.5,75004.101
600976.SH,20150212,26.0628,26.3406,25.9669,26.3023,26.0723,0.23000000000000043,0.8822,14462.23,39519.507
600976.SH,20150211,26.5706,26.6185,25.6028,26.0723,26.5227,-0.4504000000000019,-1.6982,38515.09,104231.057
600976.SH,20150210,26.0723,26.5802,26.0723,26.5227,26.0723,0.4504000000000019,1.7275,11456.24,31577.63
600976.SH,20150209,26.2544,26.5323,26.0628,26.0723,26.3981,-0.325800000000001,-1.2342,5802.6,15906.682
600976.SH,20150206,26.8293,27.0784,26.264,26.3981,26.9922,-0.594100000000001,-2.201,8713.01,24162.947
600976.SH,20150205,27.3467,27.4617,26.7622,26.9922,27.318,-0.325800000000001,-1.1926,13800.53,38963.822
600976.SH,20150204,27.4713,27.6629,27.0305,27.318,27.4617,-0.14369999999999905,-0.5233,10705.0,30612.972
600976.SH,20150203,27.2892,27.6342,27.0305,27.4617,27.0688,0.3929000000000009,1.4515,18868.73,53854.213
600976.SH,20150202,26.7335,27.4042,26.6089,27.0688,27.0497,0.01909999999999812,0.0706,9231.84,26129.06
600976.SH,20150130,27.4234,27.5863,27.0114,27.0497,27.3755,-0.3257999999999974,-1.1901,9272.22,26461.833
600976.SH,20150129,27.7875,28.0175,27.2126,27.3755,28.0366,-0.6611000000000011,-2.358,17365.61,49843.956
600976.SH,20150128,28.5061,28.6115,27.8354,28.0366,28.6115,-0.5748999999999995,-2.0093,21922.96,64348.391
600976.SH,20150127,28.784,28.784,28.3624,28.6115,28.784,-0.17249999999999943,-0.5993,17448.38,51914.697
600976.SH,20150126,28.0749,28.8415,28.0749,28.784,28.142,0.6419999999999995,2.2813,27330.09,81517.403
600976.SH,20150123,28.372,28.4295,27.9408,28.142,28.3337,-0.19170000000000087,-0.6766,15660.87,45952.522
600976.SH,20150122,28.0654,28.602,28.0558,28.3337,28.0749,0.2588000000000008,0.9218,25160.34,74190.017
600976.SH,20150121,27.2222,28.5253,27.2222,28.0749,27.203,0.8719000000000001,3.2052,39661.64,116073.229
600976.SH,20150120,26.4269,27.5767,26.4269,27.203,26.4364,0.7666000000000004,2.8998,26237.53,74673.702
600976.SH,20150119,26.3694,27.8929,26.0723,26.4364,26.906,-0.4695999999999998,-1.7453,36254.85,102800.854
600976.SH,20150116,27.0018,27.3084,26.7431,26.906,27.0114,-0.1053999999999995,-0.3902,14149.06,39868.991
600976.SH,20150115,26.264,27.1263,26.2448,27.0114,26.0244,0.9869999999999983,3.7926,31827.62,89168.176
600976.SH,20150114,26.561,26.5898,25.9669,26.0244,26.5706,-0.5461999999999989,-2.0557,13967.16,38106.056
600976.SH,20150113,26.1298,26.7335,25.9861,26.5706,26.1298,0.4407999999999994,1.687,10429.84,28801.95
600976.SH,20150112,26.379,26.446,25.8711,26.1298,26.5323,-0.40249999999999986,-1.517,14362.1,39104.624
600976.SH,20150109,26.5706,26.906,26.3023,26.5323,26.7431,-0.210799999999999,-0.7882,14034.79,39215.302
600976.SH,20150108,26.8389,27.3946,26.1011,26.7431,26.8293,-0.08620000000000161,-0.3213,23715.18,66791.133
600976.SH,20150107,27.1263,27.1263,26.5418,26.8293,27.3084,-0.47909999999999897,-1.7544,21947.14,61444.151
600976.SH,20150106,25.6124,27.6725,25.5453,27.3084,25.9669,1.3415,5.1662,55073.59,155472.273
600976.SH,20150105,26.1682,26.1777,25.4112,25.9669,26.2256,-0.25870000000000104,-0.9864,20907.83,56150.202
600976.SH,20141231,25.7465,26.3406,25.392,26.2256,25.6891,0.5365000000000002,2.0884,19954.39,53611.03
600976.SH,20141230,25.5549,25.9765,25.3058,25.6891,25.4783,0.210799999999999,0.8274,18859.07,50615.101
600976.SH,20141229,25.8328,25.8328,25.2579,25.4783,25.8328,-0.35449999999999804,-1.3723,11170.79,29643.105
600976.SH,20141226,25.7561,25.9861,25.3729,25.8328,25.8136,0.019199999999997885,0.0744,21237.76,56752.509
600976.SH,20141225,25.8711,25.9478,25.2483,25.8136,25.9382,-0.12459999999999738,-0.4804,13412.32,35903.789
600976.SH,20141224,25.3441,26.0436,25.2579,25.9382,25.2962,0.6419999999999995,2.5379,14886.55,39829.369
600976.SH,20141223,25.2483,25.8424,25.2004,25.2962,25.2387,0.05749999999999744,0.2278,14694.87,39112.639
600976.SH,20141222,26.264,26.264,24.9417,25.2387,26.446,-1.2073,-4.5652,21006.25,55563.861
600976.SH,20141219,26.6377,26.6377,25.8711,26.446,26.7431,-0.2970999999999968,-1.1109,14353.84,39315.551
600976.SH,20141218,27.2605,27.2892,26.4939,26.7431,27.1455,-0.4024000000000001,-1.4824,17735.58,49701.063
600976.SH,20141217,27.6821,27.6821,26.5035,27.1455,27.6054,-0.4599000000000011,-1.666,26184.38,73754.264
600976.SH,20141216,27.845,28.1516,27.3371,27.6054,28.1037,-0.4983000000000004,-1.7731,21325.89,61328.962
600976.SH,20141215,26.8006,28.1229,26.6856,28.1037,26.8006,1.3031000000000006,4.8622,32768.85,95083.492
600976.SH,20141212,26.6377,27.0976,26.6377,26.8006,26.6377,0.1629000000000005,0.6115,13999.86,39218.86
600976.SH,20141211,26.3023,27.2701,26.2736,26.6377,26.264,0.3736999999999995,1.4229,30228.21,84506.991
600976.SH,20141210,24.98,26.7047,24.8171,26.264,25.1141,1.1498999999999988,4.5787,40247.17,108493.777
600976.SH,20141209,27.0209,27.0209,24.9033,25.1141,27.1072,-1.9930999999999983,-7.3527,76563.29,207516.149
600976.SH,20141208,27.7683,27.7683,26.8293,27.1072,28.027,-0.9198000000000022,-3.2818,57852.63,164234.281
600976.SH,20141205,28.5636,28.5924,27.4809,28.027,28.5445,-0.5174999999999983,-1.813,34789.14,101664.18
600976.SH,20141204,28.1324,28.6211,28.1324,28.5445,28.3624,0.18209999999999837,0.642,33582.2,99645.829
600976.SH,20141203,28.1899,28.4486,27.7875,28.3624,28.1133,0.2491000000000021,0.8861,21621.54,63650.998
600976.SH,20141202,27.9791,28.6307,27.7875,28.1133,28.0558,0.05749999999999744,0.2049,20064.62,59121.517
600976.SH,20141201,29.3206,29.3206,27.7108,28.0558,29.0715,-1.015699999999999,-3.4938,29645.63,87041.18
600976.SH,20141128,29.2439,29.7518,28.8128,29.0715,29.426,-0.35449999999999804,-1.2047,19308.7,58913.224
600976.SH,20141127,30.0105,30.183,29.129,29.426,30.0105,-0.584500000000002,-1.9477,25807.06,79304.698
600976.SH,20141126,28.8607,30.25,28.8607,30.0105,29.0427,0.9678000000000004,3.3323,28801.83,89203.694
600976.SH,20141125,28.3528,29.081,28.1803,29.0427,28.3528,0.6899000000000015,2.4333,20728.54,62276.69
600976.SH,20141124,28.6499,28.6499,28.1708,28.3528,28.5157,-0.1629000000000005,-0.5713,25447.88,75158.932
600976.SH,20141121,28.4007,28.5732,27.9791,28.5157,28.4007,0.11499999999999844,0.4049,12020.08,35494.636
600976.SH,20141120,28.602,28.602,28.1708,28.4007,28.602,-0.2012999999999998,-0.7038,10097.26,29847.191
600976.SH,20141119,28.1229,28.9852,27.9887,28.602,28.1229,0.47909999999999897,1.7036,15698.88,46846.623
600976.SH,20141118,28.7074,28.7936,27.9887,28.1229,28.8128,-0.689899999999998,-2.3944,17689.35,52522.032
600976.SH,20141117,29.3206,29.6368,26.2256,28.8128,29.1385,-0.3257000000000012,-1.1178,19886.72,59588.69
600976.SH,20141114,28.0749,29.3972,27.9312,29.1385,27.9216,1.216899999999999,4.3583,21199.12,63715.982
600976.SH,20141113,28.9565,29.0331,27.7875,27.9216,28.9373,-1.015699999999999,-3.51,23336.28,68883.077
600976.SH,20141112,29.7997,30.1542,28.7361,28.9373,29.9243,-0.9869999999999983,-3.2983,30939.4,93982.218
600976.SH,20141111,31.4765,31.6011,29.7039,29.9243,31.5723,-1.6479999999999997,-5.2198,22925.34,72486.231
600976.SH,20141110,31.1699,31.9556,30.6525,31.5723,31.5915,-0.019200000000001438,-0.0608,19981.48,65006.333
600976.SH,20141107,31.5148,32.176,30.9974,31.5915,31.3232,0.2683,0.8566,19889.63,65531.41
600976.SH,20141106,30.5471,31.5628,30.3746,31.3232,30.5758,0.747399999999999,2.4444,13284.84,43214.012
600976.SH,20141105,30.5087,30.6429,30.183,30.5758,30.5279,0.04790000000000205,0.1569,10714.69,34042.007
600976.SH,20141104,30.2405,30.6429,29.6751,30.5279,30.4896,0.03829999999999956,0.1256,15491.71,48563.731
600976.SH,20141103,30.6525,30.825,29.7805,30.4896,30.6716,-0.18200000000000216,-0.5934,18785.45,59520.237
600976.SH,20141031,31.2657,31.2657,29.9722,30.6716,30.9878,-0.3161999999999985,-1.0204,27188.72,86281.87
600976.SH,20141030,30.4608,31.8119,30.3746,30.9878,30.4608,0.527000000000001,1.7301,29788.72,96926.499
600976.SH,20141029,30.0392,30.7387,29.7805,30.4608,29.9817,0.47909999999999897,1.598,36462.76,115633.143
600976.SH,20141028,28.6786,30.1159,28.6786,29.9817,28.3049,1.6768,5.9241,24811.34,76981.342
600976.SH,20141027,27.5959,28.4295,27.5,28.3049,27.6629,0.6419999999999995,2.3208,21619.9,63468.56
600976.SH,20141024,27.6438,28.0654,27.5096,27.6629,27.6246,0.03829999999999956,0.1386,19425.81,56144.696
600976.SH,20141023,27.4809,28.1612,27.3755,27.6246,27.5,0.12460000000000093,0.4531,12600.32,36430.304
600976.SH,20141022,27.7779,27.7779,27.3851,27.5,27.7204,-0.22040000000000148,-0.7951,13812.81,39696.21
600976.SH,20141021,28.5349,28.5349,27.3851,27.7204,28.5253,-0.8049,-2.8217,17442.37,50462.101
600976.SH,20141020,28.1516,28.9182,28.1516,28.5253,28.1899,0.3353999999999999,1.1898,22080.7,65929.973
600976.SH,20141017,29.4835,29.541,27.5479,28.1899,29.426,-1.2360999999999969,-4.2007,32058.52,93888.983
600976.SH,20141016,29.7039,30.3459,29.2152,29.426,30.068,-0.642000000000003,-2.1352,17924.14,55784.38
600976.SH,20141015,29.6368,30.4225,29.2344,30.068,29.6368,0.43120000000000047,1.4549,25904.6,81296.299
600976.SH,20141014,29.5889,30.3746,29.4164,29.6368,29.6943,-0.05749999999999744,-0.1936,25282.6,79216.582
600976.SH,20141013,29.6751,30.0776,29.2727,29.6943,29.6655,0.028799999999996828,0.0971,13214.48,40894.333
600976.SH,20141010,29.7039,30.183,29.5985,29.6655,30.0584,-0.39289999999999736,-1.3071,11104.34,34617.892
600976.SH,20141009,30.4225,30.6525,29.5122,30.0584,30.365,-0.30659999999999954,-1.0097,30815.44,96906.936
600976.SH,20141008,27.6917,30.4608,27.6917,30.365,27.6917,2.6732999999999976,9.6538,66077.99,204706.257
600976.SH,20140930,27.6629,27.7492,27.2317,27.6917,27.6917,0.0,0.0,10197.67,29385.03
600976.SH,20140929,27.8354,27.9504,27.3084,27.6917,27.7683,-0.07659999999999911,-0.2759,25894.02,74576.31
600976.SH,20140926,27.6917,27.8162,27.0497,27.7683,27.8258,-0.057500000000000995,-0.2066,12465.77,35709.65
600976.SH,20140925,28.1803,28.4103,27.7013,27.8258,28.4103,-0.5844999999999985,-2.0574,20246.83,58935.782
600976.SH,20140924,27.9791,28.554,27.7204,28.4103,28.1899,0.22039999999999793,0.7818,13817.45,40401.97
600976.SH,20140923,28.1708,28.487,27.6725,28.1899,28.2666,-0.07669999999999888,-0.2713,23745.26,69554.042
600976.SH,20140922,28.6499,28.6499,27.7396,28.2666,28.6403,-0.3736999999999995,-1.3048,17398.72,50970.687
600976.SH,20140919,28.669,28.9852,28.2762,28.6403,28.7457,-0.1053999999999995,-0.3667,19108.36,57024.676
600976.SH,20140918,27.6917,29.2248,27.6917,28.7457,27.4042,1.3415,4.8952,45616.2,136341.936
600976.SH,20140917,26.5418,28.1708,26.5418,27.4042,26.7239,0.680299999999999,2.5457,27842.6,79235.613
600976.SH,20140916,26.3598,28.3049,26.3502,26.7239,26.4939,0.23000000000000043,0.8681,46049.62,131294.958
600976.SH,20140915,26.7526,26.7526,26.1107,26.4939,26.561,-0.06709999999999994,-0.2526,18535.46,51033.477
600976.SH,20140912,26.4556,26.9922,26.2352,26.561,26.4364,0.12460000000000093,0.4713,21455.87,59403.409
600976.SH,20140911,25.3441,27.5863,25.2483,26.4364,25.3345,1.1019000000000005,4.3494,63350.91,175613.518
600976.SH,20140910,24.5296,25.392,24.338,25.3345,24.3572,0.9772999999999996,4.0124,35079.4,91505.266
600976.SH,20140909,24.5105,24.5296,24.2518,24.3572,24.5105,-0.15330000000000155,-0.6254,28631.81,72950.081
600976.SH,20140905,24.6063,24.7596,24.3859,24.5105,24.5967,-0.08619999999999806,-0.3505,26186.54,66993.532
600976.SH,20140904,24.8171,24.9225,24.3955,24.5967,24.9225,-0.325800000000001,-1.3073,19080.62,49043.129
600976.SH,20140903,24.8171,25.1525,24.5488,24.9225,24.7788,0.14369999999999905,0.5799,19440.21,50424.136
600976.SH,20140902,23.9643,24.8171,23.9643,24.7788,24.0506,0.7282000000000011,3.0278,26373.57,67556.286
600976.SH,20140901,24.1464,24.6446,23.8877,24.0506,23.7535,0.29710000000000036,1.2508,33393.33,84360.484
600976.SH,20140829,23.5906,23.7823,23.399,23.7535,23.5331,0.22039999999999793,0.9366,16179.98,39944.767
600976.SH,20140828,23.4565,23.6673,23.284,23.5331,23.4565,0.07660000000000267,0.3266,10758.9,26357.335
600976.SH,20140827,23.7631,23.8781,23.3415,23.4565,23.7152,-0.25870000000000104,-1.0909,14770.97,36360.722
600976.SH,20140826,23.8493,24.1368,23.6289,23.7152,23.696,0.019199999999997885,0.081,14433.43,35965.245
600976.SH,20140825,24.0793,24.156,23.6673,23.696,24.156,-0.4599999999999973,-1.9043,18559.44,46261.811
600976.SH,20140822,24.4434,24.4434,23.9452,24.156,24.4147,-0.25870000000000104,-1.0596,18870.71,47509.46
600976.SH,20140821,24.1368,24.5296,23.7727,24.4147,24.4338,-0.01910000000000167,-0.0782,23897.92,60177.591
600976.SH,20140820,24.635,24.6734,24.1847,24.4338,24.6159,-0.18209999999999837,-0.7398,18995.29,48312.624
600976.SH,20140819,24.338,24.6542,23.9739,24.6159,24.3955,0.22040000000000148,0.9034,29004.94,73505.96
600976.SH,20140818,24.2997,24.6734,24.2134,24.3955,24.2134,0.18209999999999837,0.7521,21126.61,53888.835
600976.SH,20140815,24.2901,24.5967,24.1272,24.2134,24.5296,-0.3161999999999985,-1.2891,14496.91,36773.01
600976.SH,20140814,25.2866,25.392,24.223,24.5296,25.1812,-0.651600000000002,-2.5876,20751.91,53639.228
600976.SH,20140813,24.98,25.2004,24.5584,25.1812,25.0183,0.1629000000000005,0.6511,18487.36,48000.761
600976.SH,20140812,24.4338,25.2004,24.2422,25.0183,24.4913,0.527000000000001,2.1518,28613.52,74581.171
600976.SH,20140811,24.2997,24.5009,23.7344,24.4913,24.3284,0.1629000000000005,0.6696,25439.04,64302.92
600976.SH,20140808,24.4338,24.7117,24.1943,24.3284,24.5201,-0.19170000000000087,-0.7818,36139.0,91830.325
600976.SH,20140807,24.8554,24.8554,24.4626,24.5201,24.75,-0.22990000000000066,-0.9289,17054.44,43795.958
600976.SH,20140806,24.9033,25.277,24.4338,24.75,24.98,-0.23000000000000043,-0.9207,23916.53,61708.971
600976.SH,20140805,24.4626,25.6028,24.4434,24.98,24.8075,0.17249999999999943,0.6954,33319.35,87254.725
600976.SH,20140804,23.5235,25.0758,23.169,24.8075,23.4086,1.3989000000000011,5.976,35095.01,89431.737
600976.SH,20140801,23.9452,24.5105,23.3798,23.4086,24.0314,-0.6228000000000016,-2.5916,30772.13,77301.27
600976.SH,20140731,22.8816,24.0601,22.8816,24.0314,22.872,1.1594000000000015,5.0691,34339.26,85013.886
600976.SH,20140730,22.8049,22.9007,22.4887,22.872,22.7953,0.07669999999999888,0.3365,10702.16,25316.912
600976.SH,20140729,22.6612,22.9582,22.4408,22.7953,22.6899,0.1053999999999995,0.4645,13959.32,33203.901
600976.SH,20140728,22.2779,22.7857,21.9809,22.6899,22.3066,0.383300000000002,1.7183,17274.7,40273.763
600976.SH,20140725,22.0384,22.3162,21.703,22.3066,21.9809,0.3257000000000012,1.4817,11106.96,25424.349
600976.SH,20140724,22.0671,22.2875,21.7126,21.9809,22.1629,-0.18200000000000216,-0.8212,15677.5,35845.498
600976.SH,20140723,22.5845,23.0636,22.0192,22.1629,22.5079,-0.34499999999999886,-1.5328,21486.08,50435.228
600976.SH,20140722,22.5366,23.1882,22.2779,22.5079,22.6612,-0.15330000000000155,-0.6765,30529.91,72603.471
600976.SH,20140721,22.115,23.284,21.9809,22.6612,22.0479,0.6133000000000024,2.7817,41086.58,97317.452
600976.SH,20140718,21.3964,22.2396,21.3293,22.0479,21.5401,0.5077999999999996,2.3575,22857.72,52477.693
600976.SH,20140717,22.0096,22.0096,21.2718,21.5401,22.0192,-0.4791000000000025,-2.1758,17860.36,40235.366
600976.SH,20140716,21.9904,22.23,21.8084,22.0192,22.0479,-0.02869999999999706,-0.1302,17576.2,40400.419
600976.SH,20140715,22.2204,22.5174,21.933,22.0479,22.2492,-0.2012999999999998,-0.9048,33529.44,77584.728
600976.SH,20140714,21.6551,22.8816,21.5593,22.2492,21.6263,0.6228999999999978,2.8803,112940.45,262758.576
600976.SH,20140711,20.6969,21.6263,20.5915,21.6263,19.662,1.9643000000000015,9.9903,80397.93,178035.258
600976.SH,20140710,19.6046,19.8154,19.595,19.662,19.6908,-0.02880000000000038,-0.1463,8818.21,18143.733
600976.SH,20140709,20.3136,20.3328,19.6908,19.6908,20.2945,-0.6036999999999999,-2.9747,22393.98,46467.4
600976.SH,20140708,20.3136,20.3807,20.0549,20.2945,20.3232,-0.028700000000000614,-0.1412,8987.4,18993.399
600976.SH,20140707,20.122,20.4573,19.9782,20.3232,20.0932,0.23000000000000043,1.1447,19451.98,41041.005
600976.SH,20140704,20.2849,20.5723,20.0262,20.0932,20.2753,-0.18210000000000193,-0.8981,17738.39,37543.58
600976.SH,20140703,19.71,21.2718,19.5471,20.2753,19.71,0.5653000000000006,2.8681,29927.1,63494.999
600976.SH,20140702,19.4512,19.7387,19.3554,19.71,19.5471,0.1629000000000005,0.8334,11597.67,23638.293
600976.SH,20140701,19.2117,19.5854,19.1063,19.5471,19.1446,0.40249999999999986,2.1024,23016.39,46552.751
600976.SH,20140630,19.0201,19.1925,18.8572,19.1446,18.9913,0.15330000000000155,0.8072,14005.93,27831.691
600976.SH,20140627,18.8476,19.0871,18.838,18.9913,18.953,0.03829999999999956,0.2021,12126.88,24069.892
600976.SH,20140626,18.6559,19.068,18.5985,18.953,18.6559,0.29710000000000036,1.5925,11664.88,23023.827
600976.SH,20140625,18.7613,18.7613,18.5793,18.6559,18.7997,-0.14380000000000237,-0.7649,11162.18,21689.892
600976.SH,20140624,18.8859,19.0871,18.5889,18.7997,19.0009,-0.20120000000000005,-1.0589,27603.02,53936.426
600976.SH,20140623,18.8955,19.1063,18.7613,19.0009,18.8955,0.10540000000000305,0.5578,10986.77,21722.986
600976.SH,20140620,18.7997,18.9338,18.6847,18.8955,18.7997,0.095799999999997,0.5096,6873.73,13486.199
600976.SH,20140619,19.1446,19.3458,18.541,18.7997,19.1925,-0.3927999999999976,-2.0466,13503.36,26590.204
600976.SH,20140618,19.3746,19.4992,19.1159,19.1925,19.5375,-0.3450000000000024,-1.7658,10657.3,21389.088
600976.SH,20140617,19.6525,19.777,19.3938,19.5375,19.7387,-0.20120000000000005,-1.0193,12192.43,24812.676
600976.SH,20140616,19.7962,19.892,19.6046,19.7387,19.7004,0.03830000000000311,0.1944,13910.04,28633.163
600976.SH,20140613,19.3363,19.8154,19.3363,19.7004,19.4321,0.2683,1.3807,15483.87,31744.658
600976.SH,20140612,19.3363,19.5375,19.2788,19.4321,19.3746,0.05749999999999744,0.2968,13064.53,26458.033
600976.SH,20140611,19.1159,19.4225,18.9817,19.3746,19.1255,0.2491000000000021,1.3024,16053.66,32193.428
600976.SH,20140610,19.0296,19.183,18.8093,19.1255,19.1159,0.009599999999998943,0.0502,16098.84,31967.366
600976.SH,20140609,19.1446,19.365,19.0009,19.1159,19.1255,-0.009599999999998943,-0.0502,12910.56,25882.999
600976.SH,20140606,19.1159,19.4225,19.0776,19.1255,19.0871,0.038399999999999324,0.2012,11102.25,22308.139
600976.SH,20140605,18.9051,19.0967,18.7613,19.0871,19.0392,0.0478999999999985,0.2516,9812.28,19418.624
600976.SH,20140604,18.8763,19.1159,18.7805,19.0392,19.0392,0.0,0.0,9643.84,19073.054
600976.SH,20140603,19.068,19.2021,18.8667,19.0392,18.953,0.08620000000000161,0.4548,19140.28,38112.107
600976.SH,20140530,18.7901,19.0201,18.7422,18.953,18.9338,0.019199999999997885,0.1014,9839.77,19402.416
600976.SH,20140529,19.068,19.4512,18.8763,18.9338,19.0584,-0.12459999999999738,-0.6538,11727.31,23368.27
600976.SH,20140528,18.6368,19.1446,18.6368,19.0584,18.8188,0.23959999999999937,1.2732,12535.66,24848.353
600976.SH,20140527,18.9817,19.1446,18.7039,18.8188,18.9721,-0.15330000000000155,-0.808,9429.16,18539.123
600976.SH,20140526,18.8476,19.3075,18.6751,18.9721,18.6272,0.34490000000000265,1.8516,19807.94,39400.86
600976.SH,20140523,18.5907,18.6565,18.384,18.6283,18.5719,0.056400000000000006,0.3037,9559.9,18879.993
600976.SH,20140522,18.2618,18.6659,18.1866,18.5719,18.2524,0.3194999999999979,1.7505,22161.51,43710.764
600976.SH,20140521,17.8576,18.3088,17.7918,18.2524,17.8858,0.3666000000000018,2.0497,11178.74,21494.66
600976.SH,20140520,18.0926,18.1208,17.7449,17.8858,17.8764,0.009399999999999409,0.0526,15339.02,29254.721
600976.SH,20140519,18.2336,18.2336,17.4629,17.8764,18.2712,-0.39480000000000004,-2.1608,32177.1,61032.102
600976.SH,20140516,18.5343,18.6941,18.1678,18.2712,18.6095,-0.33830000000000027,-1.8179,14225.25,27780.405
600976.SH,20140515,18.7975,18.8351,18.5155,18.6095,18.7223,-0.11280000000000001,-0.6025,11210.98,22307.777
600976.SH,20140514,18.5062,18.8445,18.4028,18.7223,18.4404,0.28190000000000026,1.5287,15209.42,30178.898
600976.SH,20140513,18.6941,18.8915,18.2994,18.4404,18.6847,-0.24429999999999907,-1.3075,22068.94,43587.938
600976.SH,20140512,18.4592,18.7505,18.4216,18.6847,18.3276,0.3570999999999991,1.9484,14649.41,28981.325
600976.SH,20140509,18.6847,18.9667,18.243,18.3276,18.8539,-0.5262999999999991,-2.7915,14908.95,29298.549
600976.SH,20140508,18.9667,19.1171,18.6001,18.8539,19.1359,-0.28200000000000003,-1.4737,9061.06,18102.372
600976.SH,20140507,19.2862,19.3426,19.1265,19.1359,19.2205,-0.08460000000000178,-0.4402,8819.87,18060.334
600976.SH,20140506,19.1829,19.3614,19.0325,19.2205,19.1829,0.03760000000000119,0.196,11219.98,22964.39
600976.SH,20140505,19.2205,19.2487,18.8633,19.1829,19.1641,0.018799999999998818,0.0981,11387.26,23127.253
600976.SH,20140430,18.4592,19.2956,18.3276,19.1641,18.4404,0.7237000000000009,3.9245,29809.78,60206.785
600976.SH,20140429,18.6377,18.7881,17.9798,18.4404,18.7881,-0.3476999999999997,-1.8506,43015.46,83539.102
600976.SH,20140428,20.6303,20.6303,18.7881,18.7881,20.8746,-2.086500000000001,-9.9954,48562.93,98951.837
600976.SH,20140425,21.6735,21.6735,20.5645,20.8746,21.7017,-0.827099999999998,-3.8112,11915.67,26760.95
600976.SH,20140424,21.5889,21.7581,21.3916,21.7017,21.6077,0.09399999999999764,0.435,7897.03,18089.027
600976.SH,20140423,21.6077,21.7957,21.3728,21.6077,21.6077,0.0,0.0,6417.62,14711.439
600976.SH,20140422,21.8333,22.1717,21.2506,21.6077,21.9273,-0.31959999999999766,-1.4575,13753.55,31726.64
600976.SH,20140421,22.2938,22.651,21.9085,21.9273,22.4442,-0.5168999999999997,-2.303,23259.17,55545.646
600976.SH,20140418,21.1378,22.5288,21.1002,22.4442,21.0626,1.3815999999999988,6.5595,38351.63,89687.483
600976.SH,20140417,21.2318,21.2318,21.0532,21.0626,21.2318,-0.16920000000000002,-0.7969,10429.82,23453.346
600976.SH,20140416,21.2506,21.4104,21.1566,21.2318,21.2976,-0.06579999999999941,-0.309,7087.69,16018.317
600976.SH,20140415,21.0908,21.3916,21.0532,21.2976,21.1942,0.1034000000000006,0.4879,13610.13,30688.535
600976.SH,20140414,21.3352,21.3916,21.0532,21.1942,21.3164,-0.12220000000000297,-0.5733,15090.35,34004.994
600976.SH,20140411,21.4198,21.4198,21.0438,21.3164,21.5326,-0.21619999999999706,-1.0041,12942.33,29220.986
600976.SH,20140410,21.6359,21.6359,21.1284,21.5326,21.6453,-0.11270000000000024,-0.5207,17596.4,40020.53
600976.SH,20140409,21.495,21.7299,21.3822,21.6453,21.5232,0.12209999999999965,0.5673,12472.7,28627.855
600976.SH,20140408,21.025,21.5513,21.025,21.5232,21.025,0.49820000000000064,2.3696,11254.06,25601.819
600976.SH,20140404,20.7055,21.1472,20.7055,21.025,20.6961,0.3288999999999973,1.5892,10296.13,22971.51
600976.SH,20140403,20.9592,20.9592,20.5645,20.6961,20.8652,-0.16910000000000025,-0.8104,9548.8,21058.754
600976.SH,20140402,20.9686,21.3634,20.7806,20.8652,21.0532,-0.18799999999999883,-0.893,11248.32,25284.117
600976.SH,20140401,20.9874,21.166,20.8464,21.0532,20.8652,0.18799999999999883,0.901,12003.29,26818.555
600976.SH,20140331,21.072,21.3728,20.7243,20.8652,21.166,-0.30079999999999885,-1.4211,9013.73,20171.796
600976.SH,20140328,22.3502,22.3502,20.9122,21.166,22.7074,-1.5413999999999994,-6.7881,32421.64,73971.719
600976.SH,20140327,23.901,23.9668,22.4442,22.7074,23.901,-1.1936,-4.9939,23281.53,56653.668
600976.SH,20140326,23.854,24.3992,23.5439,23.901,23.6943,0.20670000000000144,0.8724,11905.34,30340.339
600976.SH,20140325,23.948,24.1924,23.4217,23.6943,24.0232,-0.32890000000000086,-1.3691,13458.36,33774.192
600976.SH,20140324,23.027,24.23,23.027,24.0232,23.1773,0.8459000000000003,3.6497,15918.74,40444.849
600976.SH,20140321,22.557,23.3183,22.2751,23.1773,23.0457,0.13159999999999883,0.571,12433.16,30110.644
600976.SH,20140320,23.027,23.6379,22.792,23.0457,23.1021,-0.056400000000000006,-0.2441,20089.86,49998.397
600976.SH,20140319,23.2149,23.2619,22.792,23.1021,23.0833,0.018799999999998818,0.0814,12762.68,31320.15
600976.SH,20140318,22.933,23.5251,22.792,23.0833,22.9236,0.15970000000000084,0.6967,27428.56,67552.506
600976.SH,20140317,22.2469,23.1773,22.2469,22.9236,22.369,0.5546000000000006,2.4793,12774.66,30966.662
600976.SH,20140314,22.2657,22.463,21.5983,22.369,22.3596,0.009399999999999409,0.042,13248.42,31079.082
600976.SH,20140313,22.2093,22.5288,22.1717,22.3596,22.2938,0.06579999999999941,0.2951,11791.09,27988.183
600976.SH,20140312,23.3089,23.5909,21.7393,22.2938,23.4029,-1.109099999999998,-4.7392,25140.06,59977.386
600976.SH,20140311,22.839,23.5439,22.604,23.4029,22.839,0.5639000000000003,2.469,18678.83,45978.158
600976.SH,20140310,24.4368,24.5965,22.6416,22.839,24.6153,-1.7763000000000027,-7.2162,41089.09,101746.708
600976.SH,20140307,24.6247,24.9067,24.1172,24.6153,24.7939,-0.17859999999999943,-0.7203,22175.46,57837.938
600976.SH,20140306,24.1642,25.1887,23.5909,24.7939,24.3428,0.4511000000000003,1.8531,31823.75,82652.716
600976.SH,20140305,24.2018,24.9537,23.4969,24.3428,24.418,-0.07519999999999882,-0.308,29942.93,77832.65
600976.SH,20140304,22.5476,24.512,22.416,24.418,22.5758,1.8421999999999983,8.1601,51641.93,129785.946
600976.SH,20140303,22.3408,22.7638,22.1905,22.5758,22.4066,0.16920000000000002,0.7551,20637.6,49441.168
600976.SH,20140228,22.2751,22.416,21.5044,22.4066,22.2469,0.15970000000000084,0.7179,26971.93,62813.76
600976.SH,20140227,23.0457,23.4499,22.0589,22.2469,22.8296,-0.5826999999999991,-2.5524,30703.41,74256.623
600976.SH,20140226,23.2149,23.4593,22.3126,22.8296,23.4781,-0.6485000000000021,-2.7621,34346.3,82815.533
600976.SH,20140225,25.1417,25.6962,23.2337,23.4781,25.1417,-1.6635999999999989,-6.6169,59628.27,155468.644
600976.SH,20140224,24.8127,25.2733,24.136,25.1417,24.9537,0.18799999999999883,0.7534,24901.1,65426.33
600976.SH,20140221,24.9067,25.3578,24.5308,24.9537,24.9161,0.03760000000000119,0.1509,14753.54,39094.752
600976.SH,20140220,25.7996,25.7996,24.7939,24.9161,25.762,-0.8459000000000003,-3.2835,22582.55,60283.272
600976.SH,20140219,25.8466,26.5703,25.4424,25.762,26.0909,-0.32890000000000086,-1.2606,21632.04,59900.001
600976.SH,20140218,26.0628,27.012,25.574,26.0909,26.0534,0.03750000000000142,0.1439,43165.81,121143.798
600976.SH,20140217,25.3202,26.1755,24.8879,26.0534,25.2827,0.7707000000000015,3.0483,44878.49,122217.809
600976.SH,20140214,23.4029,25.339,23.4029,25.2827,23.4123,1.8704,7.989,52523.64,137571.203
600976.SH,20140213,23.7789,24.3616,23.3183,23.4123,23.7789,-0.3666000000000018,-1.5417,36318.44,92584.692
600976.SH,20140212,22.604,23.9198,22.604,23.7789,22.8484,0.9304999999999986,4.0725,38155.04,95809.394
600976.SH,20140211,22.792,23.3841,22.6604,22.8484,22.8484,0.0,0.0,17347.67,42456.006
600976.SH,20140210,22.0025,23.1397,22.0025,22.8484,22.0683,0.7801000000000009,3.5349,27743.23,66702.676
600976.SH,20140207,21.4762,22.0871,21.4292,22.0683,21.6077,0.46059999999999945,2.1316,14752.0,34298.583
600976.SH,20140130,21.5138,21.8991,21.354,21.6077,21.6171,-0.009399999999999409,-0.0435,11369.53,26166.031
600976.SH,20140129,22.0213,22.2563,21.4104,21.6171,22.0401,-0.42299999999999827,-1.9192,37084.31,85523.778
600976.SH,20140128,22.3784,22.7168,21.9367,22.0401,22.5006,-0.4604999999999997,-2.0466,16406.79,38595.448
600976.SH,20140127,22.1905,22.933,21.8615,22.5006,22.1529,0.3476999999999997,1.5695,32325.79,76820.135
600976.SH,20140124,21.6359,22.2187,21.4386,22.1529,21.6359,0.5169999999999995,2.3895,29079.62,67935.376
600976.SH,20140123,22.2657,22.4536,21.5889,21.6359,22.2657,-0.6297999999999995,-2.8286,33802.8,79147.163
600976.SH,20140122,22.2093,22.5006,22.0119,22.2657,22.1623,0.1034000000000006,0.4666,22318.06,52903.616
600976.SH,20140121,21.9931,22.416,21.8051,22.1623,21.8803,0.28200000000000003,1.2888,17146.68,40341.569
600976.SH,20140120,22.9142,23.1209,21.7581,21.8803,22.9988,-1.118500000000001,-4.8633,29028.96,68530.871
600976.SH,20140117,22.9706,23.6379,22.9424,22.9988,23.1679,-0.16910000000000025,-0.7299,15087.71,37392.716
600976.SH,20140116,23.5721,23.9668,23.0551,23.1679,23.5063,-0.33840000000000003,-1.4396,22429.97,55837.099
600976.SH,20140115,23.027,23.5439,22.5758,23.5063,22.9236,0.5826999999999991,2.5419,34857.68,85977.119
600976.SH,20140114,21.8521,23.0833,21.6641,22.9236,21.8991,1.0244999999999997,4.6783,25322.68,60966.184
600976.SH,20140113,21.8333,22.2375,21.4292,21.8991,21.8803,0.01880000000000237,0.0859,20675.81,47896.118
600976.SH,20140110,23.027,23.1021,21.7581,21.8803,22.886,-1.005700000000001,-4.3944,28957.3,69031.816
600976.SH,20140109,22.0871,23.4875,22.0871,22.886,22.1435,0.7424999999999997,3.3531,34838.22,85275.861
600976.SH,20140108,22.6886,22.886,21.9931,22.1435,22.6792,-0.5357000000000021,-2.3621,20176.72,48047.903
600976.SH,20140107,21.7111,22.839,21.7111,22.6792,21.9367,0.7425000000000033,3.3847,28094.11,67013.293
600976.SH,20140106,22.6416,22.9142,21.6453,21.9367,22.933,-0.9963000000000015,-4.3444,26007.36,61353.946
600976.SH,20140103,23.0364,23.3371,22.557,22.933,23.2149,-0.28190000000000026,-1.2143,24219.2,58856.461
600976.SH,20140102,22.3314,23.3841,22.1905,23.2149,22.5006,0.7143000000000015,3.1746,33195.03,81144.028
600976.SH,20131231,21.7957,22.6698,21.7205,22.5006,21.8145,0.6860999999999997,3.1452,32695.34,77947.114
600976.SH,20131230,22.0495,22.4442,21.6265,21.8145,22.0119,-0.1974000000000018,-0.8968,18780.12,43806.161
600976.SH,20131227,21.1472,22.2563,21.1472,22.0119,21.3352,0.6767000000000003,3.1718,28487.46,66072.114
600976.SH,20131226,21.8521,22.557,21.2506,21.3352,21.8239,-0.4886999999999979,-2.2393,48468.7,114071.569
600976.SH,20131225,21.5983,21.8991,21.4104,21.8239,21.7581,0.06579999999999941,0.3024,26435.12,61002.24
600976.SH,20131224,21.7111,21.9931,21.3164,21.7581,21.7111,0.0470000000000006,0.2165,36320.57,83591.484
600976.SH,20131223,21.7205,22.2751,21.2412,21.7111,21.6829,0.028199999999998226,0.1301,50526.41,117159.533
600976.SH,20131220,20.7149,22.369,20.7149,21.6829,20.884,0.7988999999999997,3.8254,88551.56,204308.278
600976.SH,20131219,20.3765,21.0344,20.2073,20.884,20.4235,0.4604999999999997,2.2548,45567.26,100077.206
600976.SH,20131218,20.2543,20.7713,20.0945,20.4235,20.2073,0.21620000000000061,1.0699,62012.41,134845.412
600976.SH,20131217,19.3144,20.7713,19.3144,20.2073,18.8821,1.3251999999999988,7.0183,121931.13,264190.805
600976.SH,20131216,19.2017,19.2862,18.6941,18.8821,19.2205,-0.33840000000000003,-1.7606,15791.96,31691.339
600976.SH,20131213,19.2205,19.3614,19.1547,19.2205,19.2111,0.009400000000002962,0.0489,7049.19,14432.332
600976.SH,20131212,19.2956,19.5118,19.1735,19.2111,19.352,-0.14090000000000202,-0.7281,14746.94,30340.754
600976.SH,20131211,19.5306,19.5306,19.1735,19.352,19.5494,-0.19739999999999824,-1.0097,12313.33,25300.41
600976.SH,20131210,19.7844,19.8126,19.493,19.5494,19.7468,-0.1974000000000018,-0.9997,8459.75,17632.786
600976.SH,20131209,19.822,19.916,19.6434,19.7468,19.822,-0.07519999999999882,-0.3794,8404.48,17648.754
600976.SH,20131206,19.7468,20.0663,19.6246,19.822,19.6998,0.12219999999999942,0.6203,14080.75,29678.173
600976.SH,20131205,20.1227,20.2261,19.6246,19.6998,20.1039,-0.4040999999999997,-2.0101,33698.22,71103.841
600976.SH,20131204,19.9912,20.3765,19.9254,20.1039,19.9912,0.11270000000000024,0.5637,24684.0,53071.072
600976.SH,20131203,19.2674,20.3295,19.2111,19.9912,19.399,0.5921999999999983,3.0527,26626.02,55879.193
600976.SH,20131202,19.7562,19.9724,19.2956,19.399,20.2167,-0.8176999999999985,-4.0447,30303.4,62939.545
600976.SH,20131129,19.7374,20.4141,19.7374,20.2167,19.8126,0.4040999999999997,2.0396,27102.65,58335.282
600976.SH,20131128,19.4366,19.8502,19.4366,19.8126,19.5024,0.31019999999999825,1.5906,17786.73,37273.185
600976.SH,20131127,19.2017,19.5118,19.1265,19.5024,19.4366,0.06580000000000297,0.3385,14743.4,30288.046
600976.SH,20131126,19.4366,19.6716,19.3426,19.4366,19.3332,0.10339999999999705,0.5348,8759.59,18190.391
600976.SH,20131125,19.1735,19.5588,19.1265,19.3332,19.2205,0.11270000000000024,0.5864,10252.77,21127.914
600976.SH,20131122,19.4178,19.4178,19.1829,19.2205,19.3144,-0.09389999999999787,-0.4862,5547.54,11384.787
600976.SH,20131121,19.6058,19.6434,19.2205,19.3144,19.6246,-0.3102000000000018,-1.5807,10214.02,21062.579
600976.SH,20131120,19.5494,19.7186,19.5024,19.6246,19.634,-0.009399999999999409,-0.0479,8204.15,17100.186
600976.SH,20131119,19.728,19.7844,19.4742,19.634,19.728,-0.0940000000000012,-0.4765,7743.3,16137.996
600976.SH,20131118,19.8972,20.0945,19.4648,19.728,19.3238,0.404200000000003,2.0917,28351.53,59546.23
600976.SH,20131115,19.2017,19.8314,19.2017,19.3238,19.3332,-0.009400000000002962,-0.0486,19739.66,41116.546
600976.SH,20131114,19.399,19.5494,19.0889,19.3332,19.2393,0.09390000000000143,0.4881,7432.97,15300.494
600976.SH,20131113,19.2299,19.3426,18.9009,19.2393,19.4178,-0.17849999999999966,-0.9193,10937.61,22371.134
600976.SH,20131112,18.9103,19.4742,18.7129,19.4178,18.9009,0.5168999999999997,2.7348,16827.88,34296.985
600976.SH,20131111,18.2336,18.9855,17.8576,18.9009,18.2336,0.6673000000000009,3.6597,19740.3,38966.563
600976.SH,20131108,18.2148,18.6095,18.1584,18.2336,18.3088,-0.07520000000000238,-0.4107,9553.3,18584.669
600976.SH,20131107,18.6941,18.7129,18.196,18.3088,18.6941,-0.3852999999999973,-2.0611,13938.49,27238.848
600976.SH,20131106,18.8727,19.0607,18.6471,18.6941,18.8727,-0.17859999999999943,-0.9463,9441.89,18907.748
600976.SH,20131105,19.0889,19.2768,18.6847,18.8727,19.1265,-0.2538000000000018,-1.327,10223.41,20590.768
600976.SH,20131104,18.8163,19.4836,18.8069,19.1265,18.9197,0.2068000000000012,1.093,11892.73,24395.373
600976.SH,20131101,18.5062,19.0889,18.4216,18.9197,18.5062,0.4134999999999991,2.2344,17337.75,34677.906
600976.SH,20131031,18.9855,18.9855,18.3276,18.5062,19.0607,-0.5545000000000009,-2.9091,10222.92,20279.679
600976.SH,20131030,18.8727,19.3144,18.8727,19.0607,18.9479,0.11280000000000001,0.5953,11957.01,24291.423
600976.SH,20131029,19.1735,19.446,18.1772,18.9479,19.2768,-0.32890000000000086,-1.7062,24807.08,49780.232
600976.SH,20131028,20.3107,20.4705,18.8915,19.2768,20.2919,-1.0150999999999968,-5.0025,34989.82,72181.425
600976.SH,20131025,20.4799,21.1284,20.2825,20.2919,20.5833,-0.291400000000003,-1.4157,29646.74,65518.427
600976.SH,20131024,20.3295,20.8652,20.3295,20.5833,20.3859,0.1974000000000018,0.9683,20140.38,44198.707
600976.SH,20131023,20.8652,21.025,20.3201,20.3859,20.79,-0.4040999999999997,-1.9437,25100.99,55090.185
600976.SH,20131022,20.3013,20.8558,20.1603,20.79,20.3671,0.4228999999999985,2.0764,43630.94,95648.39
600976.SH,20131021,19.6058,20.3953,19.5494,20.3671,19.6058,0.7613000000000021,3.883,29567.77,63018.381
600976.SH,20131018,19.8126,20.1603,19.493,19.6058,19.7938,-0.1880000000000024,-0.9498,16340.49,34288.203
600976.SH,20131017,19.9724,20.1227,19.5588,19.7938,19.9348,-0.14099999999999824,-0.7073,20287.24,42917.486
600976.SH,20131016,20.6397,20.6679,19.6998,19.9348,20.6961,-0.7613000000000021,-3.6785,25226.55,53789.773
600976.SH,20131015,20.4705,20.9404,20.3953,20.6961,20.3201,0.3760000000000012,1.8504,36338.87,79786.199
600976.SH,20131014,20.4423,20.4799,20.1603,20.3201,20.4799,-0.1598000000000006,-0.7803,25136.79,54178.973
600976.SH,20131011,20.5833,20.8088,20.2825,20.4799,20.7149,-0.23499999999999943,-1.1344,35131.21,76387.022
600976.SH,20131010,20.8652,21.2224,20.5457,20.7149,20.8276,-0.11270000000000024,-0.5411,24380.91,54206.627
600976.SH,20131009,20.8276,21.2036,20.6867,20.8276,20.7713,0.05630000000000024,0.271,24608.17,54774.157
600976.SH,20131008,20.4893,20.8182,20.0194,20.7713,20.5645,0.2068000000000012,1.0056,22109.62,48329.926
600976.SH,20130930,20.5081,20.8652,20.3295,20.5645,20.5457,0.018799999999998818,0.0915,26768.97,58649.224
600976.SH,20130927,20.5551,20.9122,20.3953,20.5457,20.6209,-0.07519999999999882,-0.3647,28199.97,62022.463
600976.SH,20130926,20.0006,20.6773,19.7656,20.6209,20.1979,0.42299999999999827,2.0943,37084.07,80457.78
600976.SH,20130925,20.4611,20.8182,20.1415,20.1979,20.5739,-0.37599999999999767,-1.8276,23231.93,50331.639
600976.SH,20130924,20.4705,21.1002,20.3295,20.5739,20.4705,0.10339999999999705,0.5051,46203.05,102277.326
600976.SH,20130923,19.2205,20.7149,19.0889,20.4705,19.2017,1.2688000000000024,6.6077,59457.63,127355.152
600976.SH,20130918,18.9855,19.305,18.9197,19.2017,18.9197,0.28200000000000003,1.4905,12942.06,26365.868
600976.SH,20130917,19.2205,19.4084,18.8445,18.9197,19.446,-0.5263000000000027,-2.7065,16493.21,33490.944
600976.SH,20130916,19.2674,19.634,19.1735,19.446,19.2768,0.16920000000000002,0.8777,21911.91,45368.986
600976.SH,20130913,18.9855,19.2956,18.7881,19.2768,18.9855,0.2913000000000032,1.5343,19799.76,40038.98
600976.SH,20130912,18.9855,19.3144,18.8915,18.9855,19.1735,-0.1880000000000024,-0.9805,12126.2,24656.411
600976.SH,20130911,19.4836,19.4836,18.7317,19.1735,19.493,-0.3194999999999979,-1.639,38643.04,78280.578
600976.SH,20130910,19.822,19.8408,19.3614,19.493,19.8408,-0.347800000000003,-1.753,26947.35,56004.026
600976.SH,20130909,20.0663,20.2919,19.4648,19.8408,20.0945,-0.2536999999999985,-1.2625,22879.68,48247.174
600976.SH,20130906,19.7938,20.2919,19.7374,20.0945,19.775,0.31950000000000145,1.6157,19129.82,40955.797
600976.SH,20130905,19.4648,19.916,19.3614,19.775,19.8126,-0.03760000000000119,-0.1898,15798.89,33085.812
600976.SH,20130904,20.0945,20.0945,19.6622,19.8126,20.0851,-0.27250000000000085,-1.3567,15948.53,33584.043
600976.SH,20130903,19.6998,20.1979,19.5588,20.0851,19.6904,0.3947000000000003,2.0045,15425.1,32860.38
600976.SH,20130902,19.8314,19.869,19.1453,19.6904,19.8314,-0.14099999999999824,-0.711,25127.28,52188.838
600976.SH,20130830,20.3013,20.4799,19.5776,19.8314,20.3859,-0.5545000000000009,-2.72,19753.21,42107.169
600976.SH,20130829,20.2637,20.8088,20.2167,20.3859,20.2637,0.12219999999999942,0.603,13398.73,29202.71
600976.SH,20130828,20.7619,20.7619,20.1133,20.2637,20.9122,-0.6484999999999985,-3.1011,24022.01,52139.726
600976.SH,20130827,20.7994,21.0438,20.5175,20.9122,20.7994,0.11280000000000001,0.5423,16687.56,36874.339
600976.SH,20130826,20.4517,21.0438,20.4423,20.7994,20.4893,0.3100999999999985,1.5135,25605.81,56746.482
600976.SH,20130823,20.0569,20.8182,20.0381,20.4893,20.01,0.4792999999999985,2.3953,43465.25,94858.624
600976.SH,20130822,19.822,20.0851,19.7374,20.01,19.8314,0.17860000000000298,0.9006,18423.79,38963.939
600976.SH,20130821,20.2355,20.3389,19.5776,19.8314,20.2261,-0.3947000000000003,-1.9514,29612.6,62358.238
600976.SH,20130820,20.1791,20.6115,19.9254,20.2261,20.1509,0.07519999999999882,0.3732,32915.08,71077.719
600976.SH,20130819,19.6246,20.3013,19.6246,20.1509,19.3802,0.7707000000000015,3.9767,29587.01,63202.122
600976.SH,20130816,20.2073,20.7713,19.1265,19.3802,20.4141,-1.0339000000000027,-5.0646,52562.94,112170.893
600976.SH,20130815,21.7111,21.7111,20.3107,20.4141,21.6735,-1.2593999999999994,-5.8108,58624.47,129822.372
600976.SH,20130814,21.9461,21.9461,21.4762,21.6735,21.7581,-0.08459999999999823,-0.3888,21253.15,48974.577
600976.SH,20130813,21.4762,21.8051,21.3446,21.7581,21.5701,0.18799999999999883,0.8716,19834.83,45563.147
600976.SH,20130812,21.7299,21.8803,21.3822,21.5701,21.7393,-0.16920000000000002,-0.7783,22105.84,50681.527
600976.SH,20130809,22.1341,22.2281,21.4292,21.7393,22.0871,-0.34779999999999944,-1.5747,25145.93,58443.286
600976.SH,20130808,21.2412,22.1999,21.2412,22.0871,21.495,0.5920999999999985,2.7546,33756.25,78298.79
600976.SH,20130807,22.0401,22.416,21.4386,21.495,22.0683,-0.5732999999999997,-2.5978,51948.5,120984.339
600976.SH,20130806,22.3878,22.416,21.9461,22.0683,22.3784,-0.3100999999999985,-1.3857,41352.72,97534.503
600976.SH,20130805,21.8897,22.4818,21.3916,22.3784,21.7205,0.6578999999999979,3.0289,34349.26,80439.684
600976.SH,20130802,21.7299,22.0495,21.6265,21.7205,21.6829,0.03760000000000119,0.1734,30139.05,69980.489
600976.SH,20130801,21.0062,21.8991,21.0062,21.6829,21.0908,0.5920999999999985,2.8074,37189.33,84680.253
600976.SH,20130731,21.3728,21.7393,20.9592,21.0908,21.3258,-0.23499999999999943,-1.102,23711.88,54015.129
600976.SH,20130730,22.1153,22.3032,21.213,21.3258,22.1153,-0.7895000000000003,-3.5699,40692.68,93327.207
600976.SH,20130729,22.557,22.8108,21.9837,22.1153,22.7356,-0.6203000000000003,-2.7283,31474.29,74694.84
600976.SH,20130726,22.51,23.2431,22.0965,22.7356,22.6416,0.0940000000000012,0.4152,30541.15,73712.89
600976.SH,20130725,23.1491,23.8164,22.5664,22.6416,22.9518,-0.31019999999999825,-1.3515,54981.18,135932.739
600976.SH,20130724,22.2751,23.1585,22.0965,22.9518,22.1717,0.7800999999999974,3.5184,59813.72,145082.402
600976.SH,20130723,22.0871,22.51,21.9743,22.1717,22.0683,0.1034000000000006,0.4685,35264.13,83386.973
600976.SH,20130722,21.0814,22.1435,21.072,22.0683,21.4386,0.6296999999999997,2.9372,36594.86,84489.077
600976.SH,20130719,22.3314,22.4442,21.2882,21.4386,22.4724,-1.0337999999999994,-4.6003,50868.95,118199.655
600976.SH,20130718,22.369,22.792,21.8897,22.4724,22.5194,-0.0470000000000006,-0.2087,31758.44,75653.257
600976.SH,20130717,23.027,23.3653,22.2751,22.5194,23.1773,-0.6578999999999979,-2.8386,51883.16,125837.519
600976.SH,20130716,22.0871,23.3089,21.9649,23.1773,22.1435,1.0337999999999994,4.6686,73728.38,178612.764
600976.SH,20130715,21.7675,22.6416,21.7675,22.1435,21.9085,0.23499999999999943,1.0726,62678.04,148417.842
600976.SH,20130712,21.7863,22.5664,21.6265,21.9085,21.8521,0.056400000000000006,0.2581,56157.41,131835.646
600976.SH,20130711,21.6641,22.1247,21.4292,21.8521,21.6171,0.23499999999999943,1.0871,39468.31,91473.035
600976.SH,20130710,20.5833,21.6641,20.4423,21.6171,20.6303,0.9868000000000023,4.7833,35304.87,79919.217
600976.SH,20130709,20.5081,20.9404,20.2543,20.6303,20.4987,0.13159999999999883,0.642,27578.75,60384.472
600976.SH,20130708,20.7337,21.119,20.1133,20.4987,21.2412,-0.7424999999999997,-3.4956,31750.69,69898.832
600976.SH,20130705,21.6641,22.0871,21.0532,21.2412,21.8239,-0.5826999999999991,-2.67,40390.71,92717.015
600976.SH,20130704,21.9273,22.5194,21.6359,21.8239,22.0871,-0.2632000000000012,-1.1916,43326.92,101992.256
600976.SH,20130703,21.9555,22.51,21.3352,22.0871,22.1435,-0.056400000000000006,-0.2547,50709.86,118532.795
600976.SH,20130702,21.6641,22.3784,21.2882,22.1435,21.5419,0.6016000000000012,2.7927,74986.32,175893.761
600976.SH,20130701,20.3013,21.6547,19.9066,21.5419,20.3013,1.240599999999997,6.1109,57518.28,127005.256
600976.SH,20130628,20.2825,21.0532,19.8314,20.3013,20.5551,-0.25379999999999825,-1.2347,33022.68,71720.406
600976.SH,20130627,21.2694,21.7581,20.3765,20.5551,21.3258,-0.7707000000000015,-3.6139,53039.65,119253.237
600976.SH,20130626,19.869,21.6171,19.6434,21.3258,19.7186,1.6072000000000024,8.1507,56848.51,124603.106
600976.SH,20130625,19.5588,20.1133,17.9516,19.7186,19.6152,0.10339999999999705,0.5271,68362.53,140535.485
600976.SH,20130624,20.9216,21.1472,19.4742,19.6152,20.8746,-1.2593999999999994,-6.0332,54047.33,116675.646
600976.SH,20130621,20.8276,21.7581,20.1415,20.8746,21.4386,-0.5640000000000001,-2.6308,47446.46,105771.365
600976.SH,20130620,22.1341,22.6416,21.2882,21.4386,22.3972,-0.9586000000000006,-4.28,35033.24,81599.112
600976.SH,20130619,22.1811,22.9142,21.7111,22.3972,22.3596,0.03760000000000119,0.1682,44158.51,104659.305
600976.SH,20130618,22.604,23.1115,21.7299,22.3596,22.7262,-0.36659999999999826,-1.6131,66204.81,157044.29
600976.SH,20130617,21.3352,23.6661,21.1942,22.7262,21.5138,1.2123999999999988,5.6355,91801.61,222340.59
600976.SH,20130614,20.4329,21.8991,20.2167,21.5138,20.4893,1.0244999999999997,5.0002,55136.66,123573.22
600976.SH,20130613,19.9536,20.8088,18.5155,20.4893,20.2825,0.2068000000000012,1.0196,77193.46,161799.551
600976.SH,20130607,21.7111,21.7111,20.2073,20.2825,21.7205,-1.4380000000000024,-6.6205,65212.83,144987.156
600976.SH,20130606,21.6735,22.0777,21.2412,21.7205,21.2882,0.43230000000000146,2.0307,79983.08,184320.13
600976.SH,20130605,19.2768,21.2882,19.0889,21.2882,19.352,1.9361999999999995,10.0052,98298.04,213815.956
600976.SH,20130604,20.0663,20.2073,18.9479,19.352,20.0287,-0.6767000000000003,-3.3787,46253.63,95527.441
600976.SH,20130603,20.1603,20.2731,19.8972,20.0287,20.1227,-0.09399999999999764,-0.4671,60193.66,128627.938
600976.SH,20130531,18.5062,20.1415,18.4968,20.1227,18.3088,1.8138999999999967,9.9073,127187.44,266667.889
600976.SH,20130530,17.8576,18.337,17.6697,18.3088,17.8388,0.4700000000000024,2.6347,45072.41,86687.096
600976.SH,20130529,18.1114,18.2148,17.5757,17.8388,18.0738,-0.23499999999999943,-1.3002,48404.67,91414.594
600976.SH,20130528,18.2524,18.337,17.7543,18.0738,18.2524,-0.17860000000000298,-0.9785,37693.72,72285.989
600976.SH,20130527,18.2336,18.4968,18.1114,18.2524,18.2524,0.0,0.0,25809.36,50221.052
600976.SH,20130524,17.773,18.2806,17.6415,18.2524,17.773,0.4794000000000018,2.6973,36428.54,69612.949
600976.SH,20130523,18.0362,18.1114,17.5663,17.773,17.9892,-0.21620000000000061,-1.2018,31442.9,59739.637
600976.SH,20130522,17.6133,18.3276,17.4817,17.9892,17.5475,0.44170000000000087,2.5172,56413.82,107925.588
600976.SH,20130521,17.5193,17.6979,17.3595,17.5475,17.7073,-0.1598000000000006,-0.9025,43835.81,81617.448
600976.SH,20130520,18.3182,18.3182,16.5512,17.7073,18.3276,-0.6203000000000003,-3.3845,112169.37,208427.581
600976.SH,20130517,18.3088,18.6941,18.243,18.3276,18.3276,0.0,0.0,25139.19,49394.337
600976.SH,20130516,18.5062,18.8915,18.2524,18.3276,18.431,-0.1034000000000006,-0.561,39509.39,77904.949
600976.SH,20130515,18.3828,18.5764,17.9864,18.4289,18.4105,0.01839999999999975,0.0999,38279.45,76053.585
600976.SH,20130514,18.3091,18.5211,18.1431,18.4105,18.4013,0.009199999999999875,0.05,46833.52,93237.07
600976.SH,20130513,17.5992,18.5303,17.5623,18.4013,17.5992,0.8020999999999994,4.5576,87818.57,173437.093
600976.SH,20130510,17.2212,17.6637,16.9631,17.5992,17.2581,0.34110000000000085,1.9765,47285.25,89002.514
600976.SH,20130509,17.6084,17.7652,17.0645,17.2581,17.5716,-0.3135000000000012,-1.7841,72788.82,137287.361
600976.SH,20130508,16.9539,17.7098,16.9539,17.5716,17.0092,0.5624000000000002,3.3064,66782.05,126078.315
600976.SH,20130507,17.1106,17.5623,16.9631,17.0092,17.2212,-0.21199999999999974,-1.231,61037.32,113814.315
600976.SH,20130506,17.2028,17.6914,17.0553,17.2212,17.2397,-0.018499999999999517,-0.1073,77137.19,145882.411
600976.SH,20130503,17.0276,17.378,16.8986,17.2397,17.0184,0.22129999999999939,1.3004,61272.51,114016.075
600976.SH,20130502,16.1979,17.4425,16.1979,17.0184,16.0873,0.9311000000000007,5.7878,97944.61,179341.645
600976.SH,20130426,15.9582,16.4007,15.9306,16.0873,16.1518,-0.06450000000000244,-0.3993,65990.7,115718.312
600976.SH,20130425,15.2668,16.6404,15.1469,16.1518,15.2115,0.9403000000000024,6.1815,114625.38,198602.836
600976.SH,20130424,15.0455,15.4512,15.0455,15.2115,15.0547,0.15679999999999872,1.0415,30464.17,50434.827
600976.SH,20130423,15.866,15.8845,15.0087,15.0547,15.8937,-0.8390000000000004,-5.2788,54402.47,90758.869
600976.SH,20130422,15.5434,15.949,15.5157,15.8937,15.6079,0.28580000000000005,1.8311,65382.66,111579.883
600976.SH,20130419,15.193,15.7554,15.0547,15.6079,15.0732,0.5347000000000008,3.5474,73934.11,123919.835
600976.SH,20130418,14.7597,15.2852,14.7505,15.0732,14.898,0.17520000000000024,1.176,26348.77,42814.304
600976.SH,20130417,14.7044,14.9441,14.5016,14.898,14.7413,0.15669999999999895,1.063,31083.42,49675.367
600976.SH,20130416,14.4279,14.7597,14.0038,14.7413,14.4832,0.25810000000000066,1.7821,40687.79,63424.514
600976.SH,20130415,14.4555,14.7966,14.4002,14.4832,14.4832,0.0,0.0,32460.32,51318.788
600976.SH,20130412,15.0087,15.0179,14.3541,14.4832,15.0824,-0.5991999999999997,-3.9728,58278.69,91988.745
600976.SH,20130411,14.7505,15.1193,14.7321,15.0824,14.8519,0.23049999999999926,1.552,34512.79,55895.225
600976.SH,20130410,15.5802,15.6079,14.7321,14.8519,15.6171,-0.7652000000000001,-4.8998,51855.94,84765.098
600976.SH,20130409,15.571,15.6263,15.2852,15.6171,15.571,0.04610000000000092,0.2961,38446.75,64331.11
600976.SH,20130408,15.2852,15.6448,15.1654,15.571,15.3774,0.1936,1.259,33658.25,56659.347
600976.SH,20130403,15.4696,15.6171,15.0824,15.3774,15.4419,-0.06450000000000067,-0.4177,44659.07,73963.27
600976.SH,20130402,16.0043,16.2256,15.2576,15.4419,16.0412,-0.5992999999999995,-3.736,55734.54,94771.293
600976.SH,20130401,15.6909,16.2164,15.5341,16.0412,15.6724,0.36880000000000024,2.3532,65086.96,112917.275
600976.SH,20130329,15.6724,16.244,15.654,15.6724,15.4419,0.23049999999999926,1.4927,90474.86,156313.699
600976.SH,20130328,15.5802,15.7001,15.2207,15.4419,15.737,-0.2950999999999997,-1.8752,48702.31,81836.299
600976.SH,20130327,15.7738,15.9029,15.5526,15.737,15.7462,-0.009199999999999875,-0.0584,56251.37,95780.402
600976.SH,20130326,15.3313,15.7923,15.2115,15.7462,15.4419,0.30429999999999957,1.9706,72819.45,122807.556
600976.SH,20130325,15.5249,15.571,15.1193,15.4419,15.4419,0.0,0.0,54018.67,89852.742
600976.SH,20130322,14.9257,15.4512,14.8519,15.4419,14.9441,0.4977999999999998,3.3311,68520.17,113366.906
600976.SH,20130321,14.8796,14.9994,14.769,14.9441,14.8796,0.06450000000000067,0.4335,40932.27,66206.608
600976.SH,20130320,14.5661,14.8888,14.391,14.8796,14.5477,0.3318999999999992,2.2815,51264.33,81705.914
600976.SH,20130319,14.4832,14.7782,14.3449,14.5477,14.5846,-0.03689999999999927,-0.253,51301.89,81235.013
600976.SH,20130318,14.7505,14.8335,14.2896,14.5846,14.1328,0.4518000000000004,3.1968,89426.39,140995.347
600976.SH,20130315,14.5661,14.5661,13.7825,14.1328,14.6491,-0.5163000000000011,-3.5244,115987.53,176584.219
600976.SH,20130314,14.5661,14.7966,14.5108,14.6491,14.5108,0.13830000000000098,0.9531,20461.35,32559.377
600976.SH,20130313,14.8427,14.9165,14.3818,14.5108,14.9072,-0.39639999999999986,-2.6591,32366.7,51193.971
600976.SH,20130312,15.6263,15.7462,14.7136,14.9072,15.654,-0.7468000000000004,-4.7707,68249.49,112224.995
600976.SH,20130311,15.5802,15.9029,15.5618,15.654,15.5434,0.11059999999999981,0.7116,66904.39,114223.413
600976.SH,20130308,15.3498,15.8107,15.3129,15.5434,15.2668,0.2766000000000002,1.8118,65538.72,110875.093
600976.SH,20130307,15.6632,15.6632,15.1285,15.2668,15.6079,-0.34110000000000085,-2.1854,51197.7,85413.27
600976.SH,20130306,15.2576,15.6909,15.2299,15.6079,15.2299,0.3780000000000001,2.482,77101.92,129999.786
600976.SH,20130305,14.8611,15.2391,14.6675,15.2299,14.7505,0.47940000000000005,3.2501,50260.6,82087.463
600976.SH,20130304,15.2115,15.3959,14.6952,14.7505,15.3221,-0.5716000000000001,-3.7306,42855.85,69924.743
600976.SH,20130301,15.1008,15.3774,14.981,15.3221,15.0916,0.23050000000000104,1.5273,50239.91,82684.819
600976.SH,20130228,14.9626,15.1377,14.6583,15.0916,14.9257,0.16589999999999883,1.1115,31352.54,50652.47
600976.SH,20130227,15.5065,15.8568,14.8519,14.9257,15.4696,-0.5438999999999989,-3.5159,51870.83,85419.353
600976.SH,20130226,15.4143,15.8568,15.3037,15.4696,15.5157,-0.04610000000000092,-0.2971,45330.04,76891.171
600976.SH,20130225,15.4051,15.5618,15.2852,15.5157,15.359,0.15670000000000073,1.0202,31250.78,52267.975
600976.SH,20130222,15.7646,15.7646,15.3037,15.359,15.7646,-0.40559999999999974,-2.5729,40714.54,68488.201
600976.SH,20130221,15.9398,16.2993,15.5065,15.7646,15.949,-0.18440000000000012,-1.1562,67174.63,115865.923
600976.SH,20130220,15.5157,16.0228,15.4235,15.949,15.4973,0.45170000000000066,2.9147,76724.35,131739.066
600976.SH,20130219,15.5802,15.6816,15.359,15.4973,15.6263,-0.12900000000000134,-0.8255,41631.36,70064.915
600976.SH,20130218,15.4235,15.7093,15.3498,15.6263,15.3129,0.3133999999999997,2.0466,71965.59,121111.174
600976.SH,20130208,14.8335,15.4696,14.8335,15.3129,14.8243,0.4886000000000017,3.2959,52546.82,86886.398
600976.SH,20130207,14.9902,15.0732,14.6768,14.8243,14.981,-0.15670000000000073,-1.046,30613.42,49250.486
600976.SH,20130206,14.769,15.2207,14.686,14.981,14.7229,0.25810000000000066,1.7531,42124.01,68649.407
600976.SH,20130205,14.6583,14.9165,14.5661,14.7229,14.6583,0.06459999999999866,0.4407,23338.39,37231.557
600976.SH,20130204,14.9718,15.064,14.5661,14.6583,14.9994,-0.34109999999999907,-2.2741,31575.38,50494.92
600976.SH,20130201,14.8796,15.0916,14.769,14.9994,14.8796,0.11979999999999968,0.8051,19828.43,32225.353
600976.SH,20130131,14.9533,15.1101,14.6675,14.8796,14.9533,-0.07370000000000054,-0.4929,21129.59,33952.133
600976.SH,20130130,15.2207,15.2207,14.7966,14.9533,15.2207,-0.2674000000000003,-1.7568,41212.02,66984.557
600976.SH,20130129,15.3405,15.4235,15.1469,15.2207,15.3313,-0.11059999999999981,-0.7214,37999.39,62823.212
600976.SH,20130128,14.9349,15.3682,14.8427,15.3313,14.8888,0.4425000000000008,2.972,38110.56,62800.414
600976.SH,20130125,14.6122,15.0732,14.4739,14.8888,14.5754,0.3133999999999997,2.1502,28309.82,45597.848
600976.SH,20130124,15.2299,15.3498,14.3541,14.5754,15.2299,-0.6545000000000005,-4.2975,61033.46,98409.656
600976.SH,20130123,14.7044,15.2483,14.6583,15.2299,14.8519,0.3780000000000001,2.5451,45284.6,73906.098
600976.SH,20130122,15.4604,15.4604,14.6583,14.8519,15.4419,-0.5899999999999999,-3.8208,64259.68,104958.31
600976.SH,20130121,15.488,15.5618,15.3221,15.4419,15.4419,0.0,0.0,45197.44,75709.698
600976.SH,20130118,15.4327,15.6079,15.2668,15.4419,15.7093,-0.2674000000000003,-1.7022,87382.76,146292.939
600976.SH,20130117,15.5802,15.949,15.4788,15.7093,16.0228,-0.31349999999999945,-1.9566,81983.18,139542.079
600976.SH,20130116,15.4604,16.0412,15.2115,16.0228,15.6171,0.4056999999999995,2.5978,144423.89,242675.893
600976.SH,20130115,14.4739,15.866,14.4555,15.6171,14.5569,1.0602,7.2831,164255.4,271773.506
600976.SH,20130114,14.0867,14.8519,14.0775,14.5569,14.1144,0.4425000000000008,3.1351,69655.98,109684.133
600976.SH,20130111,14.2896,14.3449,13.9761,14.1144,14.2619,-0.14750000000000085,-1.0342,25669.23,39382.26
600976.SH,20130110,14.3357,14.3818,14.1328,14.2619,14.391,-0.12909999999999933,-0.8971,38283.92,59038.2
600976.SH,20130109,14.5661,14.603,14.0406,14.391,14.4924,-0.10139999999999993,-0.6997,45783.23,70964.764
600976.SH,20130108,13.8747,14.8519,13.7456,14.4924,13.9208,0.5716000000000001,4.1061,49984.23,76580.891
600976.SH,20130107,13.7272,14.0038,13.5705,13.9208,13.7272,0.1936,1.4103,33844.39,50545.313
600976.SH,20130104,14.391,14.4279,13.5336,13.7272,14.2896,-0.5624000000000002,-3.9357,44275.7,66202.829
600976.SH,20121231,14.5477,14.5661,14.2066,14.2896,14.4371,-0.14749999999999908,-1.0217,31138.3,48277.879
600976.SH,20121228,14.0406,14.5108,13.9577,14.4371,14.0222,0.4148999999999994,2.9589,32176.07,49795.613
600976.SH,20121227,14.1513,14.3357,13.9853,14.0222,14.1789,-0.15670000000000073,-1.1052,22888.48,34932.004
600976.SH,20121226,14.1052,14.3357,13.9853,14.1789,14.1882,-0.009299999999999642,-0.0655,23867.61,36603.27
600976.SH,20121225,13.5152,14.3357,13.4875,14.1882,13.6166,0.5716000000000001,4.1978,42706.94,64942.481
600976.SH,20121224,12.9528,13.6442,12.8975,13.6166,12.9528,0.6638000000000002,5.1248,43045.65,62000.838
600976.SH,20121221,13.1556,13.3677,12.7315,12.9528,13.1556,-0.20279999999999987,-1.5415,31905.52,44953.588
600976.SH,20121220,13.1003,13.2017,12.9989,13.1556,13.1925,-0.03690000000000104,-0.2797,11886.91,16898.494
600976.SH,20121219,13.257,13.2755,13.045,13.1925,13.257,-0.06449999999999889,-0.4865,28926.59,41229.353
600976.SH,20121218,13.3216,13.5244,13.1741,13.257,13.3031,-0.04610000000000092,-0.3465,30924.67,44637.625
600976.SH,20121217,13.1833,13.3953,13.0819,13.3031,13.0819,0.2212000000000014,1.6909,26604.41,38158.714
600976.SH,20121214,12.4457,13.128,12.4457,13.0819,12.6209,0.4609999999999985,3.6527,16190.35,22637.787
600976.SH,20121213,12.8514,12.9067,12.5379,12.6209,13.0173,-0.39639999999999986,-3.0452,13709.37,18935.198
600976.SH,20121212,12.9159,13.0726,12.8237,13.0173,12.9067,0.11059999999999981,0.8569,8223.83,11535.359
600976.SH,20121211,13.1372,13.1925,12.8975,12.9067,13.2478,-0.34109999999999907,-2.5748,15011.02,21212.971
600976.SH,20121210,12.8698,13.34,12.7408,13.2478,12.8698,0.3780000000000001,2.9371,22478.24,31806.359
600976.SH,20121207,12.2614,12.8975,12.1692,12.8698,12.2153,0.6545000000000005,5.358,23242.31,31705.852
600976.SH,20121206,12.5287,12.6209,12.0401,12.2153,12.5379,-0.32260000000000133,-2.573,19681.23,26186.046
600976.SH,20121205,12.1692,12.7315,12.1323,12.5379,12.1968,0.34110000000000085,2.7966,18494.84,25081.397
600976.SH,20121204,11.9848,12.2245,11.8004,12.1968,12.0862,0.11059999999999981,0.9151,12038.48,15709.23
600976.SH,20121203,12.6301,12.6762,11.8926,12.0862,12.6209,-0.5347000000000008,-4.2366,13908.52,18599.391
600976.SH,20121130,12.584,12.7776,12.5564,12.6209,12.584,0.03690000000000104,0.2932,13813.72,18933.899
600976.SH,20121129,12.75,12.9436,12.5287,12.584,12.75,-0.16600000000000037,-1.302,14629.3,20060.106
600976.SH,20121128,13.3677,13.3677,12.6947,12.75,13.3677,-0.6176999999999992,-4.6208,25302.24,35113.649
600976.SH,20121127,14.1328,14.1513,13.2294,13.3677,14.1513,-0.7836000000000016,-5.5373,13646.1,20109.393
600976.SH,20121126,14.3633,14.3633,14.1052,14.1513,14.391,-0.23969999999999914,-1.6656,3097.0,4765.885
600976.SH,20121123,14.5661,14.7505,14.1974,14.391,14.6952,-0.3041999999999998,-2.0701,17896.27,28003.073
600976.SH,20121122,14.8888,14.9902,14.5293,14.6952,15.0179,-0.3226999999999993,-2.1488,4118.0,6567.577
600976.SH,20121121,14.8796,15.1193,14.8335,15.0179,14.8888,0.12909999999999933,0.8671,11011.25,17889.955
600976.SH,20121120,14.5661,15.0732,14.4739,14.8888,14.6583,0.23049999999999926,1.5725,14538.0,23448.854
600976.SH,20121119,14.5661,14.7505,14.2896,14.6583,14.5569,0.10139999999999993,0.6966,7089.01,11160.941
600976.SH,20121116,14.5385,14.7044,14.2988,14.5569,14.6122,-0.05529999999999902,-0.3785,7138.4,11217.125
600976.SH,20121115,14.6583,14.8243,14.4739,14.6122,14.7229,-0.11069999999999958,-0.7519,7607.26,12099.817
600976.SH,20121114,14.5108,14.7413,14.3172,14.7229,14.391,0.3318999999999992,2.3063,10494.73,16548.464
600976.SH,20121113,14.7966,14.8704,14.2988,14.391,14.8704,-0.47940000000000005,-3.2239,9097.06,14495.065
600976.SH,20121112,15.1838,15.3959,14.7229,14.8704,15.3498,-0.47940000000000005,-3.1232,20375.11,32841.925
600976.SH,20121109,15.571,15.6632,15.2576,15.3498,15.571,-0.22119999999999962,-1.4206,8677.62,14560.419
600976.SH,20121108,15.6724,15.8568,15.4512,15.571,15.8107,-0.2397000000000009,-1.5161,11147.23,18823.414
600976.SH,20121107,15.6724,15.949,15.6724,15.8107,15.8845,-0.07379999999999853,-0.4646,7404.74,12698.566
600976.SH,20121106,15.9121,16.0228,15.3774,15.8845,16.0412,-0.15670000000000073,-0.9769,25313.84,42993.449
600976.SH,20121105,15.7646,16.1979,15.4788,16.0412,15.8199,0.22129999999999939,1.3989,30804.74,53223.629
600976.SH,20121102,15.9029,15.9029,15.7462,15.8199,15.7923,0.0276000000000014,0.1748,8410.4,14421.001
600976.SH,20121101,15.5434,15.8384,15.4788,15.7923,15.6079,0.18439999999999834,1.1815,12513.24,21267.09
600976.SH,20121031,15.7277,15.7277,15.4973,15.6079,15.7185,-0.11059999999999981,-0.7036,7515.99,12732.097
600976.SH,20121030,15.737,15.8937,15.571,15.7185,15.737,-0.018499999999999517,-0.1176,7636.4,13001.228
600976.SH,20121029,15.4696,15.7462,15.4696,15.737,15.488,0.24900000000000055,1.6077,14821.73,25192.065
600976.SH,20121026,15.488,15.7462,15.0087,15.488,15.4235,0.06449999999999889,0.4182,16983.64,28284.917
600976.SH,20121025,15.5341,15.6724,15.3774,15.4235,15.5434,-0.11989999999999945,-0.7714,7834.33,13159.483
600976.SH,20121024,15.6724,15.8291,15.2483,15.5434,15.6816,-0.13819999999999943,-0.8813,26740.19,45242.413
600976.SH,20121023,16.6312,16.6312,15.5895,15.6816,16.6312,-0.9496000000000002,-5.7098,30130.66,52301.84
600976.SH,20121022,16.5298,16.6404,16.3178,16.6312,16.622,0.009199999999999875,0.0553,14615.31,26081.682
600976.SH,20121019,17.1106,17.1383,16.5759,16.622,17.0461,-0.42409999999999926,-2.488,19350.89,35082.751
600976.SH,20121018,16.8893,17.2489,16.8893,17.0461,16.9815,0.06459999999999866,0.3804,11701.44,21742.42
600976.SH,20121017,17.2212,17.3134,16.8525,16.9815,17.2858,-0.3042999999999978,-1.7604,58482.36,107979.658
600976.SH,20121016,16.4192,17.4425,16.41,17.2858,16.5021,0.7836999999999996,4.7491,90851.85,168392.056
600976.SH,20121015,16.4376,16.7787,16.3085,16.5021,16.6957,-0.1936,-1.1596,5908.83,10561.292
600976.SH,20121012,16.7603,17.0922,16.3639,16.6957,16.8709,-0.17520000000000024,-1.0385,15906.18,28657.604
600976.SH,20121011,17.1014,17.1014,16.5943,16.8709,17.1014,-0.2305000000000028,-1.3478,9633.97,17656.343
600976.SH,20121010,16.9447,17.3042,16.8801,17.1014,17.1751,-0.07369999999999877,-0.4291,10705.59,19787.773
600976.SH,20121009,16.6312,17.4425,16.4837,17.1751,16.6404,0.5347000000000008,3.2133,16963.46,31257.96
600976.SH,20121008,16.6496,17.0092,16.4837,16.6404,16.8525,-0.2120999999999995,-1.2586,7901.44,14277.503
600976.SH,20120928,16.5021,16.8986,16.5021,16.8525,16.6957,0.1568000000000005,0.9392,10609.99,19256.795
600976.SH,20120927,16.3546,16.7787,16.3546,16.6957,16.4837,0.21199999999999974,1.2861,8909.98,16071.166
600976.SH,20120926,16.705,17.0092,16.2071,16.4837,16.8156,-0.33190000000000097,-1.9738,7838.45,13997.204
600976.SH,20120925,16.7695,16.9539,16.6496,16.8156,16.8986,-0.08299999999999841,-0.4912,4700.31,8568.266
600976.SH,20120924,16.8709,17.0553,16.6865,16.8986,16.9908,-0.09220000000000184,-0.5426,13215.5,24304.006
600976.SH,20120921,17.7191,17.7191,16.5759,16.9908,17.5808,-0.5899999999999999,-3.3559,29455.74,54228.77
600976.SH,20120920,17.9219,18.3275,17.3595,17.5808,17.9219,-0.34110000000000085,-1.9033,12107.26,23404.253
600976.SH,20120919,17.6453,17.9772,17.4056,17.9219,17.5716,0.3503000000000007,1.9936,9745.84,18839.906
600976.SH,20120918,17.4056,17.7836,17.3319,17.5716,17.5255,0.04609999999999914,0.263,9565.33,18181.432
600976.SH,20120917,17.6545,17.968,17.5162,17.5255,17.8389,-0.3133999999999979,-1.7568,13601.72,26225.029
600976.SH,20120914,18.4381,18.5764,17.7098,17.8389,18.5211,-0.6822000000000017,-3.6834,46272.04,90125.918
600976.SH,20120913,18.1063,18.8807,17.9864,18.5211,18.1063,0.4147999999999996,2.2909,42404.94,85229.106
600976.SH,20120912,18.4381,18.475,17.9588,18.1063,18.3828,-0.27649999999999864,-1.5041,20264.14,39798.991
600976.SH,20120911,18.1708,18.6594,18.0509,18.3828,18.3367,0.04609999999999914,0.2514,28310.85,55982.43
600976.SH,20120910,18.2999,18.346,17.7928,18.3367,18.3921,-0.055399999999998784,-0.3012,47394.15,92700.873
600976.SH,20120907,18.6041,18.8899,18.0233,18.3921,18.4289,-0.0367999999999995,-0.1997,44482.23,88935.588
600976.SH,20120906,18.5396,18.7055,18.2077,18.4289,18.7055,-0.27660000000000196,-1.4787,14789.86,29490.34
600976.SH,20120905,18.7608,18.9268,18.2353,18.7055,18.9452,-0.23969999999999914,-1.2652,19770.61,39715.558
600976.SH,20120904,19.0835,19.2126,18.7608,18.9452,19.0097,-0.06449999999999889,-0.3393,14464.45,29794.506
600976.SH,20120903,18.7977,19.0466,18.5396,19.0097,18.9175,0.09219999999999828,0.4874,20658.14,42285.311
600976.SH,20120831,18.0509,19.2679,18.0509,18.9175,18.2169,0.7006000000000014,3.8459,30646.03,62369.133
600976.SH,20120830,18.4197,18.4935,17.5162,18.2169,18.4289,-0.21199999999999974,-1.1504,23695.67,46490.465
600976.SH,20120829,17.7006,18.8622,17.5162,18.4289,17.295,1.133899999999997,6.5562,55314.56,109380.06
600976.SH,20120828,16.8525,17.507,16.4192,17.295,16.917,0.3780000000000001,2.2344,22995.15,42697.703
600976.SH,20120827,17.1936,17.1936,16.7326,16.917,17.2765,-0.35949999999999704,-2.0809,8109.04,14815.305
600976.SH,20120824,17.5439,17.5439,16.5943,17.2765,17.5439,-0.2674000000000021,-1.5242,8828.35,16441.414
600976.SH,20120823,17.6453,17.7744,17.4333,17.5439,17.59,-0.04609999999999914,-0.2621,5032.15,9591.473
600976.SH,20120822,17.3503,17.9772,17.3503,17.59,17.5531,0.03689999999999927,0.2102,6921.51,13162.0
600976.SH,20120821,17.1106,17.8666,17.1014,17.5531,17.1014,0.4516999999999989,2.6413,16012.78,30447.744
600976.SH,20120820,17.4886,17.9588,16.7603,17.1014,17.6177,-0.5162999999999975,-2.9306,19572.27,36603.688
600976.SH,20120817,17.6084,17.885,17.4056,17.6177,17.9219,-0.3042000000000016,-1.6974,7857.17,14950.638
600976.SH,20120816,17.885,18.4197,17.7006,17.9219,18.18,-0.2580999999999989,-1.4197,9945.67,19271.295
600976.SH,20120815,17.7006,18.3644,17.6637,18.18,17.9403,0.23969999999999914,1.3361,20107.82,39572.225
600976.SH,20120814,17.9956,18.0786,17.2028,17.9403,18.1339,-0.1936,-1.0676,23103.79,44019.548
600976.SH,20120813,18.1616,18.4381,17.7928,18.1339,18.475,-0.34110000000000085,-1.8463,28810.21,56361.111
600976.SH,20120810,17.6084,18.6225,17.5255,18.475,17.7652,0.7098000000000013,3.9955,44690.81,88347.591
600976.SH,20120809,17.1567,17.8389,17.1475,17.7652,17.2673,0.49790000000000134,2.8835,32365.34,61495.851
600976.SH,20120808,17.5162,17.5255,16.9447,17.2673,17.4701,-0.20279999999999987,-1.1608,13283.87,24754.238
600976.SH,20120807,17.4701,17.6545,17.2858,17.4701,17.5623,-0.09220000000000184,-0.525,12372.6,23367.871
600976.SH,20120806,16.8525,17.673,16.7326,17.5623,16.8525,0.7098000000000013,4.2118,32784.43,61509.252
600976.SH,20120803,16.5667,16.9078,16.4837,16.8525,16.5667,0.2857999999999983,1.7251,14150.96,25638.258
600976.SH,20120802,15.9767,16.705,15.9767,16.5667,16.0596,0.5071000000000012,3.1576,38103.84,67947.154
600976.SH,20120801,15.7185,16.3178,15.7185,16.0596,15.949,0.11059999999999981,0.6935,28214.35,49045.867
600976.SH,20120731,15.9398,16.032,15.7093,15.949,16.0135,-0.06450000000000067,-0.4028,9710.36,16737.647
600976.SH,20120730,16.2717,16.5021,15.7462,16.0135,16.6773,-0.6637999999999984,-3.9803,13950.0,24410.345
600976.SH,20120727,17.3319,17.5439,16.1334,16.6773,17.4148,-0.7375000000000007,-4.2349,44135.53,78964.526
600976.SH,20120726,17.3042,17.6269,17.2765,17.4148,17.4517,-0.03689999999999927,-0.2114,10809.2,20452.976
600976.SH,20120725,17.4056,17.7006,17.2858,17.4517,17.7006,-0.24890000000000256,-1.4062,13639.26,25722.297
600976.SH,20120724,17.8297,17.8573,17.4056,17.7006,17.8297,-0.12909999999999755,-0.7241,10579.51,20205.35
600976.SH,20120723,17.7006,17.9311,17.4056,17.8297,17.9219,-0.09220000000000184,-0.5145,17758.3,34000.196
600976.SH,20120720,17.885,18.1524,17.5162,17.9219,17.968,-0.04609999999999914,-0.2566,13243.47,25531.998
600976.SH,20120719,17.0184,18.1524,16.9815,17.968,17.3134,0.6545999999999985,3.7809,27337.45,52889.593
600976.SH,20120718,17.2212,17.4978,16.5943,17.3134,17.1751,0.13830000000000098,0.8052,27537.65,50730.519
600976.SH,20120717,17.3226,17.507,16.4837,17.1751,17.4425,-0.2673999999999985,-1.533,29470.43,54146.649
600976.SH,20120716,17.7928,18.1524,17.3319,17.4425,17.8573,-0.4147999999999996,-2.3229,25675.96,49084.059
600976.SH,20120713,17.378,17.9772,17.2489,17.8573,17.673,0.18430000000000035,1.0428,24062.71,46113.15
600976.SH,20120712,17.0184,18.1155,16.8525,17.673,17.0184,0.6545999999999985,3.8464,78031.06,148657.225
600976.SH,20120711,16.3823,17.0461,16.0873,17.0184,16.6957,0.3227000000000011,1.9328,38191.76,68649.436
600976.SH,20120710,16.5667,16.834,16.2256,16.6957,16.7142,-0.01850000000000307,-0.1107,25184.81,45258.152
600976.SH,20120709,16.5943,17.0645,16.4653,16.7142,16.8064,-0.09219999999999828,-0.5486,44615.35,80841.435
600976.SH,20120706,16.2809,16.8709,15.866,16.8064,16.1703,0.636099999999999,3.9338,63413.45,112824.417
600976.SH,20120705,15.9398,16.456,15.7277,16.1703,16.1426,0.027699999999999392,0.1716,52977.4,92851.549
600976.SH,20120704,17.0368,17.0553,15.7185,16.1426,17.2765,-1.133899999999997,-6.5633,113090.44,200247.103
600976.SH,20120703,17.802,17.8297,17.2212,17.2765,18.0509,-0.7744,-4.2901,63124.56,120102.094
600976.SH,20120702,18.0694,18.2077,17.6084,18.0509,18.1155,-0.06460000000000221,-0.3566,65012.66,125839.099
600976.SH,20120629,16.7972,18.18,16.7787,18.1155,16.9447,1.1707999999999998,6.9095,56800.84,108200.062
600976.SH,20120628,16.8709,17.0184,16.5021,16.9447,16.9447,0.0,0.0,22801.56,41419.926
600976.SH,20120627,16.5021,17.3319,16.3915,16.9447,16.539,0.4056999999999995,2.453,46627.96,85436.913
600976.SH,20120626,16.7603,16.8525,16.032,16.539,16.7418,-0.20279999999999987,-1.2113,29284.68,51826.827
600976.SH,20120625,16.9631,17.2673,16.6404,16.7418,17.2212,-0.47939999999999827,-2.7838,32800.42,60305.332
600976.SH,20120621,16.1334,17.6637,15.8845,17.2212,16.1334,1.0877999999999979,6.7425,99628.15,181513.868
600976.SH,20120620,16.3915,16.5575,15.8107,16.1334,16.4376,-0.304199999999998,-1.8506,36888.97,64117.14
600976.SH,20120619,16.41,16.5943,16.0873,16.4376,16.5206,-0.08300000000000196,-0.5024,50730.07,90049.353
600976.SH,20120618,15.5987,16.5482,15.571,16.5206,15.9398,0.5808000000000018,3.6437,71849.5,125144.918
600976.SH,20120615,14.4739,15.9398,14.4739,15.9398,14.4924,1.4474,9.9873,109691.79,183298.725
600976.SH,20120614,14.6675,14.8704,14.4002,14.4924,14.7597,-0.26730000000000054,-1.811,18543.28,29390.472
600976.SH,20120613,14.1974,14.769,13.9946,14.7597,14.2435,0.5162000000000013,3.6241,26528.53,41457.39
600976.SH,20120612,14.3172,14.3725,14.1605,14.2435,14.308,-0.06450000000000067,-0.4508,11955.48,18503.286
600976.SH,20120611,14.1236,14.3725,13.9853,14.308,14.096,0.21199999999999974,1.504,13537.01,20831.604
600976.SH,20120608,14.1882,14.2896,13.847,14.096,14.2066,-0.11059999999999981,-0.7785,13052.56,19847.983
600976.SH,20120607,14.3633,14.5661,14.1974,14.2066,14.2711,-0.06450000000000067,-0.452,15483.07,24133.589
600976.SH,20120606,14.6491,14.769,14.1882,14.2711,14.5938,-0.3226999999999993,-2.2112,45069.68,71171.555
600976.SH,20120605,13.9208,14.7321,13.9208,14.5938,13.9392,0.6546000000000003,4.6961,48002.89,75333.96
600976.SH,20120604,13.9116,14.4094,13.801,13.9392,14.1052,-0.16600000000000037,-1.1769,22619.93,34706.889
600976.SH,20120601,14.2435,14.2711,13.9853,14.1052,14.1882,-0.08300000000000018,-0.585,13558.43,20731.983
600976.SH,20120531,13.9392,14.3264,13.9208,14.1882,14.0683,0.11989999999999945,0.8523,26099.14,40055.757
600976.SH,20120530,13.5059,14.1236,13.423,14.0683,13.5059,0.5624000000000002,4.1641,40031.14,60329.479
600976.SH,20120529,13.257,13.6627,13.1095,13.5059,13.1925,0.3133999999999997,2.3756,15062.26,22050.18
600976.SH,20120528,13.3216,13.3308,12.9159,13.1925,13.3492,-0.15669999999999895,-1.1739,15230.82,21768.402
600976.SH,20120525,13.423,13.5428,13.1003,13.3492,13.5244,-0.17520000000000024,-1.2954,10189.29,14762.86
600976.SH,20120524,13.5059,13.718,13.4875,13.5244,13.552,-0.027599999999999625,-0.2037,14588.21,21499.595
600976.SH,20120523,13.0911,13.6442,13.0542,13.552,13.0911,0.46089999999999876,3.5207,20885.35,30347.459
600976.SH,20120522,12.9344,13.2109,12.9344,13.0911,12.9067,0.18440000000000012,1.4287,11807.19,16752.221
600976.SH,20120521,12.9067,13.0358,12.7223,12.9067,12.9712,-0.06449999999999889,-0.4973,10123.04,14181.391
600976.SH,20120518,13.4414,13.4875,12.8883,12.9712,13.4598,-0.4885999999999999,-3.6301,16952.72,24120.002
600976.SH,20120517,13.4967,13.718,13.4045,13.4598,13.4967,-0.03690000000000104,-0.2734,16134.58,23685.882
600976.SH,20120516,13.4783,13.6258,13.3308,13.4967,13.5059,-0.009199999999999875,-0.0681,9063.47,13198.54
600976.SH,20120515,13.6903,13.6903,13.2755,13.5059,13.7272,-0.22129999999999939,-1.6121,12010.14,17532.663
600976.SH,20120514,13.8249,13.9685,13.5556,13.7261,13.6633,0.06280000000000108,0.4596,25278.24,38733.74
600976.SH,20120511,13.7172,13.8698,13.5825,13.6633,13.6902,-0.026900000000001256,-0.1965,18340.73,28011.129
600976.SH,20120510,13.376,13.9147,13.3311,13.6902,13.3401,0.3501000000000012,2.6244,36043.43,55124.96
600976.SH,20120509,13.5466,13.6184,13.1965,13.3401,13.5466,-0.20650000000000013,-1.5244,12666.08,18841.943
600976.SH,20120508,13.6453,13.7441,13.4748,13.5466,13.7441,-0.1974999999999998,-1.437,16891.24,25574.337
600976.SH,20120507,13.2055,13.8967,13.1695,13.7441,13.2683,0.47579999999999956,3.586,41039.23,61996.518
600976.SH,20120504,13.2683,13.367,13.1336,13.2683,13.2773,-0.009000000000000341,-0.0678,12703.72,18714.103
600976.SH,20120503,13.0528,13.3311,12.999,13.2773,13.0708,0.20650000000000013,1.5799,16207.6,23862.601
600976.SH,20120502,12.9092,13.1067,12.8105,13.0708,12.8015,0.26929999999999943,2.1037,12609.29,18229.335
600976.SH,20120427,12.8374,12.8553,12.7027,12.8015,12.7297,0.07180000000000142,0.564,5718.3,8136.607
600976.SH,20120426,12.8733,12.8733,12.6489,12.7297,12.8284,-0.0987000000000009,-0.7694,10436.69,14814.77
600976.SH,20120425,12.6938,12.8464,12.5681,12.8284,12.6848,0.14360000000000106,1.1321,10959.64,15526.515
600976.SH,20120424,12.7476,12.999,12.3616,12.6848,12.8643,-0.17950000000000088,-1.3953,15343.94,21564.39
600976.SH,20120423,13.376,13.385,12.8643,12.8643,13.376,-0.5116999999999994,-3.8255,19904.55,29073.563
600976.SH,20120420,13.3311,13.4658,13.2503,13.376,13.394,-0.018000000000000682,-0.1344,12497.44,18650.452
600976.SH,20120419,13.403,13.4299,13.1785,13.394,13.2862,0.107800000000001,0.8114,17537.6,26041.488
600976.SH,20120418,13.1785,13.4389,13.1067,13.2862,13.1426,0.14359999999999928,1.0926,25276.76,37361.951
600976.SH,20120417,12.999,13.3581,12.999,13.1426,12.99,0.15259999999999962,1.1747,19276.45,28367.486
600976.SH,20120416,12.972,13.0798,12.7925,12.99,13.0349,-0.04490000000000016,-0.3445,8528.15,12302.599
600976.SH,20120413,13.0259,13.1516,12.9182,13.0349,13.008,0.026900000000001256,0.2068,16465.08,23889.977
600976.SH,20120412,12.8194,13.1157,12.7386,13.008,12.7835,0.22449999999999903,1.7562,15534.98,22391.782
600976.SH,20120411,12.7027,12.8733,12.5411,12.7835,12.7745,0.009000000000000341,0.0705,6609.12,9366.204
600976.SH,20120410,12.577,12.7925,12.3167,12.7745,12.6399,0.13459999999999894,1.0649,9781.31,13690.685
600976.SH,20120409,12.8374,12.9002,12.6219,12.6399,12.8733,-0.2333999999999996,-1.8131,8431.49,11967.054
600976.SH,20120406,12.8733,12.9631,12.7566,12.8733,12.8913,-0.017999999999998906,-0.1396,11607.87,16615.392
600976.SH,20120405,12.6219,12.9272,12.6219,12.8913,12.6578,0.23349999999999937,1.8447,17213.44,24564.71
600976.SH,20120330,12.6399,12.8105,12.5681,12.6578,12.7027,-0.04490000000000016,-0.3535,7738.88,10918.506
600976.SH,20120329,12.8553,13.0169,12.5232,12.7027,13.008,-0.305299999999999,-2.347,13598.37,19297.92
600976.SH,20120328,13.6902,13.7082,12.9272,13.008,13.6543,-0.6463000000000001,-4.7333,17953.72,26488.758
600976.SH,20120327,13.9147,13.9685,13.5376,13.6543,13.7441,-0.08980000000000032,-0.6534,15710.34,24029.523
600976.SH,20120326,13.7441,13.789,13.4748,13.7441,13.78,-0.03589999999999982,-0.2605,13108.03,19903.991
600976.SH,20120323,14.0852,14.0852,13.4837,13.78,14.1481,-0.3681000000000001,-2.6018,17870.81,27504.545
600976.SH,20120322,14.184,14.2917,14.1211,14.1481,14.3186,-0.17050000000000054,-1.1908,15836.91,25003.815
600976.SH,20120321,14.4712,14.5341,14.1211,14.3186,14.7136,-0.3949999999999996,-2.6846,35092.49,55669.9
600976.SH,20120319,14.3456,14.7226,14.2378,14.7136,14.4174,0.2961999999999989,2.0545,34344.35,55541.474
600976.SH,20120316,14.175,14.4353,13.9147,14.4174,14.0762,0.3412000000000006,2.4239,33205.33,52402.63
600976.SH,20120315,14.0493,14.3186,13.8249,14.0762,14.175,-0.09880000000000067,-0.697,23627.03,37038.56
600976.SH,20120314,14.57,14.9201,14.0044,14.175,14.5969,-0.42189999999999905,-2.8903,45485.19,73841.041
600976.SH,20120313,14.6777,14.7495,14.3366,14.5969,14.6149,-0.018000000000000682,-0.1232,22116.81,35623.725
600976.SH,20120312,14.5879,14.8573,14.4802,14.6149,14.5431,0.07179999999999964,0.4937,29452.58,48120.094
600976.SH,20120309,14.4443,14.57,14.2737,14.5431,14.4443,0.09880000000000067,0.684,19971.63,32146.83
600976.SH,20120308,14.3635,14.5879,14.184,14.4443,14.3007,0.14359999999999928,1.0041,20588.53,32992.136
600976.SH,20120307,14.2558,14.7944,14.184,14.3007,14.4533,-0.15259999999999962,-1.0558,33691.43,54476.296
600976.SH,20120306,14.1481,14.6149,14.0493,14.4533,14.3456,0.10770000000000124,0.7508,31466.81,50184.148
600976.SH,20120305,13.9236,14.552,13.9236,14.3456,13.8967,0.4489000000000001,3.2303,47637.6,76165.796
600976.SH,20120302,13.4658,13.9595,13.4658,13.8967,13.3491,0.5475999999999992,4.1021,36099.77,55176.616
600976.SH,20120301,13.2952,13.5107,13.2862,13.3491,13.3311,0.018000000000000682,0.135,13282.5,19784.622
600976.SH,20120229,13.4568,13.5556,13.2862,13.3311,13.7172,-0.3861000000000008,-2.8147,18211.36,27163.778
600976.SH,20120228,13.7351,13.8069,13.4837,13.7172,13.8608,-0.14359999999999928,-1.036,16849.28,25569.705
600976.SH,20120227,13.9416,14.184,13.8249,13.8608,13.8249,0.03589999999999982,0.2597,35222.52,54869.994
600976.SH,20120224,13.4837,13.8339,13.376,13.8249,13.4568,0.3681000000000001,2.7354,32652.04,49404.345
600976.SH,20120223,13.5645,13.6184,13.3222,13.4568,13.4568,0.0,0.0,14920.66,22311.969
600976.SH,20120222,13.2055,13.5107,13.1426,13.4568,13.1965,0.2602999999999991,1.9725,16996.71,25339.188
600976.SH,20120221,13.1067,13.2414,13.0259,13.1965,13.1875,0.009000000000000341,0.0682,8660.5,12680.966
600976.SH,20120220,13.4658,13.5376,13.1336,13.1875,13.2773,-0.08980000000000032,-0.6763,13167.53,19470.245
600976.SH,20120217,13.2952,13.4209,13.1965,13.2773,13.3401,-0.0627999999999993,-0.4708,6209.63,9208.782
600976.SH,20120216,13.2862,13.4748,13.1606,13.3401,13.3311,0.009000000000000341,0.0675,11975.62,17776.6
600976.SH,20120215,13.0169,13.3401,12.9541,13.3311,13.0618,0.26929999999999943,2.0617,14524.5,21289.385
600976.SH,20120214,13.1785,13.2683,12.9182,13.0618,13.1157,-0.0539000000000005,-0.411,9793.69,14198.053
600976.SH,20120213,12.9092,13.2683,12.9092,13.1157,13.0708,0.04490000000000016,0.3435,9235.76,13508.082
600976.SH,20120210,13.0349,13.1875,12.972,13.0708,13.0618,0.009000000000000341,0.0689,13226.52,19245.076
600976.SH,20120209,12.8464,13.0708,12.7656,13.0618,12.8284,0.2333999999999996,1.8194,19104.74,27584.477
600976.SH,20120208,12.7925,12.9451,12.5501,12.8284,12.7745,0.0539000000000005,0.4219,22190.79,31447.11
600976.SH,20120207,13.0887,13.0887,12.7297,12.7745,13.1606,-0.3861000000000008,-2.9338,6061.6,8669.173
600976.SH,20120206,12.8913,13.2324,12.8374,13.1606,12.9272,0.23340000000000138,1.8055,14267.39,20687.791
600976.SH,20120203,12.9272,13.0259,12.7656,12.9272,12.9541,-0.026900000000001256,-0.2077,11033.75,15868.335
600976.SH,20120202,12.8194,12.9631,12.6938,12.9541,12.8823,0.07179999999999964,0.5574,11074.85,15822.047
600976.SH,20120201,12.8374,12.999,12.7566,12.8823,12.9002,-0.01789999999999914,-0.1388,7151.71,10273.989
600976.SH,20120131,12.613,12.972,12.4334,12.9002,12.6399,0.2602999999999991,2.0594,6841.27,9714.618
600976.SH,20120130,12.613,12.7835,12.586,12.6399,12.7027,-0.0627999999999993,-0.4944,3672.42,5201.037
600976.SH,20120120,12.5052,12.7835,12.4334,12.7027,12.4693,0.2333999999999996,1.8718,5636.25,7957.128
600976.SH,20120119,12.4424,12.613,12.1192,12.4693,12.3526,0.1166999999999998,0.9447,6091.59,8468.386
600976.SH,20120118,12.7925,12.999,12.191,12.3526,12.6668,-0.3141999999999996,-2.4805,8120.92,11346.796
600976.SH,20120117,11.9666,12.7386,11.9666,12.6668,12.1551,0.5117000000000012,4.2098,8754.67,12126.308
600976.SH,20120116,12.6219,12.6758,11.8499,12.1551,12.7027,-0.547600000000001,-4.3109,9592.39,12958.604
600976.SH,20120113,12.8643,12.8643,12.5501,12.7027,12.7745,-0.07179999999999964,-0.5621,15370.23,21698.001
600976.SH,20120112,12.9272,13.008,12.7027,12.7745,12.9272,-0.1526999999999994,-1.1812,8058.5,11516.596
600976.SH,20120111,13.0439,13.1875,12.9092,12.9272,12.999,-0.07180000000000142,-0.5524,11338.27,16467.394
600976.SH,20120110,12.613,13.2144,12.595,12.999,12.6399,0.35909999999999975,2.841,21977.86,31867.254
600976.SH,20120109,12.3436,12.6578,12.1461,12.6399,12.1641,0.47580000000000133,3.9115,9127.01,12688.821
600976.SH,20120106,12.1192,12.4334,11.7332,12.1641,12.1461,0.017999999999998906,0.1482,7509.32,10166.615
600976.SH,20120105,12.5681,12.8194,11.8858,12.1461,12.8015,-0.6554000000000002,-5.1197,23272.49,31687.47
600976.SH,20120104,13.5556,13.78,12.7566,12.8015,13.5645,-0.7629999999999999,-5.625,16026.94,23631.388
600976.SH,20111230,13.6453,13.7979,13.4658,13.5645,13.6274,-0.06289999999999907,-0.4616,11965.5,18183.32
600976.SH,20111229,13.394,13.7531,13.2773,13.6274,13.394,0.2333999999999996,1.7426,13985.66,21284.195
600976.SH,20111228,13.2773,13.5107,13.1965,13.394,13.6004,-0.20640000000000036,-1.5176,20300.86,30170.508
600976.SH,20111227,14.4084,14.5431,13.5645,13.6004,14.5071,-0.906699999999999,-6.25,16463.67,25618.415
600976.SH,20111226,14.5431,14.9381,14.4174,14.5071,14.57,-0.06290000000000084,-0.4317,16867.88,27657.697
600976.SH,20111223,14.561,14.7675,14.4174,14.57,14.6777,-0.10769999999999946,-0.7338,22041.46,35881.592
600976.SH,20111222,14.0224,14.7226,13.8518,14.6777,14.1391,0.5386000000000006,3.8093,31377.81,50184.867
600976.SH,20111221,14.184,14.5251,14.0942,14.1391,14.0583,0.08079999999999998,0.5747,22650.93,36236.307
600976.SH,20111220,14.3276,14.4623,14.0493,14.0583,14.3815,-0.3232000000000017,-2.2473,15846.29,25037.757
600976.SH,20111219,14.0583,14.4982,13.8249,14.3815,14.0583,0.3232000000000017,2.299,23739.25,37589.139
600976.SH,20111216,13.3491,14.0762,13.0169,14.0583,13.1606,0.8976999999999986,6.8211,24502.24,37321.758
600976.SH,20111215,13.1247,13.394,13.1067,13.1606,13.2234,-0.0627999999999993,-0.4749,22223.12,32813.168
600976.SH,20111214,13.2593,13.4119,13.1785,13.2234,13.4478,-0.22440000000000104,-1.6687,6698.47,9909.317
600976.SH,20111213,13.78,13.9954,13.2503,13.4478,13.9236,-0.47579999999999956,-3.4172,15040.69,22584.297
600976.SH,20111212,14.0852,14.2558,13.8967,13.9236,13.9954,-0.07179999999999964,-0.513,21601.1,33939.15
600976.SH,20111209,14.1391,14.2378,13.8339,13.9954,14.175,-0.17960000000000065,-1.267,20640.05,32169.036
600976.SH,20111208,14.0942,14.4982,13.9685,14.175,14.2468,-0.07179999999999964,-0.504,24329.45,38490.778
600976.SH,20111207,13.771,14.4264,13.6543,14.2468,13.7172,0.5296000000000003,3.8608,45887.3,72619.749
600976.SH,20111206,13.6004,13.7531,13.1067,13.7172,13.5645,0.1526999999999994,1.1257,16814.88,25249.709
600976.SH,20111205,13.4748,13.771,13.2593,13.5645,13.6633,-0.09879999999999889,-0.7231,19507.88,29326.429
600976.SH,20111202,13.0349,13.7172,12.981,13.6633,12.981,0.6822999999999997,5.2561,32545.77,48649.682
600976.SH,20111201,13.1067,13.4568,12.9092,12.981,12.7207,0.2602999999999991,2.0463,18894.49,27683.482
600976.SH,20111130,13.5466,13.6004,12.4783,12.7207,13.5466,-0.825899999999999,-6.0967,20300.68,29300.413
600976.SH,20111129,13.4299,13.5915,13.3401,13.5466,13.2593,0.2873000000000001,2.1668,16786.05,25160.566
600976.SH,20111128,13.4478,13.6274,13.1067,13.2593,13.4568,-0.1974999999999998,-1.4677,10091.2,14976.915
600976.SH,20111125,13.4478,13.7531,13.2862,13.4568,13.5107,-0.0539000000000005,-0.3989,7432.57,11206.561
600976.SH,20111124,13.385,13.6992,13.1965,13.5107,13.5197,-0.009000000000000341,-0.0666,7559.18,11307.328
600976.SH,20111123,13.6723,13.78,13.4837,13.5197,13.5286,-0.008900000000000574,-0.0658,4444.6,6722.467
600976.SH,20111122,13.4209,13.5735,13.3581,13.5286,13.4837,0.04490000000000016,0.333,4132.01,6199.194
600976.SH,20111121,13.7172,13.771,13.3042,13.4837,13.6992,-0.2154999999999987,-1.5731,7760.42,11655.101
600976.SH,20111118,14.0942,14.2917,13.3311,13.6992,14.166,-0.466800000000001,-3.2952,19193.07,29482.148
600976.SH,20111117,14.175,14.4084,14.157,14.166,14.2648,-0.09879999999999889,-0.6926,5866.41,9334.821
600976.SH,20111116,14.6149,14.7226,14.184,14.2648,14.6238,-0.359,-2.4549,8187.87,13124.861
600976.SH,20111115,14.3366,14.7136,14.3186,14.6238,14.3815,0.2422999999999984,1.6848,14118.75,22860.782
600976.SH,20111114,14.166,14.4443,14.1032,14.3815,14.0403,0.3412000000000006,2.4301,12164.08,19365.415
600976.SH,20111111,14.2917,14.4623,13.9775,14.0403,14.3545,-0.3141999999999996,-2.1889,13636.11,21531.704
600976.SH,20111110,13.9595,14.5251,13.9236,14.3545,14.1301,0.22439999999999927,1.5881,16398.3,26100.14
600976.SH,20111109,14.1391,14.2109,13.8787,14.1301,14.0314,0.0987000000000009,0.7034,8633.28,13504.347
600976.SH,20111108,14.0673,14.166,13.9416,14.0314,14.0583,-0.02689999999999948,-0.1913,7910.75,12380.234
600976.SH,20111107,14.184,14.4264,14.0044,14.0583,14.2378,-0.17950000000000088,-1.2607,12027.96,19014.115
600976.SH,20111104,14.3186,14.5879,14.1391,14.2378,14.1929,0.04490000000000016,0.3164,11051.2,17603.861
600976.SH,20111103,14.4174,14.5879,14.184,14.1929,14.2917,-0.09880000000000067,-0.6913,19751.35,31825.544
600976.SH,20111102,13.6453,14.4443,13.4927,14.2917,13.789,0.5027000000000008,3.6457,26389.65,41022.235
600976.SH,20111101,13.8069,14.2019,13.6543,13.789,13.8428,-0.053800000000000736,-0.3886,25836.7,40055.212
600976.SH,20111031,13.6004,13.8518,13.5825,13.8428,13.6902,0.15259999999999962,1.1147,24242.76,37091.733
600976.SH,20111028,13.3042,13.7261,13.2414,13.6902,13.0887,0.6015000000000015,4.5956,37183.43,55909.816
600976.SH,20111027,13.2324,13.3222,13.0618,13.0887,13.2324,-0.14370000000000083,-1.086,13411.59,19679.939
600976.SH,20111026,12.7476,13.3491,12.7476,13.2324,12.8733,0.35909999999999975,2.7895,29147.87,42632.613
600976.SH,20111025,12.191,12.8913,12.1372,12.8733,12.1641,0.7092000000000009,5.8303,37339.07,51798.979
600976.SH,20111024,12.1641,12.4514,12.0115,12.1641,12.2898,-0.12570000000000014,-1.0228,32083.9,43773.901
600976.SH,20111021,12.4334,12.5322,12.1192,12.2898,12.4873,-0.1974999999999998,-1.5816,3906.3,5352.548
600976.SH,20111020,12.8015,12.8015,12.4334,12.4873,12.7566,-0.2693000000000012,-2.1111,13973.07,19581.65
600976.SH,20111019,13.3581,13.3581,12.6848,12.7566,13.3311,-0.5744999999999987,-4.3095,13332.2,19233.303
600976.SH,20111018,13.6094,13.6094,13.1516,13.3311,13.6274,-0.29630000000000045,-2.1743,9592.19,14212.613
600976.SH,20111017,13.9147,13.9147,13.6004,13.6274,13.7172,-0.08980000000000032,-0.6547,8724.2,13279.52
600976.SH,20111014,14.0673,14.0762,13.5915,13.7172,14.0134,-0.2962000000000007,-2.1137,5928.99,9097.359
600976.SH,20111013,13.9326,14.2378,13.9326,14.0134,14.1121,-0.09869999999999912,-0.6994,10357.42,16235.305
600976.SH,20111012,13.385,14.184,13.2593,14.1121,13.5825,0.5296000000000003,3.8991,19464.16,29932.114
600976.SH,20111011,13.9506,14.184,13.2055,13.5825,13.6453,-0.06280000000000108,-0.4602,7837.38,11807.143
600976.SH,20111010,14.0224,14.166,13.6453,13.6453,14.0852,-0.43989999999999974,-3.1231,5573.0,8535.979
600976.SH,20110930,14.2648,14.2648,13.8249,14.0852,14.1391,-0.05389999999999873,-0.3812,5191.9,8099.866
600976.SH,20110929,14.0403,14.3545,13.6633,14.1391,13.9685,0.17059999999999853,1.2213,11841.0,18494.546
600976.SH,20110928,13.9147,14.1032,13.7172,13.9685,13.8787,0.08980000000000032,0.647,7460.73,11631.401
600976.SH,20110927,14.3366,14.3366,13.5645,13.8787,13.9147,-0.03599999999999959,-0.2587,6195.27,9555.867
600976.SH,20110926,14.2289,14.4353,13.9147,13.9147,14.3276,-0.4129000000000005,-2.8819,4871.56,7661.807
600976.SH,20110923,14.3545,14.4712,14.2378,14.3276,14.5341,-0.20650000000000013,-1.4208,9081.02,14479.111
600976.SH,20110922,15.1266,15.1535,14.5251,14.5341,15.1625,-0.6283999999999992,-4.1444,6082.41,10083.003
600976.SH,20110921,14.6598,15.2882,14.6598,15.1625,14.7854,0.37710000000000043,2.5505,7101.24,11923.809
600976.SH,20110920,14.6508,14.8124,14.6059,14.7854,14.6508,0.13459999999999894,0.9187,3836.2,6283.215
600976.SH,20110919,14.9201,14.9201,14.6328,14.6508,14.9381,-0.2873000000000001,-1.9233,2791.34,4569.714
600976.SH,20110916,15.0009,15.2163,14.9111,14.9381,15.0009,-0.0627999999999993,-0.4186,2687.6,4490.697
600976.SH,20110915,14.9919,15.2163,14.965,15.0009,14.9919,0.009000000000000341,0.06,5957.2,9978.122
600976.SH,20110914,14.974,14.9919,14.552,14.9919,14.8842,0.10769999999999946,0.7236,7864.51,12995.206
600976.SH,20110913,15.0817,15.0817,14.7765,14.8842,15.1984,-0.3141999999999996,-2.0673,6774.63,11225.22
600976.SH,20110909,15.4318,15.6293,15.0817,15.1984,15.4408,-0.24239999999999995,-1.5699,4639.0,7928.061
600976.SH,20110908,15.6921,15.7729,15.4049,15.4408,15.6472,-0.20640000000000036,-1.3191,6019.08,10445.688
600976.SH,20110907,15.4138,15.7101,15.2612,15.6472,15.2433,0.40390000000000015,2.6497,10924.06,18862.744
600976.SH,20110906,15.1715,15.3779,15.0817,15.2433,15.2882,-0.04490000000000016,-0.2937,6880.1,11671.463
600976.SH,20110905,15.6293,15.6293,15.1804,15.2882,15.6293,-0.34110000000000085,-2.1824,7096.2,12097.155
600976.SH,20110902,15.8447,16.0512,15.5575,15.6293,15.9615,-0.3321999999999985,-2.0813,6489.0,11323.758
600976.SH,20110901,16.1589,16.3385,15.737,15.9615,16.1859,-0.22440000000000104,-1.3864,11030.0,19632.873
600976.SH,20110831,16.3385,16.3564,16.0243,16.1859,16.4552,-0.2693000000000012,-1.6366,9268.02,16705.685
600976.SH,20110830,16.6078,16.6078,16.0243,16.4552,16.4732,-0.01799999999999713,-0.1093,22041.38,40030.445
600976.SH,20110829,16.6168,16.7335,16.123,16.4732,16.7514,-0.2782000000000018,-1.6608,26218.62,47915.217
600976.SH,20110826,16.6168,16.9849,16.5001,16.7514,16.7604,-0.009000000000000341,-0.0537,24236.33,45386.779
600976.SH,20110825,15.8807,16.8771,15.8807,16.7604,15.9255,0.8349000000000011,5.2425,56407.42,103470.659
600976.SH,20110824,15.6652,16.3026,15.6293,15.9255,15.5305,0.3949999999999996,2.5434,54679.51,97401.379
600976.SH,20110823,15.4408,15.6024,15.1625,15.5305,15.2433,0.28720000000000034,1.8841,12570.89,21528.406
600976.SH,20110822,15.3959,15.6383,15.1715,15.2433,15.333,-0.08970000000000056,-0.585,10448.45,17914.124
600976.SH,20110819,14.7675,15.342,14.5431,15.333,15.0817,0.2513000000000005,1.6663,16493.67,27583.091
600976.SH,20110818,15.351,15.36,15.0278,15.0817,15.36,-0.27829999999999977,-1.8118,11985.43,20208.679
600976.SH,20110817,15.5844,15.6472,15.2702,15.36,15.6203,-0.26030000000000086,-1.6664,10442.09,17908.976
600976.SH,20110816,15.737,15.9345,15.5036,15.6203,15.6113,0.009000000000000341,0.0577,17494.71,30649.607
600976.SH,20110815,15.4587,15.7101,15.4587,15.6113,15.4857,0.12560000000000038,0.8111,22717.34,39491.305
600976.SH,20110812,15.4767,15.6562,15.3869,15.4857,15.3869,0.09879999999999889,0.6421,13325.61,23023.617
600976.SH,20110811,14.6059,15.4408,14.6059,15.3869,15.1355,0.2514000000000003,1.661,15842.59,26771.121
600976.SH,20110810,15.3959,15.4946,15.1086,15.1355,15.1086,0.026900000000001256,0.178,18747.55,31937.593
600976.SH,20110809,14.5071,15.1535,14.3725,15.1086,14.9381,0.17049999999999876,1.1414,22625.26,37405.671
600976.SH,20110808,15.4408,15.5216,14.5251,14.9381,15.737,-0.7988999999999997,-5.0766,30857.62,51594.099
600976.SH,20110805,16.2577,16.3475,15.4408,15.737,16.6976,-0.9606000000000012,-5.7529,38394.58,68086.239
600976.SH,20110804,16.6617,16.8322,16.5091,16.6976,16.6617,0.0359000000000016,0.2155,19589.72,36404.163
600976.SH,20110802,16.6617,16.6706,16.2487,16.6617,16.6886,-0.026900000000001256,-0.1612,19725.07,36110.92
600976.SH,20110801,16.7874,16.8861,16.6078,16.6886,16.7694,-0.08079999999999998,-0.4818,17404.56,32430.028
600976.SH,20110729,17.1464,17.2811,16.6527,16.7694,17.1105,-0.3410999999999973,-1.9935,18690.98,34988.634
600976.SH,20110728,17.326,17.326,17.0567,17.1105,17.4068,-0.29630000000000223,-1.7022,10500.81,20088.834
600976.SH,20110727,17.3439,17.5414,17.1105,17.4068,17.3529,0.05389999999999873,0.3106,18697.3,36056.257
600976.SH,20110726,17.2631,17.3709,17.0656,17.3529,17.1464,0.2065000000000019,1.2043,10485.35,20175.424
600976.SH,20110725,18.2417,18.2865,17.0567,17.1464,18.125,-0.9786000000000001,-5.3992,28803.0,56048.435
600976.SH,20110722,18.1339,18.3404,18.089,18.125,18.125,0.0,0.0,14817.55,30022.614
600976.SH,20110721,18.3763,18.5469,18.116,18.125,18.4571,-0.3321000000000005,-1.7993,14869.58,30346.37
600976.SH,20110720,18.5828,18.906,18.1519,18.4571,18.493,-0.035899999999998045,-0.1941,27436.43,56437.81
600976.SH,20110719,18.6636,18.8162,18.1339,18.493,19.0317,-0.5387000000000022,-2.8305,53258.37,109022.231
600976.SH,20110718,19.7857,20.2077,18.9419,19.0317,19.7857,-0.7539999999999978,-3.8108,53793.22,116219.077
600976.SH,20110715,19.1214,19.9563,19.0406,19.7857,19.1753,0.6103999999999985,3.1833,66505.15,145700.686
600976.SH,20110714,19.0765,19.3907,18.879,19.1753,18.9509,0.22439999999999927,1.1841,39414.89,84077.588
600976.SH,20110713,18.7444,19.0227,18.6905,18.9509,18.7893,0.16159999999999997,0.8601,22781.47,47943.573
600976.SH,20110712,18.7174,19.301,18.6546,18.7893,18.9239,-0.13459999999999894,-0.7113,36799.57,77981.993
600976.SH,20110711,18.2237,19.1663,18.125,18.9239,18.2147,0.7091999999999992,3.8936,38620.64,80673.85
600976.SH,20110708,18.1339,18.3135,17.9185,18.2147,18.098,0.11670000000000158,0.6448,15685.47,31710.644
600976.SH,20110707,18.098,18.1339,17.8377,18.098,17.9544,0.14359999999999928,0.7998,42471.79,85226.505
600976.SH,20110706,18.0352,18.116,17.73,17.9544,18.0531,-0.0987000000000009,-0.5467,28671.23,57338.732
600976.SH,20110705,18.1339,18.2057,17.8556,18.0531,18.2057,-0.15259999999999962,-0.8382,33816.34,67771.285
600976.SH,20110704,18.089,18.6726,17.9544,18.2057,17.9454,0.26030000000000086,1.4505,24533.11,50009.294
600976.SH,20110701,17.6402,18.107,17.6133,17.9454,17.5863,0.359099999999998,2.0419,28701.25,57220.801
600976.SH,20110630,17.0118,18.0442,17.0118,17.5863,16.9759,0.610400000000002,3.5957,15095.57,29624.529
600976.SH,20110629,17.2631,17.2631,16.9669,16.9759,17.2093,-0.2333999999999996,-1.3562,4627.07,8796.627
600976.SH,20110628,17.0836,17.2901,17.0567,17.2093,17.1644,0.044899999999998386,0.2616,4855.03,9279.235
600976.SH,20110627,17.1285,17.6851,17.1016,17.1644,17.1913,-0.026899999999997704,-0.1565,9230.29,17804.53
600976.SH,20110624,16.8771,17.5055,16.8771,17.1913,16.8951,0.2961999999999989,1.7532,9082.68,17503.846
600976.SH,20110623,16.6976,16.9489,16.6168,16.8951,16.7874,0.10769999999999769,0.6416,3239.9,6078.431
600976.SH,20110622,16.4642,17.0118,16.4642,16.7874,16.4732,0.31420000000000314,1.9073,4122.5,7694.709
600976.SH,20110621,16.7784,16.7963,16.4283,16.4732,16.5719,-0.0987000000000009,-0.5956,3547.25,6517.841
600976.SH,20110620,16.6078,16.8502,16.4372,16.5719,16.7604,-0.18850000000000122,-1.1247,4101.29,7580.696
600976.SH,20110617,16.4911,16.8771,16.4732,16.7604,16.518,0.24239999999999995,1.4675,4459.12,8274.148
600976.SH,20110616,16.8951,16.8951,16.4642,16.518,16.8951,-0.37709999999999866,-2.232,4878.3,9051.927
600976.SH,20110615,17.1734,17.2991,16.8861,16.8951,17.1554,-0.26030000000000086,-1.5173,4814.89,9174.957
600976.SH,20110614,17.0746,17.2542,16.9938,17.1554,17.0477,0.10770000000000124,0.6318,4627.73,8825.757
600976.SH,20110613,16.7784,17.1554,16.6078,17.0477,16.7784,0.26929999999999765,1.605,4355.64,8258.082
600976.SH,20110610,16.6903,16.8758,16.4782,16.7787,16.6991,0.07959999999999923,0.4767,5134.69,9701.116
600976.SH,20110609,17.0526,17.1409,16.6903,16.6991,17.0614,-0.3622999999999976,-2.1235,3111.09,5963.535
600976.SH,20110608,17.1232,17.1409,16.7875,17.0614,17.1144,-0.053000000000000824,-0.3097,4148.51,7965.373
600976.SH,20110607,16.92,17.2293,16.6991,17.1144,16.7787,0.3356999999999992,2.0008,7644.93,14753.521
600976.SH,20110603,16.6991,16.814,16.5136,16.7787,16.6108,0.1678999999999995,1.0108,5798.25,10986.125
600976.SH,20110602,16.5843,16.655,16.328,16.6108,16.7698,-0.15899999999999892,-0.9481,4428.5,8270.671
600976.SH,20110601,16.655,16.9554,16.3457,16.7698,16.5224,0.24739999999999895,1.4974,9108.09,17129.697
600976.SH,20110531,16.0541,16.6108,16.0276,16.5224,16.0188,0.5036000000000023,3.1438,7629.02,14203.427
600976.SH,20110530,16.4341,16.7875,15.9393,16.0188,16.6991,-0.6803000000000026,-4.0739,9297.12,17213.712
600976.SH,20110527,17.0084,17.2116,16.6108,16.6991,17.0967,-0.39759999999999707,-2.3256,5826.15,11079.456
600976.SH,20110526,17.3176,17.6622,17.0967,17.0967,17.4678,-0.371100000000002,-2.1245,6135.46,11999.291
600976.SH,20110525,17.353,17.7152,17.2469,17.4678,17.512,-0.04420000000000002,-0.2524,8271.85,16453.539
600976.SH,20110524,17.1232,17.5208,16.8758,17.512,17.2116,0.3003999999999998,1.7453,6236.25,12130.279
600976.SH,20110523,17.7771,17.7859,17.1674,17.2116,17.7682,-0.5565999999999995,-3.1326,8779.68,17295.413
600976.SH,20110520,17.2469,17.8301,17.1851,17.7682,17.3088,0.4593999999999987,2.6541,12758.18,25417.666
600976.SH,20110519,17.2734,17.3353,17.0702,17.3088,17.2646,0.04420000000000002,0.256,8829.81,17208.518
600976.SH,20110518,17.0967,17.3088,16.92,17.2646,16.9642,0.3003999999999998,1.7708,9963.21,19349.185
600976.SH,20110517,16.9642,17.2734,16.8847,16.9642,17.0084,-0.04420000000000002,-0.2599,9515.65,18349.087
600976.SH,20110516,17.2116,17.2293,16.9377,17.0084,16.973,0.03540000000000276,0.2086,4933.25,9535.708
600976.SH,20110513,17.0526,17.2558,16.8758,16.973,17.0967,-0.12369999999999948,-0.7235,7863.35,15107.661
600976.SH,20110512,17.406,17.4943,17.0791,17.0967,17.5032,-0.4065000000000012,-2.3224,6718.21,13170.615
600976.SH,20110511,17.5385,17.6269,17.3883,17.5032,17.5473,-0.04410000000000025,-0.2513,4215.92,8338.049
600976.SH,20110510,17.5915,17.8036,17.4325,17.5473,17.5915,-0.04420000000000002,-0.2513,5404.05,10743.675
600976.SH,20110509,17.4148,17.8478,17.3795,17.5915,17.4767,0.1147999999999989,0.6569,7053.35,14072.541
600976.SH,20110506,17.6269,17.6269,17.3971,17.4767,17.5915,-0.1147999999999989,-0.6526,18438.0,36526.14
600976.SH,20110505,17.4502,17.6887,17.2293,17.5915,17.4767,0.1147999999999989,0.6569,13546.47,26811.221
600976.SH,20110504,16.9642,17.5297,16.9554,17.4767,16.9907,0.48600000000000065,2.8604,20709.0,40700.997
600976.SH,20110503,16.6373,17.2734,16.4517,16.9907,16.6638,0.32690000000000197,1.9617,9894.65,19010.661
600976.SH,20110429,16.7963,16.7963,16.3546,16.6638,16.5754,0.08840000000000003,0.5333,7382.88,13887.0
600976.SH,20110428,17.0084,17.5827,16.4341,16.5754,17.1851,-0.6097000000000001,-3.5478,11137.98,21317.936
600976.SH,20110427,17.5827,17.7594,17.0261,17.1851,17.5915,-0.4064000000000014,-2.3102,11807.75,23139.352
600976.SH,20110426,17.4767,17.6269,17.2734,17.5915,17.5739,0.017600000000001614,0.1001,11375.33,22416.688
600976.SH,20110425,18.0156,18.1393,17.4767,17.5739,18.0245,-0.45060000000000144,-2.4999,24607.54,49418.696
600976.SH,20110422,18.855,18.9522,17.8124,18.0245,19.4028,-1.3782999999999994,-7.1036,57099.46,117346.696
600976.SH,20110420,18.5988,19.4205,18.4486,19.4028,18.5988,0.8039999999999985,4.3229,54953.14,117860.704
600976.SH,20110419,18.4662,18.7932,18.1658,18.5988,18.5723,0.02650000000000219,0.1427,14194.54,29610.359
600976.SH,20110418,18.2984,18.6253,18.157,18.5723,18.4309,0.1413999999999973,0.7672,7915.34,16407.538
600976.SH,20110415,18.5634,18.7755,18.2807,18.4309,18.6164,-0.18549999999999756,-0.9964,7386.65,15456.95
600976.SH,20110414,18.3514,18.7136,18.2542,18.6164,18.3514,0.264999999999997,1.444,12426.0,26123.694
600976.SH,20110413,17.9361,18.3602,17.8124,18.3514,17.8478,0.5036000000000023,2.8216,12295.36,25358.063
600976.SH,20110412,18.0951,18.2719,17.8212,17.8478,18.0951,-0.2472999999999992,-1.3667,8563.03,17417.176
600976.SH,20110411,18.3337,18.369,17.9891,18.0951,18.3249,-0.2298000000000009,-1.254,10266.75,21101.866
600976.SH,20110408,17.9891,18.3337,17.6887,18.3249,17.998,0.3268999999999984,1.8163,9453.33,19312.958
600976.SH,20110407,18.1393,18.3514,17.6357,17.998,18.369,-0.37099999999999866,-2.0197,27098.09,54857.882
600976.SH,20110406,18.643,18.9699,18.0951,18.369,18.8108,-0.44180000000000064,-2.3487,26253.92,54866.282
600976.SH,20110401,18.5104,18.8197,18.3779,18.8108,18.5104,0.3003999999999998,1.6229,10169.81,21482.024
600976.SH,20110331,18.9787,19.2968,18.104,18.5104,18.9787,-0.4682999999999993,-2.4675,15690.07,33067.695
600976.SH,20110330,18.5634,19.1731,18.5104,18.9787,18.9964,-0.01770000000000138,-0.0932,25031.44,53225.07
600976.SH,20110329,19.7032,19.9241,18.5988,18.9964,19.712,-0.7155999999999985,-3.6303,29047.59,62866.707
600976.SH,20110328,19.9418,19.9418,19.1908,19.712,19.9329,-0.22090000000000032,-1.1082,24848.07,54744.421
600976.SH,20110325,20.3217,20.3217,19.8269,19.9329,20.3217,-0.3887999999999998,-1.9132,17286.02,39048.875
600976.SH,20110324,20.1008,20.3217,19.9418,20.3217,20.1008,0.22090000000000032,1.099,11204.65,25597.44
600976.SH,20110323,20.2687,20.2952,19.8357,20.1008,20.2952,-0.19440000000000168,-0.9579,16344.13,36996.452
600976.SH,20110322,20.5514,20.5514,20.1273,20.2952,20.3217,-0.026499999999998636,-0.1304,21158.57,48563.532
600976.SH,20110321,20.0301,20.6133,19.9241,20.3217,20.0301,0.29159999999999897,1.4558,30920.58,71014.135
600976.SH,20110318,19.5265,20.304,19.5265,20.0301,19.5177,0.5123999999999995,2.6253,15391.74,34710.651
600976.SH,20110317,19.9506,19.9506,19.447,19.5177,20.0213,-0.5035999999999987,-2.5153,13071.29,28984.254
600976.SH,20110316,19.8623,20.1362,19.4735,20.0213,20.0478,-0.026499999999998636,-0.1322,15017.28,33845.034
600976.SH,20110315,20.1362,20.5249,19.2791,20.0478,20.145,-0.09720000000000084,-0.4825,19252.12,43456.536
600976.SH,20110314,19.6149,20.2245,19.4381,20.145,19.6237,0.5213000000000001,2.6565,21029.36,47646.733
600976.SH,20110311,19.5265,19.8181,19.3851,19.6237,19.5265,0.09720000000000084,0.4978,14696.2,32687.863
600976.SH,20110310,19.5265,19.6237,19.2614,19.5265,19.5265,0.0,0.0,10804.94,23741.182
600976.SH,20110309,19.5972,19.7651,19.3675,19.5265,19.5618,-0.035300000000002996,-0.1805,9525.17,21053.695
600976.SH,20110308,19.1112,19.5707,18.9964,19.5618,19.0494,0.5124000000000031,2.6898,13385.14,29260.19
600976.SH,20110307,19.0671,19.4381,18.8992,19.0494,19.1996,-0.15020000000000167,-0.7823,14585.18,31475.179
600976.SH,20110304,19.0671,19.3498,18.8197,19.1996,18.8197,0.37989999999999924,2.0186,11029.63,23741.526
600976.SH,20110303,19.7032,19.8534,18.7136,18.8197,19.7474,-0.927699999999998,-4.6978,26133.8,56833.473
600976.SH,20110302,19.8888,20.2333,19.2614,19.7474,19.9241,-0.1767000000000003,-0.8869,19802.2,44207.461
600976.SH,20110301,20.1803,20.4189,19.7562,19.9241,20.1627,-0.2386000000000017,-1.1834,28266.98,64200.116
600976.SH,20110228,20.0478,20.4984,19.9594,20.1627,20.1362,0.02650000000000219,0.1316,11801.15,26852.641
600976.SH,20110225,20.4101,20.7635,20.1273,20.1362,20.4719,-0.3357000000000028,-1.6398,18611.91,42946.112
600976.SH,20110224,20.5072,20.9402,20.2775,20.4719,20.5868,-0.11489999999999867,-0.5581,19581.63,45566.802
600976.SH,20110223,19.7739,20.6044,19.7032,20.5868,19.9594,0.6274000000000015,3.1434,32312.75,74385.252
600976.SH,20110222,19.6149,20.896,19.5442,19.9594,19.6944,0.264999999999997,1.3456,39834.67,91448.702
600976.SH,20110221,19.1731,19.8799,19.0317,19.6944,19.3321,0.3623000000000012,1.8741,19263.14,42675.751
600976.SH,20110218,19.8357,19.8357,19.3056,19.3321,19.8711,-0.5389999999999979,-2.7125,14554.97,32090.562
600976.SH,20110217,19.9064,20.1273,19.6414,19.8711,19.9418,-0.0707000000000022,-0.3545,10230.91,22933.535
600976.SH,20110216,19.6944,19.9594,19.5088,19.9418,19.7297,0.2120999999999995,1.075,9128.46,20459.617
600976.SH,20110215,19.8269,19.9594,19.6237,19.7297,19.8181,-0.08840000000000003,-0.4461,11118.02,24890.195
600976.SH,20110214,19.5442,20.039,19.2879,19.8181,19.5618,0.25629999999999953,1.3102,13198.01,29435.195
600976.SH,20110211,19.4381,19.659,19.1819,19.5618,19.4823,0.07950000000000301,0.4081,11087.73,24429.45
600976.SH,20110210,18.2895,19.5088,18.1923,19.4823,18.1835,1.2988,7.1427,14867.04,32058.123
600976.SH,20110209,18.5546,18.5546,18.1658,18.1835,18.6164,-0.43290000000000006,-2.3254,6721.4,13932.732
600976.SH,20110201,18.643,19.0671,18.4397,18.6164,18.8638,-0.2474000000000025,-1.3115,10118.86,21319.415
600976.SH,20110131,18.855,19.0936,18.5811,18.8638,18.8285,0.035300000000002996,0.1875,6530.76,13978.304
600976.SH,20110128,18.1128,18.8638,18.0686,18.8285,18.2984,0.5300999999999974,2.897,9078.58,19075.512
600976.SH,20110127,18.3337,18.5634,17.7152,18.2984,18.3514,-0.053000000000000824,-0.2888,11967.66,24682.358
600976.SH,20110126,18.3425,18.5281,18.0421,18.3514,18.3956,-0.04420000000000002,-0.2403,7907.65,16410.417
600976.SH,20110125,18.2012,18.4574,17.2469,18.3956,18.1217,0.27390000000000114,1.5114,14017.28,28344.477
600976.SH,20110124,19.5972,19.7032,17.9361,18.1217,19.659,-1.5372999999999983,-7.8198,27668.67,58120.964
600976.SH,20110121,19.7916,19.8888,19.4381,19.659,19.8711,-0.2120999999999995,-1.0674,15390.88,34183.861
600976.SH,20110120,20.9755,20.9755,19.606,19.8711,20.9314,-1.0603000000000016,-5.0656,19295.45,43875.909
600976.SH,20110119,20.357,20.9402,19.8976,20.9314,20.0213,0.9100999999999999,4.5457,15417.54,35872.561
600976.SH,20110118,20.304,20.3217,19.8269,20.0213,20.2599,-0.23859999999999815,-1.1777,5731.78,13006.874
600976.SH,20110117,21.4703,21.4703,20.0125,20.2599,21.5498,-1.289900000000003,-5.9857,13630.34,31357.948
600976.SH,20110114,21.5587,21.6294,21.2759,21.5498,21.5675,-0.01769999999999783,-0.0821,5025.06,12169.895
600976.SH,20110113,21.9121,22.0888,21.382,21.5675,21.7354,-0.1678999999999995,-0.7725,5015.71,12237.774
600976.SH,20110112,21.3731,21.7531,21.2053,21.7354,21.2848,0.4505999999999979,2.117,6793.2,16545.51
600976.SH,20110111,21.5322,21.7972,21.0992,21.2848,21.7707,-0.4859000000000009,-2.2319,10983.29,26535.549
600976.SH,20110110,22.4687,22.7515,21.2053,21.7707,22.4687,-0.6979999999999968,-3.1065,15530.08,38504.229
600976.SH,20110107,23.1491,23.2198,22.0711,22.4687,23.1579,-0.6892000000000031,-2.9761,20206.88,51793.173
600976.SH,20110106,22.7956,23.3965,22.5571,23.1579,22.9635,0.19440000000000168,0.8466,31837.16,83213.207
600976.SH,20110105,21.2141,23.3346,20.9579,22.9635,21.2141,1.7494000000000014,8.2464,78552.74,202741.918
600976.SH,20110104,20.145,21.382,19.7562,21.2141,20.1892,1.0248999999999988,5.0765,27825.56,65687.122
600976.SH,20101231,19.8799,20.2157,19.6679,20.1892,19.8181,0.37109999999999843,1.8725,12118.77,27306.266
600976.SH,20101230,18.9964,20.0125,18.8197,19.8181,18.9345,0.8836000000000013,4.6666,15395.25,33890.467
600976.SH,20101229,18.908,19.1201,18.6871,18.9345,18.8285,0.10600000000000165,0.563,13860.92,29667.587
600976.SH,20101228,19.7032,19.7386,18.6253,18.8285,19.7386,-0.9101000000000035,-4.6108,20388.51,43720.215
600976.SH,20101227,20.6751,20.8518,19.5177,19.7386,20.684,-0.9453999999999994,-4.5707,15577.45,35443.971
600976.SH,20101224,20.4631,20.8518,20.0743,20.684,20.7811,-0.09709999999999752,-0.4673,17130.1,39400.665
600976.SH,20101223,21.2053,21.5675,20.7635,20.7811,21.4438,-0.662700000000001,-3.0904,11318.72,26990.646
600976.SH,20101222,21.647,21.647,21.0374,21.4438,21.7442,-0.3003999999999998,-1.3815,18235.22,44032.838
600976.SH,20101221,21.2671,21.9121,20.6751,21.7442,21.3908,0.3534000000000006,1.6521,32955.1,79491.442
600976.SH,20101220,21.0285,21.4173,20.5691,21.3908,21.1699,0.22090000000000032,1.0435,18022.59,42777.575
600976.SH,20101217,21.3378,21.4792,20.8165,21.1699,21.488,-0.31810000000000116,-1.4804,23589.88,56231.919
600976.SH,20101216,21.7972,21.7972,21.2936,21.488,21.6912,-0.20319999999999894,-0.9368,13767.21,33456.345
600976.SH,20101215,22.0888,22.1772,21.5852,21.6912,22.0535,-0.3623000000000012,-1.6428,15957.63,39371.474
600976.SH,20101214,22.4952,22.4952,21.8944,22.0535,22.3097,-0.25619999999999976,-1.1484,12087.5,30242.462
600976.SH,20101213,21.594,22.4422,21.5675,22.3097,21.6294,0.680299999999999,3.1453,25847.45,64370.467
600976.SH,20101210,21.2406,21.7,21.2406,21.6294,21.5852,0.04420000000000002,0.2048,6642.91,16182.62
600976.SH,20101209,22.0004,22.0888,21.2406,21.5852,22.1065,-0.5213000000000001,-2.3581,14010.01,34119.687
600976.SH,20101208,21.9121,22.398,21.8237,22.1065,22.0181,0.08840000000000003,0.4015,15003.33,37781.888
600976.SH,20101207,21.647,22.0888,21.2053,22.0181,21.7354,0.28270000000000195,1.3006,12907.75,31911.941
600976.SH,20101206,21.7177,21.8679,21.2141,21.7354,21.6824,0.05299999999999727,0.2444,14672.57,35925.269
600976.SH,20101203,21.3201,21.8679,20.949,21.6824,21.3201,0.3623000000000012,1.6993,9846.18,23607.255
600976.SH,20101202,21.9033,22.0623,21.1699,21.3201,21.5145,-0.19440000000000168,-0.9036,16240.18,39529.656
600976.SH,20101201,21.5763,21.9121,21.0639,21.5145,21.6294,-0.11489999999999867,-0.5312,12920.23,31406.413
600976.SH,20101130,22.4246,22.4246,20.5868,21.6294,22.2655,-0.636099999999999,-2.8569,33486.11,81605.447
600976.SH,20101129,22.0888,22.5306,21.7884,22.2655,22.1507,0.1147999999999989,0.5183,29105.56,73291.087
600976.SH,20101126,22.2478,22.7073,21.7177,22.1507,22.2037,-0.053000000000000824,-0.2387,29267.47,73608.123
600976.SH,20101125,22.7161,23.3258,21.9651,22.2037,22.8222,-0.6184999999999974,-2.7101,42913.11,109644.184
600976.SH,20101124,21.8679,23.2374,21.7354,22.8222,22.0888,0.7333999999999996,3.3202,30796.21,78041.73
600976.SH,20101123,21.647,22.0888,21.2053,22.0888,21.382,0.7067999999999977,3.3056,36932.91,90804.222
600976.SH,20101122,20.8342,21.8237,20.5426,21.382,20.7723,0.6097000000000001,2.9352,30313.01,73194.144
600976.SH,20101119,19.6149,20.8342,19.1908,20.7723,19.4735,1.2988,6.6696,24049.33,54164.986
600976.SH,20101118,19.4381,19.7916,18.8992,19.4735,19.3056,0.16790000000000305,0.8697,15635.51,34302.317
600976.SH,20101117,20.0566,20.2333,19.1377,19.3056,20.357,-1.051400000000001,-5.1648,26188.44,58096.751
600976.SH,20101116,20.7635,21.2053,20.145,20.357,20.7635,-0.4065000000000012,-1.9578,46659.94,109475.64
600976.SH,20101115,18.9964,20.79,18.9964,20.7635,18.8992,1.8643,9.8644,39035.18,89010.61
600976.SH,20101112,19.9329,20.3217,18.7401,18.8992,20.0655,-1.1662999999999997,-5.8125,40022.63,87899.197
600976.SH,20101111,20.2245,20.7105,20.0478,20.0655,20.3217,-0.25619999999999976,-1.2607,26919.99,62073.419
600976.SH,20101110,20.0125,21.382,20.0125,20.3217,20.1096,0.2120999999999995,1.0547,29536.69,69108.049
600976.SH,20101109,19.5618,20.5868,19.5353,20.1096,19.5618,0.5477999999999987,2.8004,32347.54,73802.551
600976.SH,20101108,18.6518,19.5972,18.5811,19.5618,18.5811,0.9807000000000023,5.2779,27925.36,60627.318
600976.SH,20101105,19.4381,19.4381,18.5546,18.5811,19.1024,-0.5213000000000001,-2.729,27166.16,58395.35
600976.SH,20101104,18.2012,19.1466,18.2012,19.1024,18.2012,0.9011999999999993,4.9513,21294.91,45257.743
600976.SH,20101103,18.7136,19.1731,18.1923,18.2012,18.6871,-0.4859000000000009,-2.6002,16926.01,35758.793
600976.SH,20101102,19.0847,19.2791,18.6606,18.6871,19.1466,-0.45949999999999847,-2.3999,25555.05,54733.021
600976.SH,20101101,17.9803,19.1731,17.9803,19.1466,18.0951,1.0515000000000008,5.811,34427.26,73358.493
600976.SH,20101029,17.6269,18.2542,17.406,18.0951,17.6357,0.4593999999999987,2.6049,20946.24,42302.537
600976.SH,20101028,17.671,17.8301,17.3618,17.6357,17.8566,-0.22090000000000032,-1.2371,21627.08,42925.097
600976.SH,20101027,18.3779,18.5546,17.7064,17.8566,17.9891,-0.13250000000000028,-0.7366,30700.01,63242.303
600976.SH,20101026,17.6622,18.1128,17.2293,17.9891,17.6004,0.38870000000000005,2.2085,32023.94,64105.236
600976.SH,20101025,17.406,17.8919,17.406,17.6004,17.4148,0.18560000000000088,1.0658,19938.22,39858.455
600976.SH,20101022,16.8758,17.6269,16.8052,17.4148,16.8758,0.5389999999999979,3.1939,31015.99,61059.939
600976.SH,20101021,16.7698,17.0349,16.5224,16.8758,16.8228,0.053000000000000824,0.315,20745.46,39370.156
600976.SH,20101020,15.9304,17.0526,15.7714,16.8228,16.1778,0.6449999999999996,3.9869,38842.39,73231.241
600976.SH,20101019,15.9128,16.3457,15.7802,16.1778,16.1072,0.07060000000000244,0.4383,27583.06,50346.912
600976.SH,20101018,15.8156,16.169,15.1176,16.1072,15.9039,0.2032999999999987,1.2783,36661.7,64226.339
600976.SH,20101015,16.4076,16.6991,15.7979,15.9039,16.5048,-0.6008999999999993,-3.6408,39688.27,72510.461
600976.SH,20101014,17.2734,17.5385,16.2485,16.5048,17.3618,-0.8569999999999993,-4.9361,45018.44,84613.85
600976.SH,20101013,17.618,17.618,16.9642,17.3618,17.6357,-0.27390000000000114,-1.5531,28778.75,56239.079
600976.SH,20101012,17.8124,18.1217,17.6004,17.6357,17.9096,-0.27390000000000114,-1.5293,32954.79,66481.631
600976.SH,20101011,17.7152,18.0421,17.3,17.9096,17.5915,0.31810000000000116,1.8083,56156.01,112249.499
600976.SH,20101008,17.0084,17.6445,16.7963,17.5915,16.7963,0.7952000000000012,4.7344,28326.0,55505.824
600976.SH,20100930,16.5048,16.92,16.4782,16.7963,16.5843,0.21199999999999974,1.2783,24888.85,47243.178
600976.SH,20100929,17.0437,17.1056,16.5048,16.5843,17.0791,-0.49480000000000146,-2.8971,24820.65,46969.609
600976.SH,20100928,17.406,17.5827,17.0526,17.0791,17.3971,-0.31799999999999784,-1.8279,23162.78,45172.793
600976.SH,20100927,16.8758,17.4413,16.8493,17.3971,16.8405,0.5565999999999995,3.3051,25894.52,50287.83
600976.SH,20100921,16.5578,17.0702,16.5489,16.8405,16.4959,0.3445999999999998,2.089,26218.98,49866.289
600976.SH,20100920,16.9642,17.1851,16.3015,16.4959,16.9554,-0.459500000000002,-2.7101,30528.14,57494.442
600976.SH,20100917,17.0437,17.1851,16.7963,16.9554,17.618,-0.6625999999999976,-3.7609,51181.77,98521.563
600976.SH,20100914,17.5915,17.7594,17.4325,17.618,17.5915,0.026499999999998636,0.1506,30028.68,59858.793
600976.SH,20100913,17.4943,18.1128,17.3353,17.5915,17.3618,0.22970000000000113,1.323,30643.29,60781.736
600976.SH,20100910,16.9377,17.6622,16.92,17.3618,16.8405,0.5213000000000001,3.0955,40046.82,78741.685
600976.SH,20100909,17.1409,17.5473,16.7875,16.8405,16.8758,-0.035300000000002996,-0.2092,49607.15,96255.191
600976.SH,20100908,16.0365,16.9995,15.9128,16.8758,16.0453,0.8305000000000007,5.176,41853.41,78807.35
600976.SH,20100907,15.9923,16.063,15.6477,16.0453,15.8951,0.15020000000000167,0.9449,18129.22,32508.067
600976.SH,20100906,16.328,16.3457,15.7714,15.8951,16.169,-0.27390000000000114,-1.694,38737.32,70071.54
600976.SH,20100903,16.2574,16.7521,16.0541,16.169,16.3104,-0.14140000000000086,-0.8669,39582.71,73328.523
600976.SH,20100902,16.0365,16.4164,15.8156,16.3104,15.7626,0.5478000000000005,3.4753,25773.97,47309.549
600976.SH,20100901,15.8067,16.063,15.4622,15.7626,15.957,-0.1943999999999999,-1.2183,36570.57,65373.267
600976.SH,20100831,15.6212,16.2574,15.6212,15.957,15.7184,0.23859999999999992,1.518,35938.11,65262.186
600976.SH,20100830,15.2678,15.7891,15.0469,15.7184,15.2413,0.4771000000000001,3.1303,46791.43,82075.61
600976.SH,20100827,15.4533,15.4533,15.0204,15.2413,15.2324,0.008900000000000574,0.0584,25518.17,43888.257
600976.SH,20100826,14.985,15.2678,14.7377,15.2324,14.9585,0.27389999999999937,1.8311,30654.37,51921.134
600976.SH,20100825,14.8172,15.2413,14.5168,14.9585,14.8702,0.08830000000000027,0.5938,62295.97,105839.628
600976.SH,20100824,14.181,14.9585,14.181,14.8702,13.9159,0.9542999999999999,6.8576,59868.89,99193.394
600976.SH,20100823,14.3931,14.5786,13.7657,13.9159,14.4019,-0.4859999999999989,-3.3746,38951.08,61894.717
600976.SH,20100820,14.7553,15.1264,14.2252,14.4019,14.7465,-0.3445999999999998,-2.3368,35359.65,59055.206
600976.SH,20100819,14.6846,14.8879,14.6316,14.7465,14.7377,0.00879999999999903,0.0597,30674.64,51320.054
600976.SH,20100818,14.9409,14.9939,14.5168,14.7377,14.9409,-0.20319999999999894,-1.36,33484.64,55954.839
600976.SH,20100817,14.9232,15.1794,14.8172,14.9409,14.932,0.008899999999998798,0.0596,24925.0,42270.781
600976.SH,20100816,14.4019,15.1176,14.3754,14.932,14.4461,0.4859000000000009,3.3635,53953.3,91024.576
600976.SH,20100813,13.8983,14.5786,13.8983,14.4461,13.9336,0.5124999999999993,3.6782,25003.49,40121.613
600976.SH,20100812,14.0131,14.1368,13.8806,13.9336,14.234,-0.3003999999999998,-2.1104,25111.36,39755.959
600976.SH,20100811,14.0485,14.3931,13.9778,14.234,14.0838,0.1501999999999999,1.0665,16871.99,27052.568
600976.SH,20100810,14.7111,14.7553,14.0573,14.0838,14.6758,-0.5920000000000005,-4.0339,23584.94,38421.002
600976.SH,20100809,14.5344,14.7553,14.2252,14.6758,14.4814,0.1943999999999999,1.3424,33684.67,55436.094
600976.SH,20100806,14.1545,14.6228,14.1457,14.4814,14.2517,0.22970000000000113,1.6117,40915.2,66914.372
600976.SH,20100805,13.642,14.4284,13.5537,14.2517,13.589,0.6626999999999992,4.8767,44503.2,71096.099
600976.SH,20100804,13.3505,13.6244,13.2533,13.589,13.377,0.21199999999999974,1.5848,17960.82,27365.322
600976.SH,20100803,13.7039,13.7392,13.3328,13.377,13.6332,-0.25619999999999976,-1.8792,23229.87,35462.552
600976.SH,20100802,13.43,13.6509,13.3151,13.6332,13.4388,0.1943999999999999,1.4466,33145.3,50636.684
600976.SH,20100730,13.6509,13.6597,13.2091,13.4388,13.6244,-0.1855999999999991,-1.3623,34189.03,51646.552
600976.SH,20100729,13.7392,14.0927,13.589,13.6244,13.7392,-0.11480000000000068,-0.8356,25065.99,39114.342
600976.SH,20100728,13.6244,13.8894,13.3858,13.7392,13.642,0.09720000000000084,0.7125,28309.74,43757.328
600976.SH,20100727,13.2621,14.1103,13.2621,13.642,13.3505,0.2914999999999992,2.1834,42372.09,65687.945
600976.SH,20100726,12.6436,13.642,12.5995,13.3505,12.6436,0.706900000000001,5.591,36193.84,54034.169
600976.SH,20100723,12.7232,12.838,12.5464,12.6436,12.7585,-0.11490000000000045,-0.9006,11440.58,16416.728
600976.SH,20100722,12.7232,12.8115,12.5729,12.7585,12.7762,-0.017699999999999605,-0.1385,14222.98,20429.294
600976.SH,20100721,12.6613,12.8999,12.5553,12.7762,12.6613,0.11489999999999867,0.9075,23870.62,34326.046
600976.SH,20100720,12.1488,12.8027,12.1488,12.6613,12.2725,0.3887999999999998,3.1681,35233.24,50291.78
600976.SH,20100719,11.8838,12.3256,11.8573,12.2725,12.087,0.1855000000000011,1.5347,36095.22,49822.223
600976.SH,20100716,11.6717,12.0958,11.6275,12.087,11.6452,0.44179999999999886,3.7938,27054.38,36344.278
600976.SH,20100715,11.6452,11.6894,11.4862,11.6452,11.6275,0.01770000000000138,0.1522,11410.58,15012.494
600976.SH,20100714,11.495,11.7247,11.495,11.6275,11.5392,0.08830000000000027,0.7652,9870.61,12966.282
600976.SH,20100713,11.7336,11.7336,11.4597,11.5392,11.7424,-0.2032000000000007,-1.7305,10624.05,13888.173
600976.SH,20100712,11.8573,11.981,11.4862,11.7424,11.8749,-0.13250000000000028,-1.1158,20273.03,27048.768
600976.SH,20100709,11.7159,11.9368,11.548,11.8749,11.7159,0.1590000000000007,1.3571,16962.3,22705.903
600976.SH,20100708,11.6717,11.7866,11.5922,11.7159,11.5745,0.14139999999999908,1.2217,13238.28,17518.929
600976.SH,20100707,11.5304,11.7336,11.4862,11.5745,11.5922,-0.017699999999999605,-0.1527,13445.63,17668.538
600976.SH,20100706,11.3095,11.8573,11.1769,11.5922,11.4597,0.13250000000000028,1.1562,24926.13,32724.101
600976.SH,20100705,11.2211,11.6275,11.1504,11.4597,11.0886,0.3711000000000002,3.3467,31181.2,40283.474
600976.SH,20100702,10.5761,11.1151,10.4259,11.0886,10.5761,0.5124999999999993,4.8458,42491.4,51588.132
600976.SH,20100701,11.2476,11.4332,10.3376,10.5761,11.1769,-0.6007999999999996,-5.3754,38376.25,47296.694
600976.SH,20100630,11.2123,11.283,10.8412,11.1769,11.3448,-0.1678999999999995,-1.48,20195.5,25275.23
600976.SH,20100629,11.8661,11.9898,11.3095,11.3448,11.8484,-0.5036000000000005,-4.2504,19328.99,25340.707
600976.SH,20100628,11.9368,12.0163,11.7866,11.8484,11.9368,-0.08840000000000003,-0.7406,14462.68,19451.24
600976.SH,20100625,11.8396,12.1488,11.6452,11.9368,11.8749,0.06189999999999962,0.5213,22327.76,30026.821
600976.SH,20100624,11.8396,11.928,11.6541,11.8749,11.8396,0.03529999999999944,0.2982,17685.48,23597.1
600976.SH,20100623,11.8838,11.9633,11.6806,11.8396,11.8926,-0.05299999999999905,-0.4457,21920.02,29258.836
600976.SH,20100622,11.8573,12.0163,11.7954,11.8926,11.9191,-0.026500000000000412,-0.2223,16529.27,22229.848
600976.SH,20100621,11.8396,11.928,11.5745,11.9191,11.7601,0.1590000000000007,1.352,31695.58,42179.776
600976.SH,20100618,12.1753,12.1842,11.4862,11.7601,12.2019,-0.44180000000000064,-3.6207,33342.51,44398.523
600976.SH,20100617,12.6436,12.8115,12.193,12.2019,12.6171,-0.41520000000000046,-3.2908,22820.94,32083.837
600976.SH,20100611,12.7673,12.9087,12.5995,12.6171,12.7585,-0.14139999999999908,-1.1083,13668.36,19712.816
600976.SH,20100610,12.8999,12.9529,12.6525,12.7585,12.891,-0.13250000000000028,-1.0278,21396.16,30996.386
600976.SH,20100609,12.679,12.9971,12.6348,12.891,12.6171,0.27389999999999937,2.1709,24549.9,35713.341
600976.SH,20100608,12.246,12.7232,12.1577,12.6171,12.2549,0.3622000000000014,2.9556,29316.49,41617.276
600976.SH,20100607,11.9721,12.3167,11.9368,12.2549,12.2725,-0.017600000000001614,-0.1434,9663.52,13297.897
600976.SH,20100604,12.1135,12.3256,12.0605,12.2725,12.1223,0.15020000000000167,1.239,8030.01,11081.705
600976.SH,20100603,12.3697,12.4934,12.1135,12.1223,12.2637,-0.14140000000000086,-1.153,15426.25,21503.672
600976.SH,20100602,12.0251,12.3079,11.9191,12.2637,12.1842,0.07949999999999946,0.6525,13057.62,17909.231
600976.SH,20100601,12.5023,12.6083,12.0163,12.1842,12.6348,-0.45059999999999967,-3.5663,21369.16,29670.2
600976.SH,20100531,12.9705,13.1384,12.6171,12.6348,13.0766,-0.44179999999999886,-3.3786,36137.03,52669.273
600976.SH,20100528,12.9087,13.1649,12.8203,13.0766,12.8203,0.25629999999999953,1.9992,31193.23,45947.244
600976.SH,20100527,12.679,12.8557,12.4493,12.8203,12.7497,0.07059999999999889,0.5537,26556.5,38192.764
600976.SH,20100526,12.6701,12.9971,12.6083,12.7497,12.7673,-0.017599999999999838,-0.1379,21394.79,31004.752
600976.SH,20100525,12.4404,12.9529,12.4227,12.7673,12.6083,0.1590000000000007,1.2611,42020.1,60805.221
600976.SH,20100524,12.1047,12.8027,12.0163,12.6083,11.928,0.680299999999999,5.7034,37028.68,52578.754
600976.SH,20100521,11.4862,12.087,11.3095,11.928,11.9191,0.008900000000000574,0.0747,28753.32,38175.317
600976.SH,20100520,12.246,12.626,11.8396,11.9191,12.3874,-0.4682999999999993,-3.7805,27342.55,37926.529
600976.SH,20100519,12.0605,12.4669,11.9014,12.3874,12.1047,0.2827000000000002,2.3355,25440.8,35298.123
600976.SH,20100518,11.6629,12.2372,11.5745,12.1047,11.7336,0.3711000000000002,3.1627,24453.76,32900.044
600976.SH,20100517,12.3786,12.5111,11.6629,11.7336,12.5729,-0.8393000000000015,-6.6755,29762.14,40620.619
600976.SH,20100514,12.2725,12.7938,11.9368,12.5729,12.3962,0.1767000000000003,1.4254,30189.82,42723.387
600976.SH,20100513,12.0251,12.4669,11.5304,12.3962,12.0075,0.38870000000000005,3.2371,41609.66,56327.209
600976.SH,20100512,12.3344,12.626,11.8396,12.0075,12.3344,-0.3269000000000002,-2.6503,31126.47,42662.358
600976.SH,20100511,12.8999,12.9882,12.299,12.3344,12.6348,-0.3003999999999998,-2.3776,23553.64,33487.716
600976.SH,20100510,13.536,13.5625,12.4581,12.6348,13.4477,-0.8128999999999991,-6.0449,39549.29,57652.707
600976.SH,20100507,13.43,14.0043,13.2533,13.4477,13.8453,-0.3976000000000006,-2.8717,25822.43,39655.005
600976.SH,20100506,14.0485,14.1103,13.8188,13.8453,14.0131,-0.16779999999999973,-1.1975,37834.26,59815.153
600976.SH,20100505,13.642,14.0573,13.43,14.0131,13.6509,0.36219999999999963,2.6533,25935.81,40710.653
600976.SH,20100504,13.1473,13.6862,12.9705,13.6509,13.3151,0.33580000000000076,2.5219,24986.34,38304.759
600976.SH,20100430,13.8541,13.8718,13.0589,13.3151,13.8718,-0.5567000000000011,-4.0132,29631.91,44779.332
600976.SH,20100429,14.1368,14.5698,13.7834,13.8718,14.0485,-0.1767000000000003,-1.2578,46859.76,75931.751
600976.SH,20100428,13.9866,14.287,13.7127,14.0485,13.9425,0.10599999999999987,0.7603,31256.96,49600.88
600976.SH,20100427,14.7111,14.8879,13.5537,13.9425,14.7023,-0.7597999999999985,-5.1679,46804.75,74692.093
600976.SH,20100426,14.5874,14.9232,14.4019,14.7023,14.6405,0.061799999999999855,0.4221,24537.48,40609.828
600976.SH,20100423,15.2093,15.4719,14.1498,14.6401,15.148,-0.5078999999999994,-3.3529,65575.23,112635.349
600976.SH,20100422,14.9291,15.4719,14.9115,15.148,15.1655,-0.01750000000000007,-0.1154,49832.21,86563.266
600976.SH,20100421,14.8415,15.2793,14.6576,15.1655,14.859,0.3064999999999998,2.0627,56069.74,96230.462
600976.SH,20100420,14.141,14.9378,14.0184,14.859,14.2023,0.6567000000000007,4.6239,66745.85,110033.596
600976.SH,20100419,14.6664,15.0429,14.1848,14.2023,14.789,-0.5867000000000004,-3.9671,58982.35,98190.192
600976.SH,20100416,15.3756,15.3756,14.7539,14.789,15.3844,-0.5953999999999997,-3.8702,53766.48,91816.422
600976.SH,20100415,15.3494,15.577,15.1567,15.3844,15.3231,0.061299999999999244,0.4,54169.38,94654.899
600976.SH,20100414,14.789,15.5858,14.789,15.3231,14.789,0.5341000000000005,3.6115,74918.49,131209.418
600976.SH,20100413,15.0166,15.1917,14.4125,14.789,14.8853,-0.09630000000000116,-0.6469,99235.41,167426.454
600976.SH,20100412,14.1147,14.9115,14.1147,14.8853,14.0359,0.849400000000001,6.0516,106946.77,178059.918
600976.SH,20100409,14.0535,14.2111,13.8871,14.0359,14.0535,-0.017599999999999838,-0.1252,37274.58,59557.125
600976.SH,20100408,13.9922,14.2286,13.7733,14.0535,14.0184,0.03509999999999991,0.2504,58039.0,92564.528
600976.SH,20100407,14.141,14.4913,13.9396,14.0184,14.1585,-0.14010000000000034,-0.9895,89657.98,145744.062
600976.SH,20100406,13.5631,14.1848,13.4405,14.1585,13.4756,0.6829000000000001,5.0677,80900.33,128045.76
600976.SH,20100402,13.712,13.8696,13.4405,13.4756,13.747,-0.27139999999999986,-1.9742,51177.58,79287.742
600976.SH,20100401,13.5806,13.9747,13.5806,13.747,13.5719,0.17510000000000048,1.2902,49959.7,78808.482
600976.SH,20100331,13.4843,13.747,13.4843,13.5719,13.5719,0.0,0.0,41976.6,65422.775
600976.SH,20100330,13.5193,13.5894,13.2917,13.5719,13.5193,0.05259999999999998,0.3891,38239.89,58705.587
600976.SH,20100329,13.6769,13.747,13.3968,13.5193,13.6769,-0.1576000000000004,-1.1523,52734.57,81517.848
600976.SH,20100326,13.8958,13.9046,13.3968,13.6769,13.8871,-0.2102000000000004,-1.5136,64617.21,100387.984
600976.SH,20100325,13.747,14.0797,13.6157,13.8871,13.7295,0.1576000000000004,1.1479,113896.96,180005.208
600976.SH,20100324,13.353,14.3161,13.353,13.7295,13.2304,0.4991000000000003,3.7724,145312.99,228483.802
600976.SH,20100323,12.8276,13.3092,12.7751,13.2304,12.7751,0.45529999999999937,3.564,65178.0,97601.492
600976.SH,20100319,12.7926,12.8013,12.6175,12.7751,12.705,0.07010000000000005,0.5518,15565.19,22632.228
600976.SH,20100318,12.7138,12.9064,12.6,12.705,12.7138,-0.008800000000000807,-0.0692,17529.52,25496.378
600976.SH,20100317,12.5211,12.7488,12.311,12.7138,12.4073,0.30650000000000155,2.4703,30892.96,44472.479
600976.SH,20100316,12.3285,12.5211,12.2234,12.4073,12.3285,0.07879999999999932,0.6392,21745.65,30652.449
600976.SH,20100315,12.6087,12.7751,12.1884,12.3285,12.705,-0.37650000000000006,-2.9634,32005.65,45104.805
600976.SH,20100312,12.9414,13.0027,12.5211,12.705,12.7663,-0.061299999999999244,-0.4802,38291.38,56172.688
600976.SH,20100311,12.74,13.029,12.346,12.7663,12.74,0.026299999999999102,0.2064,41276.21,59491.962
600976.SH,20100310,13.0202,13.0815,12.6612,12.74,13.0465,-0.3064999999999998,-2.3493,25803.25,37881.467
600976.SH,20100309,13.0903,13.1341,12.9502,13.0465,13.0815,-0.03500000000000014,-0.2676,29200.0,43476.592
600976.SH,20100308,13.1341,13.2129,12.9327,13.0815,13.0465,0.03500000000000014,0.2683,39685.98,59251.367
600976.SH,20100305,12.6437,13.1341,12.4861,13.0465,12.6175,0.42900000000000027,3.4,42667.88,62312.924
600976.SH,20100304,13.2216,13.3792,12.5299,12.6175,13.2129,-0.5953999999999997,-4.5062,48978.34,72730.195
600976.SH,20100303,13.1253,13.2654,12.8889,13.2129,13.0553,0.15759999999999863,1.2072,45315.57,67700.894
600976.SH,20100302,13.099,13.1603,12.9765,13.0553,13.099,-0.043699999999999406,-0.3336,36430.07,54323.885
600976.SH,20100301,13.0115,13.2829,13.0115,13.099,13.0728,0.026199999999999335,0.2004,48065.57,72155.993
600976.SH,20100226,13.1166,13.4493,12.9414,13.0728,13.5806,-0.5077999999999996,-3.7392,139787.26,210530.296
600976.SH,20100225,13.5368,13.7032,13.3267,13.5806,13.5456,0.03500000000000014,0.2584,74317.14,114582.793
600976.SH,20100224,13.2216,13.6857,13.1603,13.5456,13.4493,0.09630000000000116,0.716,67537.56,104009.871
600976.SH,20100223,12.5649,13.5281,12.5474,13.4493,12.4686,0.9806999999999988,7.8654,90965.09,135812.391
600976.SH,20100222,12.5824,12.5912,12.3898,12.4686,12.5912,-0.12260000000000026,-0.9737,17308.95,24645.485
600976.SH,20100212,12.4336,12.6175,12.3635,12.5912,12.4511,0.14010000000000034,1.1252,19645.63,28035.585
600976.SH,20100211,12.0658,12.4774,12.0658,12.4511,12.0483,0.40280000000000094,3.3432,26505.91,37167.427
600976.SH,20100210,11.9958,12.2234,11.9257,12.0483,11.9257,0.12259999999999849,1.028,20477.29,28254.44
600976.SH,20100209,12.0133,12.0133,11.8119,11.9257,12.0045,-0.07879999999999932,-0.6564,21108.04,28625.053
600976.SH,20100208,12.1621,12.2322,11.7331,12.0045,12.1797,-0.17520000000000024,-1.4385,22849.99,31108.19
600976.SH,20100205,12.1709,12.2322,11.9958,12.1797,12.3723,-0.19259999999999877,-1.5567,33604.15,46447.174
600976.SH,20100204,12.2585,12.5211,12.0396,12.3723,12.3285,0.04379999999999917,0.3553,30798.0,43594.354
600976.SH,20100203,12.5036,12.6087,11.3916,12.3285,12.4949,-0.16639999999999944,-1.3317,57708.02,78783.453
600976.SH,20100202,12.9852,13.099,12.3548,12.4949,12.8801,-0.3852000000000011,-2.9907,32484.44,47276.557
600976.SH,20100201,12.6963,12.9327,12.3898,12.8801,12.8364,0.04370000000000118,0.3404,30202.45,43838.089
600976.SH,20100129,12.6788,13.029,12.5737,12.8364,12.74,0.09639999999999915,0.7567,38840.24,56925.403
600976.SH,20100128,12.4336,12.8626,12.3811,12.74,12.5649,0.17510000000000048,1.3936,20452.96,29559.755
600976.SH,20100127,12.6788,12.7488,12.3548,12.5649,12.67,-0.1051000000000002,-0.8295,24852.87,35562.398
600976.SH,20100126,12.9502,12.9852,12.3898,12.67,12.7838,-0.11379999999999946,-0.8902,28253.91,40911.393
600976.SH,20100125,13.0465,13.2041,12.6087,12.7838,13.2742,-0.49040000000000106,-3.6944,25875.06,38247.476
600976.SH,20100122,13.3442,13.4931,12.8714,13.2742,13.7382,-0.4640000000000004,-3.3774,49918.63,75499.428
600976.SH,20100121,13.9922,14.1848,13.4493,13.7382,13.5193,0.21890000000000143,1.6192,70565.02,111254.375
600976.SH,20100120,14.4737,14.5613,13.3968,13.5193,14.4037,-0.8844000000000012,-6.1401,89288.19,142778.548
600976.SH,20100119,13.9484,14.5788,13.747,14.4037,13.9221,0.48160000000000025,3.4592,111465.15,182240.294
600976.SH,20100118,13.3179,14.0097,13.2304,13.9221,13.3004,0.6217000000000006,4.6743,81038.33,126535.32
600976.SH,20100115,13.3092,13.4668,13.2216,13.3004,13.2391,0.061299999999999244,0.463,63052.25,96109.364
600976.SH,20100114,12.6437,13.2567,12.6437,13.2391,12.6437,0.5953999999999997,4.7091,53136.78,78523.201
600976.SH,20100113,12.5474,13.0115,12.4949,12.6437,12.8539,-0.2101999999999986,-1.6353,40245.61,58565.309
600976.SH,20100112,12.5211,13.0202,12.346,12.8539,12.5211,0.3327999999999989,2.6579,50706.69,73838.144
600976.SH,20100111,12.5737,12.6963,12.3285,12.5211,12.5299,-0.00879999999999903,-0.0702,38429.16,54760.287
600976.SH,20100108,12.346,12.6,12.2672,12.5299,12.4774,0.05250000000000021,0.4208,29835.35,42432.489
600976.SH,20100107,13.2129,13.2129,12.346,12.4774,13.2129,-0.7355,-5.5665,107479.84,155267.855
600976.SH,20100106,13.5894,13.8871,13.1166,13.2129,13.6157,-0.40280000000000094,-2.9583,65182.34,101164.861
600976.SH,20100105,13.0815,13.6244,12.8801,13.6157,12.9765,0.6392000000000007,4.9258,72888.84,111182.435
600976.SH,20100104,13.2041,13.2041,12.8013,12.9765,13.0903,-0.11379999999999946,-0.8693,36562.23,54182.606
600976.SH,20091231,13.0465,13.1779,12.7225,13.0903,13.099,-0.00870000000000104,-0.0664,47456.73,69957.151
600976.SH,20091230,13.3092,13.3705,12.8276,13.099,13.3092,-0.2102000000000004,-1.5794,49225.53,73104.449
600976.SH,20091229,13.4055,13.6244,12.9589,13.3092,13.5981,-0.28889999999999993,-2.1246,47299.85,71925.663
600976.SH,20091228,13.6594,13.7995,13.3792,13.5981,13.5281,0.07000000000000028,0.5174,34659.92,53631.468
600976.SH,20091225,13.2041,13.6419,13.1341,13.5281,13.2829,0.24520000000000053,1.846,56069.19,86063.831
600976.SH,20091224,12.6875,13.353,12.4511,13.2829,12.5387,0.7441999999999993,5.9352,54373.99,80105.844
600976.SH,20091223,12.1884,12.6087,12.1621,12.5387,12.1797,0.359,2.9475,29776.29,42014.313
600976.SH,20091222,12.6087,12.7576,12.0658,12.1797,12.6087,-0.42900000000000027,-3.4024,39444.47,55676.567
600976.SH,20091221,12.8626,12.9152,12.2672,12.6087,12.7838,-0.1750999999999987,-1.3697,36774.11,52476.34
600976.SH,20091218,12.5299,13.1078,12.4248,12.7838,12.7138,0.06999999999999851,0.5506,47038.22,68498.512
600976.SH,20091217,13.5981,13.7908,12.6963,12.7138,13.7908,-1.077,-7.8096,80377.93,119962.639
600976.SH,20091216,13.7908,14.0009,13.5544,13.7908,13.7908,0.0,0.0,57332.9,90269.108
600976.SH,20091215,13.6157,14.0797,13.1779,13.7908,13.6332,0.1576000000000004,1.156,72553.95,114014.57
600976.SH,20091214,13.6594,14.071,13.3968,13.6332,13.7908,-0.1576000000000004,-1.1428,58470.42,91367.877
600976.SH,20091211,13.7032,14.2724,13.6594,13.7908,13.5894,0.20140000000000136,1.482,85129.49,135123.569
600976.SH,20091210,12.9152,13.6332,12.8889,13.5894,12.7488,0.8406000000000002,6.5936,91629.2,139058.198
600976.SH,20091209,13.064,13.782,12.6963,12.7488,13.3004,-0.5516000000000005,-4.1472,113542.84,171083.775
600976.SH,20091208,13.6419,13.9834,13.0465,13.3004,13.6332,-0.33280000000000065,-2.4411,142611.8,219280.534
600976.SH,20091207,12.3811,13.6332,12.2672,13.6332,12.3898,1.2434000000000012,10.0357,186382.47,282422.688
600976.SH,20091204,12.4861,13.1166,11.917,12.3898,12.6525,-0.2627000000000006,-2.0763,167784.4,238998.647
600976.SH,20091203,11.9783,13.1166,11.7419,12.6525,12.1184,0.5341000000000005,4.4073,187938.26,267378.601
600976.SH,20091202,11.234,12.2234,11.234,12.1184,11.1114,1.0069999999999997,9.0628,173043.47,233341.012
600976.SH,20091201,10.6824,11.234,10.6824,11.1114,10.6561,0.45529999999999937,4.2727,123194.73,155108.247
600976.SH,20091130,10.1745,10.6649,10.0695,10.6561,9.9994,0.6567000000000007,6.5674,71191.85,84721.21
600976.SH,20091127,9.8418,10.2708,9.8068,9.9994,10.0082,-0.008800000000000807,-0.0879,50229.2,57769.332
600976.SH,20091126,10.2358,10.4897,9.9294,10.0082,10.2884,-0.2801999999999989,-2.7235,71257.8,83321.077
600976.SH,20091125,9.8506,10.2971,9.8068,10.2884,9.8506,0.4377999999999993,4.4444,71544.78,82238.119
600976.SH,20091124,10.5773,10.6386,9.763,9.8506,10.551,-0.7004000000000001,-6.6382,92609.85,108687.909
600976.SH,20091123,10.5598,10.6561,10.4285,10.551,10.5598,-0.00879999999999903,-0.0833,53265.37,63983.308
600976.SH,20091120,10.551,10.6824,10.4022,10.5598,10.5948,-0.03500000000000014,-0.3304,64329.82,77307.175
600976.SH,20091119,10.4285,10.84,10.4109,10.5948,10.4197,0.1750999999999987,1.6805,79316.64,96005.884
600976.SH,20091118,10.3584,10.6211,10.2271,10.4197,10.3847,0.03500000000000014,0.337,77465.63,92024.571
600976.SH,20091117,10.1132,10.4635,10.0344,10.3847,10.1307,0.25400000000000134,2.5072,84208.59,99170.268
600976.SH,20091116,10.0607,10.192,9.9644,10.1307,9.9819,0.1487999999999996,1.4907,71567.89,82320.594
600976.SH,20091113,9.9381,10.0782,9.7455,9.9819,9.9381,0.04379999999999917,0.4407,62650.56,70975.168
600976.SH,20091112,10.0169,10.2008,9.8943,9.9381,10.0082,-0.07010000000000005,-0.7004,68651.64,78921.594
600976.SH,20091111,9.7192,10.0257,9.6404,10.0082,9.6754,0.33280000000000065,3.4397,59661.51,67130.573
600976.SH,20091110,9.6842,9.9556,9.6317,9.6754,9.6754,0.0,0.0,59566.61,66645.781
600976.SH,20091109,9.8068,9.8856,9.5353,9.6754,9.8506,-0.17520000000000024,-1.7786,73938.99,82023.354
600976.SH,20091106,9.9556,10.2708,9.8068,9.8506,10.0257,-0.17510000000000048,-1.7465,110608.26,126932.715
600976.SH,20091105,9.833,10.1045,9.6317,10.0257,9.8243,0.20140000000000136,2.05,101763.19,115017.772
600976.SH,20091104,9.9381,9.9381,9.6667,9.8243,10.0082,-0.18390000000000128,-1.8375,100827.91,112645.456
600976.SH,20091103,9.6229,10.0257,9.5003,10.0082,9.5966,0.41159999999999997,4.289,139618.52,154845.742
600976.SH,20091102,8.9312,9.6929,8.8436,9.5966,9.0975,0.4991000000000003,5.4861,140098.71,151868.752
600976.SH,20091030,8.9399,9.2464,8.9312,9.0975,8.8611,0.23639999999999972,2.6678,79439.45,82709.626
600976.SH,20091029,8.6685,9.0975,8.6247,8.8611,8.7998,0.06130000000000102,0.6966,42096.59,42798.316
600976.SH,20091028,8.6948,8.8261,8.651,8.7998,8.6948,0.10499999999999865,1.2076,23944.16,23919.175
600976.SH,20091027,9.01,9.01,8.686,8.6948,9.0888,-0.39400000000000013,-4.335,42464.59,42633.47
600976.SH,20091026,9.0538,9.2376,9.045,9.0888,9.0187,0.07010000000000005,0.7773,42820.14,44622.284
600976.SH,20091023,8.9662,9.115,8.9137,9.0187,9.0012,0.01750000000000007,0.1944,41626.69,42932.799
600976.SH,20091022,8.9574,9.0625,8.7473,9.0012,8.9399,0.06130000000000102,0.6857,42159.66,42800.887
600976.SH,20091021,8.9224,9.045,8.8961,8.9399,8.9925,-0.05259999999999998,-0.5849,37347.77,38173.912
600976.SH,20091020,9.0538,9.0625,8.8349,8.9925,9.0362,-0.043699999999999406,-0.4836,53438.67,54548.525
600976.SH,20091019,8.8173,9.1851,8.7823,9.0362,8.9049,0.13129999999999953,1.4745,64842.32,67033.204
600976.SH,20091016,8.6685,8.9312,8.6597,8.9049,8.6597,0.24519999999999875,2.8315,56256.31,56686.806
600976.SH,20091015,8.6685,8.8611,8.5634,8.6597,8.5897,0.07000000000000028,0.8149,43404.28,43191.952
600976.SH,20091014,8.6247,8.8699,8.4934,8.5897,8.6247,-0.03500000000000014,-0.4058,38921.83,38518.068
600976.SH,20091013,8.2394,8.6422,8.1957,8.6247,8.257,0.367700000000001,4.4532,32584.2,31438.266
600976.SH,20091012,8.3007,8.3445,8.1519,8.257,8.2307,0.026299999999999102,0.3195,17622.31,16646.863
600976.SH,20091009,7.9768,8.2394,7.9768,8.2307,7.8804,0.3503000000000007,4.4452,20630.67,19145.733
600976.SH,20090930,7.8542,7.9943,7.8367,7.8804,7.8016,0.0788000000000002,1.01,16034.51,14494.388
600976.SH,20090929,8.0205,8.0731,7.6353,7.8016,8.0205,-0.21890000000000054,-2.7293,25217.62,22512.447
600976.SH,20090928,8.4496,8.5809,7.9505,8.0205,8.4146,-0.3940999999999999,-4.6835,20153.98,19105.272
600976.SH,20090925,8.5109,8.5722,8.4058,8.4146,8.4759,-0.061299999999999244,-0.7232,16018.8,15487.625
600976.SH,20090924,8.4759,8.5984,8.292,8.4759,8.5284,-0.05250000000000021,-0.6156,39258.21,37828.092
600976.SH,20090923,9.01,9.115,8.4496,8.5284,8.9137,-0.38530000000000086,-4.3226,52545.0,52471.65
600976.SH,20090922,9.01,9.3602,8.8961,8.9137,9.0538,-0.14010000000000034,-1.5474,69769.36,73124.855
600976.SH,20090921,8.8173,9.08,8.756,9.0538,8.7823,0.2715000000000014,3.0914,50421.25,51596.075
600976.SH,20090918,9.1501,9.2464,8.7123,8.7823,9.1413,-0.359,-3.9272,65779.1,67806.147
600976.SH,20090917,9.0538,9.1851,8.9837,9.1413,9.0275,0.11379999999999946,1.2606,60748.71,63112.075
600976.SH,20090916,8.8699,9.1063,8.8611,9.0275,8.9399,0.08760000000000012,0.9799,57919.41,59566.713
600976.SH,20090915,9.1501,9.1501,8.8874,8.9399,9.1063,-0.16639999999999944,-1.8273,84810.0,87275.76
600976.SH,20090914,8.8436,9.1501,8.756,9.1063,8.8261,0.2801999999999989,3.1747,114856.33,118313.116
600976.SH,20090911,8.1869,8.9925,8.1869,8.8261,8.1781,0.6479999999999997,7.9236,117538.97,117052.596
600976.SH,20090910,8.362,8.4496,8.1781,8.1781,8.3007,-0.12260000000000026,-1.477,35718.13,33986.935
600976.SH,20090909,8.3795,8.4321,8.1431,8.3007,8.362,-0.061299999999999244,-0.7331,33831.6,32151.877
600976.SH,20090908,8.3533,8.4583,8.1869,8.362,8.3533,0.008699999999999264,0.1042,31524.18,29961.004
600976.SH,20090907,8.1256,8.5634,8.1081,8.3533,8.1256,0.22770000000000046,2.8023,72337.99,69384.567
600976.SH,20090904,8.0643,8.292,8.0643,8.1256,7.9417,0.1839000000000004,2.3156,45238.2,42162.901
600976.SH,20090903,7.7666,8.0205,7.6615,7.9417,7.6615,0.2801999999999998,3.6572,30169.68,27105.089
600976.SH,20090902,7.539,7.7929,7.5302,7.6615,7.6178,0.043700000000000294,0.5737,19978.4,17468.387
600976.SH,20090901,7.6178,7.8016,7.5827,7.6178,7.6878,-0.07000000000000028,-0.9105,26458.41,23287.481
600976.SH,20090831,8.2132,8.2132,7.6791,7.6878,8.3007,-0.6129000000000007,-7.3837,39987.94,35900.854
600976.SH,20090828,8.721,8.721,8.2307,8.3007,8.7473,-0.44659999999999833,-5.1056,49541.22,47327.489
600976.SH,20090827,8.2132,8.8961,8.1081,8.7473,8.257,0.4902999999999995,5.938,88700.73,87577.166
600976.SH,20090826,8.0381,8.362,7.968,8.257,8.0293,0.22770000000000046,2.8359,41382.38,38864.32
600976.SH,20090825,8.2219,8.2219,7.7929,8.0293,8.2307,-0.20140000000000136,-2.4469,42594.95,38789.266
600976.SH,20090824,8.0381,8.3095,8.0293,8.2307,7.898,0.3327000000000009,4.2125,61134.85,56877.567
600976.SH,20090820,7.6178,7.9242,7.5565,7.898,7.5302,0.3677999999999999,4.8843,33333.49,29477.836
600976.SH,20090819,7.8191,7.9855,7.4514,7.5302,7.7929,-0.2627000000000006,-3.371,45268.68,40181.452
600976.SH,20090818,7.4426,7.8367,7.4426,7.7929,7.4952,0.29770000000000074,3.9719,32473.29,28570.658
600976.SH,20090817,8.0205,8.0556,7.4864,7.4952,8.0731,-0.5779000000000005,-7.1583,40257.31,35804.515
600976.SH,20090814,8.7385,8.7385,8.0643,8.0731,8.7648,-0.6916999999999991,-7.8918,56483.5,53895.803
600976.SH,20090813,8.756,8.8611,8.5109,8.7648,8.756,0.00879999999999903,0.1005,32331.75,32114.167
600976.SH,20090812,9.2814,9.3602,8.651,8.756,9.2989,-0.5428999999999995,-5.8383,51952.92,53359.285
600976.SH,20090811,9.4565,9.5353,9.1238,9.2989,9.4215,-0.12260000000000026,-1.3013,59659.27,63363.268
600976.SH,20090810,9.1938,9.439,9.045,9.4215,9.045,0.37650000000000006,4.1625,110018.91,116825.602
600976.SH,20090807,8.9749,9.3427,8.9749,9.045,8.8086,0.23639999999999972,2.6837,134944.56,141185.363
600976.SH,20090806,8.8874,8.9574,8.6597,8.8086,8.9837,-0.17510000000000048,-1.9491,42975.41,43167.322
600976.SH,20090805,8.9487,9.0012,8.6948,8.9837,8.9224,0.06130000000000102,0.687,66350.33,67451.002
600976.SH,20090804,9.0362,9.0362,8.756,8.9224,9.0362,-0.11379999999999946,-1.2594,57873.88,58626.607
600976.SH,20090803,8.8699,9.1763,8.8611,9.0362,8.5634,0.47279999999999944,5.5212,75478.95,77580.284
600976.SH,20090730,8.6422,8.756,8.362,8.5634,8.5984,-0.03500000000000014,-0.4071,55245.56,53871.796
600976.SH,20090729,9.2639,9.3777,8.3708,8.5984,9.2989,-0.7004999999999999,-7.5331,88517.87,90198.122
600976.SH,20090728,9.2551,9.3602,9.1501,9.2989,9.2639,0.03500000000000014,0.3778,55981.41,59080.172
600976.SH,20090727,9.3252,9.3865,9.1501,9.2639,9.3252,-0.06130000000000102,-0.6574,86733.66,91394.872
600976.SH,20090724,9.7893,9.7893,9.1588,9.3252,9.7717,-0.44649999999999856,-4.5693,166286.96,178450.349
600976.SH,20090723,9.369,9.9381,9.3339,9.7717,9.369,0.4026999999999994,4.2982,196400.16,217637.281
600976.SH,20090722,9.2114,9.4565,9.115,9.369,9.2551,0.11389999999999922,1.2307,117117.81,124730.348
600976.SH,20090721,9.1238,9.4653,9.0275,9.2551,9.1413,0.11380000000000123,1.2449,115063.02,122067.024
600976.SH,20090720,8.9749,9.2114,8.9049,9.1413,8.9925,0.1487999999999996,1.6547,75215.44,78032.306
600976.SH,20090717,8.8173,9.0713,8.7823,8.9925,8.8524,0.14010000000000034,1.5826,53515.18,54549.715
600976.SH,20090716,9.1763,9.1851,8.8349,8.8524,9.1413,-0.28889999999999993,-3.1604,80854.08,82858.743
600976.SH,20090715,9.2026,9.3252,9.0975,9.1413,9.2551,-0.11380000000000123,-1.2296,63306.19,66272.664
600976.SH,20090714,9.2026,9.404,9.1501,9.2551,9.115,0.14010000000000034,1.537,85345.4,90147.574
600976.SH,20090713,9.0538,9.2289,8.9312,9.115,9.0975,0.01750000000000007,0.1924,70760.57,73457.441
600976.SH,20090710,9.4478,9.4478,9.08,9.0975,9.3865,-0.2889999999999997,-3.0789,78869.15,82763.697
600976.SH,20090709,9.2727,9.4653,9.1938,9.3865,9.2727,0.11379999999999946,1.2273,103296.33,110018.84
600976.SH,20090708,8.9399,9.474,8.8874,9.2727,9.0625,0.2102000000000004,2.3194,127270.34,133344.909
600976.SH,20090707,8.6335,9.1851,8.5634,9.0625,8.6247,0.4377999999999993,5.0761,140984.53,143613.193
600976.SH,20090706,8.7998,8.8699,8.4058,8.6247,8.7823,-0.15759999999999863,-1.7945,87450.64,85171.45
600976.SH,20090703,8.5984,8.9312,8.5984,8.7823,8.7035,0.07879999999999932,0.9054,62373.85,62552.295
600976.SH,20090702,8.7911,8.8611,8.5634,8.7035,8.8261,-0.12260000000000026,-1.3891,69939.65,69779.812
600976.SH,20090701,8.4671,8.9137,8.327,8.8261,8.4496,0.37650000000000006,4.4558,117362.82,115835.511
600976.SH,20090630,8.2132,8.4671,8.1781,8.4496,8.1957,0.2538999999999998,3.098,69106.51,65434.367
600976.SH,20090629,8.3095,8.4496,8.1694,8.1957,8.2482,-0.05250000000000021,-0.6365,50189.5,47426.024
600976.SH,20090626,8.4062,8.4933,8.0229,8.2494,8.354,-0.10459999999999958,-1.2521,94095.64,88501.538
600976.SH,20090625,8.4585,8.5805,8.2756,8.354,8.4846,-0.13060000000000116,-1.5393,55664.39,53510.317
600976.SH,20090624,8.5021,8.685,8.3714,8.4846,8.5108,-0.026199999999999335,-0.3078,78950.06,77123.788
600976.SH,20090623,8.0665,8.624,8.0142,8.5108,8.1449,0.3658999999999999,4.4924,111525.82,108082.528
600976.SH,20090622,8.3191,8.4062,8.0926,8.1449,8.293,-0.14809999999999945,-1.7858,79732.16,74926.551
600976.SH,20090619,8.5456,8.6414,8.2494,8.293,8.4759,-0.18290000000000006,-2.1579,109377.96,105967.708
600976.SH,20090618,8.1885,8.5282,8.1013,8.4759,8.1797,0.2961999999999989,3.6212,119392.71,114292.647
600976.SH,20090617,8.171,8.3191,8.0752,8.1797,8.2059,-0.026199999999999335,-0.3193,115436.69,108759.207
600976.SH,20090616,7.779,8.2494,7.7616,8.2059,7.8923,0.3136000000000001,3.9735,135763.79,125545.645
600976.SH,20090615,7.8749,8.0665,7.6919,7.8923,7.8749,0.017399999999999416,0.221,99555.89,89976.345
600976.SH,20090612,7.6745,7.9445,7.5613,7.8749,7.6832,0.19169999999999998,2.4951,129391.48,116078.093
600976.SH,20090611,7.4045,7.9271,7.4045,7.6832,7.4741,0.20910000000000029,2.7977,172735.42,153558.637
600976.SH,20090610,7.2128,7.5264,7.2128,7.4741,7.2825,0.19160000000000021,2.631,83598.4,70996.679
600976.SH,20090609,7.1693,7.2999,7.0299,7.2825,7.1954,0.08709999999999951,1.2105,30868.34,25351.213
600976.SH,20090608,7.2738,7.2999,7.1344,7.1954,7.2999,-0.10449999999999982,-1.4315,29440.67,24341.147
600976.SH,20090605,7.3348,7.4045,7.2389,7.2999,7.3261,-0.026200000000000223,-0.3576,33126.33,27779.296
600976.SH,20090604,7.4567,7.4567,7.2738,7.3261,7.4654,-0.13929999999999954,-1.8659,28940.33,24407.102
600976.SH,20090603,7.3957,7.5787,7.2564,7.4654,7.3609,0.10449999999999982,1.4197,50294.87,42783.278
600976.SH,20090602,7.387,7.4306,7.3348,7.3609,7.387,-0.026099999999999568,-0.3533,29087.31,24604.65
600976.SH,20090601,7.2564,7.4132,7.2477,7.387,7.2302,0.1567999999999996,2.1687,27974.05,23605.051
600976.SH,20090527,7.3086,7.3522,7.1518,7.2302,7.2477,-0.01750000000000007,-0.2415,18572.83,15451.501
600976.SH,20090526,7.2564,7.3957,7.2477,7.2477,7.2477,0.0,0.0,27027.38,22703.893
600976.SH,20090525,7.178,7.3086,7.0386,7.2477,7.4045,-0.1567999999999996,-2.1176,37426.97,30773.111
600976.SH,20090522,7.3173,7.4741,7.2738,7.4045,7.4132,-0.008700000000000152,-0.1174,40363.92,34125.504
600976.SH,20090521,7.8052,7.8226,7.3783,7.4132,7.8749,-0.46170000000000044,-5.8629,70373.17,60873.793
600976.SH,20090520,7.7529,8.0926,7.6745,7.8749,7.6919,0.18299999999999983,2.3791,134434.74,121442.382
600976.SH,20090519,7.6658,7.7965,7.5438,7.6919,7.6222,0.0697000000000001,0.9144,77115.91,67850.317
600976.SH,20090518,7.6745,7.6745,7.4916,7.6222,7.6135,0.008700000000000152,0.1143,38581.87,33486.406
600976.SH,20090514,7.4916,7.7006,7.4219,7.6135,7.5177,0.09580000000000055,1.2743,80087.68,69757.311
600976.SH,20090513,7.2302,7.6484,7.1867,7.5177,7.2302,0.28749999999999964,3.9764,76568.25,65706.041
600976.SH,20090512,7.1344,7.2651,7.056,7.2302,7.1431,0.0871000000000004,1.2194,30332.35,24966.131
600976.SH,20090511,7.5351,7.5351,7.1257,7.1431,7.4567,-0.3136000000000001,-4.2056,53667.59,45358.504
600976.SH,20090508,7.4132,7.5787,7.2825,7.4567,7.2825,0.1741999999999999,2.392,104269.81,89587.806
600976.SH,20090507,7.5264,7.5264,7.1693,7.2825,7.5177,-0.23519999999999985,-3.1286,52161.25,43757.744
600976.SH,20090506,7.4045,7.57,7.3435,7.5177,7.4829,0.03479999999999972,0.4651,62899.69,54076.197
600976.SH,20090505,7.3348,7.57,7.1954,7.4829,7.3348,0.14809999999999945,2.0191,83405.93,70560.918
600976.SH,20090504,7.1344,7.3435,7.117,7.3348,7.1257,0.20910000000000029,2.9344,66775.48,55544.522
600976.SH,20090430,7.1344,7.2477,7.0386,7.1257,7.1257,0.0,0.0,51735.84,42387.919
600976.SH,20090429,7.2999,7.2999,6.9863,7.1257,7.2999,-0.1741999999999999,-2.3863,59560.71,48483.414
600976.SH,20090428,6.8382,7.3173,6.7773,7.2999,6.7685,0.5313999999999997,7.8511,61590.2,49982.937
600976.SH,20090427,7.0125,7.1954,6.7163,6.7685,6.9863,-0.21779999999999955,-3.1175,35157.69,28080.94
600976.SH,20090424,7.0734,7.2128,6.9515,6.9863,7.0473,-0.06099999999999994,-0.8656,24708.74,20126.338
600976.SH,20090423,6.8121,7.1083,6.8034,7.0473,6.8905,0.1567999999999996,2.2756,31583.64,25421.592
600976.SH,20090422,7.4306,7.4741,6.8731,6.8905,7.4132,-0.5226999999999995,-7.0509,46518.75,38430.241
600976.SH,20090421,7.4132,7.5613,7.1431,7.4132,7.5613,-0.14810000000000034,-1.9587,52046.41,44236.559
600976.SH,20090420,7.4567,7.6571,7.3609,7.5613,7.8052,-0.2439,-3.1248,101066.64,87029.34
600976.SH,20090417,7.2389,7.8226,6.9689,7.8052,7.3086,0.49659999999999993,6.7947,81180.44,68755.945
600976.SH,20090416,7.0473,7.4393,6.9863,7.3086,7.0473,0.2613000000000003,3.7078,49025.68,40718.359
600976.SH,20090415,6.8818,7.0909,6.8644,7.0473,6.9602,0.08709999999999951,1.2514,36908.03,29669.295
600976.SH,20090414,6.6553,7.0299,6.6205,6.9602,6.6553,0.30489999999999995,4.5813,64369.29,50766.029
600976.SH,20090413,6.664,6.7424,6.5943,6.6553,6.6553,0.0,0.0,30683.85,23457.859
600976.SH,20090410,6.5856,6.6901,6.4549,6.6553,6.5333,0.12200000000000077,1.8674,24761.03,18784.818
600976.SH,20090409,6.3156,6.5508,6.3156,6.5333,6.3678,0.16549999999999976,2.599,24804.24,18374.751
600976.SH,20090408,6.6292,6.6989,6.3591,6.3678,6.7424,-0.37460000000000004,-5.5559,34704.48,26015.689
600976.SH,20090407,6.8382,7.0212,6.6379,6.7424,6.8034,-0.06099999999999994,-0.8966,48065.98,37602.834
600976.SH,20090403,6.8034,6.8731,6.5508,6.8034,6.8034,0.0,0.0,49391.41,37836.389
600976.SH,20090402,6.7424,7.0037,6.6205,6.8034,6.725,0.07840000000000025,1.1658,42487.05,33252.959
600976.SH,20090401,6.6901,6.7685,6.5508,6.725,6.6814,0.04359999999999964,0.6526,39407.96,30095.231
600976.SH,20090331,6.5246,6.7076,6.4985,6.6814,6.6727,0.008700000000000152,0.1304,28009.61,21245.233
600976.SH,20090330,6.6205,6.786,6.5943,6.6727,6.7076,-0.034900000000000375,-0.5203,40660.83,31152.245
600976.SH,20090327,6.8469,6.9253,6.6205,6.7076,6.7947,-0.08709999999999951,-1.2819,68274.98,52898.895
600976.SH,20090326,6.5769,6.8382,6.4637,6.7947,6.5072,0.28749999999999964,4.4182,74810.45,57318.835
600976.SH,20090325,6.4462,6.7773,6.3069,6.5072,6.4724,0.03479999999999972,0.5377,75916.63,57107.341
600976.SH,20090324,6.2459,6.5159,6.2372,6.4724,6.211,0.2614000000000001,4.2087,77229.76,56714.512
600976.SH,20090323,6.1849,6.3504,6.1413,6.211,6.2197,-0.008699999999999264,-0.1399,55510.75,39722.754
600976.SH,20090320,6.1326,6.3853,6.0542,6.2197,6.1239,0.09579999999999966,1.5644,73102.52,52148.321
600976.SH,20090319,6.0804,6.2981,6.0542,6.1239,6.1152,0.008700000000000152,0.1423,80687.71,57107.801
600976.SH,20090318,5.8452,6.2023,5.8103,6.1152,5.7493,0.3658999999999999,6.3643,114766.99,79436.302
600976.SH,20090317,5.5577,5.7755,5.5316,5.7493,5.5403,0.20899999999999963,3.7724,27398.26,17895.804
600976.SH,20090316,5.4357,5.5577,5.4009,5.5403,5.4532,0.0871000000000004,1.5972,12866.0,8104.292
600976.SH,20090313,5.5751,5.6013,5.4009,5.4532,5.5577,-0.10449999999999982,-1.8803,17897.75,11368.285
600976.SH,20090312,5.5751,5.6535,5.3573,5.5577,5.61,-0.05230000000000068,-0.9323,21675.75,13664.378
600976.SH,20090311,5.7058,5.7842,5.5838,5.61,5.6448,-0.03479999999999972,-0.6165,25254.36,16485.196
600976.SH,20090310,5.4357,5.6535,5.3835,5.6448,5.4967,0.14810000000000034,2.6943,24573.33,15525.264
600976.SH,20090309,5.7929,5.9061,5.427,5.4967,5.8016,-0.30489999999999995,-5.2554,32398.95,21123.834
600976.SH,20090306,5.819,5.9061,5.7406,5.8016,5.941,-0.1394000000000002,-2.3464,37364.99,24995.082
600976.SH,20090305,6.0717,6.0717,5.7319,5.941,5.9845,-0.04349999999999987,-0.7269,77401.72,52699.673
600976.SH,20090304,5.7668,6.0107,5.6884,5.9845,5.6622,0.32229999999999936,5.6921,84343.35,56782.639
600976.SH,20090303,5.4532,5.8626,5.4009,5.6622,5.5577,0.1045000000000007,1.8803,70915.82,46450.736
600976.SH,20090302,5.218,5.5664,5.2093,5.5577,5.2702,0.28749999999999964,5.4552,34155.47,21241.484
600976.SH,20090227,5.488,5.5403,5.1483,5.2702,5.5664,-0.2961999999999998,-5.3212,54130.38,33227.806
600976.SH,20090226,6.0978,6.1239,5.5054,5.5664,6.1152,-0.5488,-8.9744,70131.65,47183.882
600976.SH,20090225,5.8452,6.1413,5.7755,6.1152,5.8539,0.2612999999999994,4.4637,82467.03,56631.237
600976.SH,20090224,5.9236,6.0542,5.7493,5.8539,6.0542,-0.20029999999999948,-3.3084,103646.35,70373.054
600976.SH,20090223,5.6274,6.0542,5.5751,6.0542,5.5054,0.5488,9.9684,141112.19,95338.049
600976.SH,20090220,5.2528,5.5229,5.2093,5.5054,5.2093,0.29610000000000003,5.6841,43574.25,27007.208
600976.SH,20090219,5.2093,5.2964,5.1309,5.2093,5.1918,0.01750000000000007,0.3371,29640.74,17752.855
600976.SH,20090218,5.2441,5.4009,5.1831,5.1918,5.3399,-0.14810000000000034,-2.7735,44768.47,27201.421
600976.SH,20090217,5.5577,5.5577,5.3225,5.3399,5.5838,-0.2439,-4.368,47263.34,29537.515
600976.SH,20090216,5.6274,5.6622,5.4183,5.5838,5.61,-0.026200000000000223,-0.467,65836.7,41794.646
600976.SH,20090213,5.5141,5.6622,5.4793,5.61,5.4967,0.11330000000000062,2.0612,84410.45,54089.386
600976.SH,20090212,5.1744,5.5229,5.1221,5.4967,5.1657,0.3309999999999995,6.4077,66484.44,40242.21
600976.SH,20090211,5.0786,5.2964,5.0525,5.1657,5.2093,-0.04359999999999964,-0.837,58242.73,34628.944
600976.SH,20090210,5.096,5.2615,5.0786,5.2093,5.0786,0.13070000000000004,2.5735,71774.49,42640.443
600976.SH,20090209,5.0176,5.096,4.9479,5.0786,4.9741,0.10449999999999982,2.1009,51308.19,29539.648
600976.SH,20090206,4.8173,4.9915,4.8173,4.9741,4.7824,0.19169999999999998,4.0084,48525.62,27467.13
600976.SH,20090205,4.9131,4.9131,4.7301,4.7824,4.9044,-0.12199999999999989,-2.4876,45933.41,25519.129
600976.SH,20090204,4.8521,4.9392,4.7737,4.9044,4.7824,0.12199999999999989,2.551,60014.38,33333.107
600976.SH,20090203,4.6866,4.8173,4.6866,4.7824,4.704,0.07840000000000025,1.6667,39301.37,21493.069
600976.SH,20090202,4.6779,4.7127,4.5821,4.704,4.6343,0.0697000000000001,1.504,25586.49,13687.413
600976.SH,20090123,4.704,4.7476,4.6256,4.6343,4.765,-0.13070000000000004,-2.7429,33692.6,18079.597
600976.SH,20090122,4.7824,4.8782,4.7214,4.765,4.6343,0.13070000000000004,2.8203,71284.45,39253.382
600976.SH,20090121,4.6779,4.7214,4.5733,4.6343,4.704,-0.0697000000000001,-1.4817,26599.2,14193.795
600976.SH,20090120,4.5646,4.7301,4.5559,4.704,4.5821,0.12190000000000012,2.6604,45486.28,24300.583
600976.SH,20090119,4.5995,4.6605,4.5298,4.5821,4.5472,0.03489999999999949,0.7675,34913.07,18429.627
600976.SH,20090116,4.6256,4.765,4.5385,4.5472,4.6169,-0.0697000000000001,-1.5097,40147.35,21484.225
600976.SH,20090115,4.5298,4.6517,4.5298,4.6169,4.5995,0.017400000000000304,0.3783,28454.26,15021.274
600976.SH,20090114,4.4253,4.6343,4.4253,4.5995,4.4253,0.1741999999999999,3.9365,30141.52,15721.967
600976.SH,20090113,4.5821,4.6169,4.4078,4.4253,4.6169,-0.19160000000000021,-4.15,28527.51,14769.055
600976.SH,20090112,4.5559,4.765,4.5124,4.6169,4.5733,0.04360000000000053,0.9534,47333.26,25260.104
600976.SH,20090109,4.4427,4.5908,4.4078,4.5733,4.5037,0.06959999999999944,1.5454,48939.58,25534.703
600976.SH,20090107,4.3556,4.6692,4.312,4.5037,4.3643,0.1394000000000002,3.1941,66068.18,34276.649
600976.SH,20090106,4.2336,4.3904,4.2249,4.3643,4.251,0.11329999999999973,2.6653,25892.51,12816.315
600976.SH,20090105,4.1378,4.2685,4.1204,4.251,4.0855,0.16550000000000065,4.0509,20679.98,9967.891
600976.SH,20081231,4.1465,4.1813,4.0768,4.0855,4.1378,-0.05230000000000068,-1.264,13012.17,6179.81
600976.SH,20081230,4.1204,4.1552,4.0768,4.1378,4.1204,0.017400000000000304,0.4223,15011.81,7082.043
600976.SH,20081229,4.1378,4.1378,3.9984,4.1204,4.1465,-0.026099999999999568,-0.6294,11968.79,5579.107
600976.SH,20081226,4.1204,4.2423,4.0768,4.1465,4.1726,-0.026100000000000456,-0.6255,13652.04,6506.209
600976.SH,20081225,4.2249,4.2946,4.0768,4.1726,4.2423,-0.0697000000000001,-1.643,17832.51,8572.213
600976.SH,20081224,4.1204,4.3033,4.1029,4.2423,4.1552,0.0871000000000004,2.0962,28920.45,13962.7
600976.SH,20081223,4.4775,4.4862,4.1465,4.1552,4.4688,-0.3136000000000001,-7.0175,33144.48,16387.323
600976.SH,20081222,4.5124,4.5298,4.3904,4.4688,4.4862,-0.017400000000000304,-0.3879,30236.6,15479.698
600976.SH,20081219,4.4688,4.5821,4.4427,4.4862,4.4775,0.008700000000000152,0.1943,40556.21,20982.648
600976.SH,20081218,4.4775,4.4862,4.3469,4.4775,4.4688,0.008700000000000152,0.1947,33000.58,16784.925
600976.SH,20081217,4.3643,4.5646,4.3207,4.4688,4.373,0.09579999999999966,2.1907,58840.85,30241.992
600976.SH,20081216,4.2336,4.3991,4.0768,4.373,4.2597,0.11330000000000062,2.6598,36644.64,18110.184
600976.SH,20081215,4.1901,4.2685,4.1378,4.2597,4.1552,0.10449999999999982,2.5149,20041.26,9671.752
600976.SH,20081212,4.2597,4.2772,4.0855,4.1552,4.2772,-0.12199999999999989,-2.8523,29971.71,14358.74
600976.SH,20081211,4.4427,4.4775,4.2685,4.2772,4.4253,-0.14810000000000034,-3.3467,27454.58,13789.585
600976.SH,20081210,4.2772,4.4514,4.2772,4.4253,4.3207,0.10459999999999958,2.4209,29020.57,14579.099
600976.SH,20081209,4.4688,4.4688,4.2597,4.3207,4.4514,-0.13069999999999915,-2.9362,33898.09,17027.617
600976.SH,20081208,4.3556,4.4688,4.3381,4.4514,4.3207,0.13069999999999915,3.025,41052.93,20768.759
600976.SH,20081205,4.2336,4.3207,4.2075,4.3207,4.2336,0.0871000000000004,2.0574,23739.15,11601.436
600976.SH,20081204,4.3294,4.373,4.2249,4.2336,4.2946,-0.06099999999999994,-1.4204,55083.08,27238.448
600976.SH,20081203,4.1988,4.3033,4.1813,4.2946,4.1726,0.12199999999999989,2.9238,39704.23,19383.985
600976.SH,20081202,4.0768,4.2162,4.0245,4.1726,4.1204,0.052200000000000024,1.2669,31470.15,14968.449
600976.SH,20081201,3.9287,4.1291,3.9113,4.1204,3.9723,0.1480999999999999,3.7283,24143.1,11239.994
600976.SH,20081128,3.92,3.981,3.9026,3.9723,3.9636,0.008700000000000152,0.2195,16190.82,7335.61
600976.SH,20081127,4.1813,4.2423,3.9374,3.9636,3.9549,0.008700000000000152,0.22,28900.29,13571.296
600976.SH,20081126,3.9897,4.0158,3.8416,3.9549,3.9723,-0.017400000000000304,-0.438,13096.25,5938.234
600976.SH,20081125,4.1639,4.1813,3.8765,3.9723,4.0768,-0.10450000000000026,-2.5633,31802.96,14517.772
600976.SH,20081124,4.251,4.4165,4.0594,4.0768,4.1901,-0.11329999999999973,-2.704,57482.35,28212.789
600976.SH,20081121,4.0245,4.2685,3.8852,4.1901,4.1726,0.01750000000000007,0.4194,43069.48,20431.216
600976.SH,20081120,3.9984,4.2685,3.92,4.1726,4.1029,0.0697000000000001,1.6988,39913.32,18940.461
600976.SH,20081119,3.8329,4.1204,3.8329,4.1029,3.8242,0.27870000000000017,7.2878,28520.77,13047.865
600976.SH,20081118,4.1639,4.2249,3.8068,3.8242,4.1901,-0.36590000000000034,-8.7325,41203.3,18911.698
600976.SH,20081117,4.0507,4.2249,4.0245,4.1901,4.0245,0.1656000000000004,4.1148,47287.15,22547.075
600976.SH,20081114,3.8939,4.0333,3.8329,4.0245,3.8852,0.13929999999999954,3.5854,39178.95,17683.611
600976.SH,20081113,3.7022,3.9374,3.7022,3.8852,3.7545,0.13070000000000004,3.4812,30665.66,13514.655
600976.SH,20081112,3.7022,3.7806,3.6761,3.7545,3.7197,0.034800000000000164,0.9356,11271.79,4838.339
600976.SH,20081111,3.859,3.859,3.7109,3.7197,3.859,-0.13929999999999998,-3.6097,19780.36,8596.844
600976.SH,20081110,3.6587,3.8765,3.6587,3.859,3.6064,0.25260000000000016,7.0042,37721.54,16217.263
600976.SH,20081107,3.5367,3.6238,3.4583,3.6064,3.5367,0.06969999999999965,1.9708,15914.28,6532.951
600976.SH,20081106,3.3973,3.5367,3.3277,3.5367,3.467,0.0697000000000001,2.0104,12065.96,4802.816
600976.SH,20081105,3.3277,3.4757,3.3277,3.467,3.3538,0.11319999999999997,3.3753,7061.49,2779.719
600976.SH,20081104,3.3973,3.3973,3.2928,3.3538,3.3973,-0.04349999999999987,-1.2804,4511.68,1727.216
600976.SH,20081103,3.4409,3.4496,3.3364,3.3973,3.4496,-0.052300000000000235,-1.5161,5809.98,2267.087
600976.SH,20081031,3.528,3.5803,3.4148,3.4496,3.5541,-0.10449999999999982,-2.9403,4759.24,1899.506
600976.SH,20081030,3.5106,3.5803,3.4845,3.5541,3.4845,0.06959999999999988,1.9974,7902.18,3203.839
600976.SH,20081029,3.6151,3.6238,3.467,3.4845,3.5716,-0.08709999999999996,-2.4387,7213.69,2932.817
600976.SH,20081028,3.4322,3.5803,3.3973,3.5716,3.467,0.10460000000000003,3.017,8831.69,3554.569
600976.SH,20081027,3.65,3.7109,3.3973,3.467,3.7719,-0.30489999999999995,-8.0835,12972.79,5322.222
600976.SH,20081024,3.8765,3.9113,3.7545,3.7719,3.8852,-0.11330000000000018,-2.9162,8693.15,3818.637
600976.SH,20081023,3.7893,3.8939,3.7458,3.8852,3.8416,0.04360000000000008,1.1349,12486.34,5529.983
600976.SH,20081022,3.7719,3.9113,3.7197,3.8416,3.8242,0.017400000000000304,0.455,15092.8,6606.971
600976.SH,20081021,3.8068,3.9026,3.8068,3.8242,3.7632,0.06099999999999994,1.621,14729.0,6517.573
600976.SH,20081020,3.6413,3.8155,3.6151,3.7632,3.6761,0.08709999999999996,2.3694,6810.71,2916.032
600976.SH,20081017,3.6151,3.7022,3.5716,3.6761,3.589,0.08709999999999996,2.4269,6909.1,2889.884
600976.SH,20081016,3.7458,3.7458,3.5716,3.589,3.8677,-0.27870000000000017,-7.2058,9088.96,3829.89
600976.SH,20081015,3.7632,3.92,3.7632,3.8677,3.7893,0.07840000000000025,2.069,11018.6,4878.132
600976.SH,20081014,4.042,4.0507,3.7893,3.7893,3.8765,-0.08720000000000017,-2.2495,13003.63,5840.82
600976.SH,20081013,3.7458,3.8852,3.6674,3.8765,3.7545,0.12199999999999989,3.2494,9187.72,3981.331
600976.SH,20081010,3.8677,3.8939,3.7022,3.7545,3.981,-0.2264999999999997,-5.6895,11372.07,4933.589
600976.SH,20081009,4.0942,4.1291,3.9723,3.981,4.0071,-0.026100000000000456,-0.6513,6685.0,3092.977
600976.SH,20081008,4.0158,4.0855,3.981,4.0071,4.1029,-0.09579999999999966,-2.3349,7984.0,3681.691
600976.SH,20081007,3.9723,4.1726,3.9374,4.1029,4.0855,0.017400000000000304,0.4259,11624.47,5412.586
600976.SH,20081006,4.2249,4.2249,4.0768,4.0855,4.2946,-0.20910000000000029,-4.8689,12839.16,6082.191
600976.SH,20080926,4.4078,4.4078,4.2336,4.2946,4.3817,-0.0871000000000004,-1.9878,12365.9,6135.363
600976.SH,20080925,4.3294,4.434,4.2772,4.3817,4.312,0.0697000000000001,1.6164,29439.46,14716.274
600976.SH,20080924,4.2075,4.3294,4.2075,4.312,4.2685,0.04349999999999987,1.0191,11150.77,5459.262
600976.SH,20080923,4.4427,4.4601,4.2423,4.2685,4.5995,-0.3309999999999995,-7.1964,18696.63,9321.221
600976.SH,20080922,4.6256,4.8347,4.3904,4.5995,4.4427,0.1567999999999996,3.5294,51112.78,26885.776
600976.SH,20080919,4.3469,4.4427,4.3469,4.4427,4.042,0.4007000000000005,9.9134,19349.18,9802.331
600976.SH,20080918,4.1378,4.1988,3.7632,4.042,4.1726,-0.13060000000000027,-3.1299,15729.7,7220.533
600976.SH,20080917,4.1988,4.2685,4.1378,4.1726,4.1988,-0.026200000000000223,-0.624,7367.39,3547.237
600976.SH,20080916,4.3556,4.4253,4.1639,4.1988,4.4078,-0.20899999999999963,-4.7416,12043.18,5941.765
600976.SH,20080912,4.373,4.4949,4.3207,4.4078,4.4253,-0.01750000000000007,-0.3955,13668.66,6912.657
600976.SH,20080911,4.4427,4.6256,4.3904,4.4253,4.4775,-0.052200000000000024,-1.1658,22024.96,11427.189
600976.SH,20080910,4.3643,4.5646,4.1901,4.4775,4.4253,0.052200000000000024,1.1796,18295.92,9247.858
600976.SH,20080909,4.3643,4.5037,4.3643,4.4253,4.4078,0.01750000000000007,0.397,16755.25,8527.472
600976.SH,20080908,4.2162,4.4253,4.1291,4.4078,4.2162,0.19160000000000021,4.5444,20632.17,10137.642
600976.SH,20080905,4.2685,4.3294,4.1813,4.2162,4.3904,-0.1741999999999999,-3.9677,6889.67,3356.088
600976.SH,20080904,4.373,4.4427,4.3381,4.3904,4.4253,-0.034900000000000375,-0.7886,9695.67,4880.09
600976.SH,20080903,4.3817,4.4775,4.3381,4.4253,4.3469,0.07840000000000025,1.8036,13519.17,6849.211
600976.SH,20080902,4.251,4.3817,4.1988,4.3469,4.2249,0.12199999999999989,2.8876,6701.66,3323.662
600976.SH,20080901,4.3643,4.3817,4.1813,4.2249,4.3556,-0.13070000000000004,-3.0007,4578.01,2234.912
600976.SH,20080829,4.2859,4.4165,4.2597,4.3556,4.251,0.10459999999999958,2.4606,7213.8,3603.347
600976.SH,20080828,4.1988,4.2859,4.1639,4.251,4.2162,0.03480000000000061,0.8254,5569.37,2707.279
600976.SH,20080827,4.1813,4.2249,4.0768,4.2162,4.1378,0.07839999999999936,1.8947,4932.09,2357.994
600976.SH,20080826,4.3033,4.3643,4.1029,4.1378,4.3469,-0.2090999999999994,-4.8103,7138.56,3434.854
600976.SH,20080825,4.3381,4.3991,4.2772,4.3469,4.3207,0.026199999999999335,0.6064,4937.08,2464.248
600976.SH,20080822,4.3469,4.3469,4.1552,4.3207,4.3207,0.0,0.0,4493.5,2204.468
600976.SH,20080821,4.3991,4.4862,4.312,4.3207,4.5124,-0.19169999999999998,-4.2483,8834.92,4472.956
600976.SH,20080820,4.1204,4.5472,4.0507,4.5124,4.1901,0.32230000000000025,7.6919,11573.91,5830.716
600976.SH,20080819,4.1117,4.251,4.0507,4.1901,4.0942,0.09590000000000032,2.3423,6963.4,3309.475
600976.SH,20080818,4.434,4.4514,4.0768,4.0942,4.3991,-0.30489999999999995,-6.931,8523.5,4152.893
600976.SH,20080815,4.373,4.4427,4.3469,4.3991,4.3991,0.0,0.0,4119.76,2080.174
600976.SH,20080814,4.3556,4.4253,4.2946,4.3991,4.3381,0.06099999999999994,1.4061,4660.92,2340.739
600976.SH,20080813,4.3294,4.373,4.1901,4.3381,4.3294,0.008700000000000152,0.201,4918.18,2417.738
600976.SH,20080812,4.312,4.3991,4.251,4.3294,4.2685,0.06089999999999929,1.4267,5348.31,2648.585
600976.SH,20080811,4.704,4.7389,4.2162,4.2685,4.6169,-0.3483999999999998,-7.5462,11055.87,5582.592
600976.SH,20080808,5.0699,5.0699,4.5908,4.6169,5.0263,-0.40939999999999976,-8.1452,9435.44,5241.863
600976.SH,20080807,4.9479,5.035,4.9131,5.0263,4.9479,0.07840000000000025,1.5845,4557.96,2606.715
600976.SH,20080806,5.0176,5.035,4.8869,4.9479,4.9653,-0.017400000000000304,-0.3504,5876.16,3350.672
600976.SH,20080805,5.1309,5.1396,4.9218,4.9653,5.1134,-0.14810000000000034,-2.8963,6353.49,3675.873
600976.SH,20080804,5.2005,5.2093,5.096,5.1134,5.218,-0.10459999999999958,-2.0046,5381.31,3182.093
600976.SH,20080801,5.1309,5.2441,5.0089,5.218,5.1396,0.07840000000000025,1.5254,8641.42,5094.17
600976.SH,20080731,5.3748,5.3922,5.1134,5.1396,5.3835,-0.2439,-4.5305,13861.95,8326.2
600976.SH,20080730,5.5316,5.5577,5.3138,5.3835,5.4793,-0.09580000000000055,-1.7484,14208.3,8836.296
600976.SH,20080729,5.3835,5.4967,5.3138,5.4793,5.4183,0.06099999999999994,1.1258,21438.44,13340.915
600976.SH,20080728,5.3922,5.5229,5.3748,5.4183,5.3748,0.04350000000000076,0.8093,13466.57,8398.916
600976.SH,20080725,5.4009,5.4706,5.2528,5.3748,5.4183,-0.04350000000000076,-0.8028,13472.26,8292.85
600976.SH,20080724,5.3661,5.4706,5.3138,5.4183,5.3486,0.0697000000000001,1.3031,19635.15,12171.72
600976.SH,20080723,5.3922,5.488,5.2615,5.3486,5.3661,-0.01750000000000007,-0.3261,22571.79,13952.164
600976.SH,20080722,5.3399,5.4009,5.218,5.3661,5.2702,0.09590000000000032,1.8197,21352.34,13037.896
600976.SH,20080721,5.0612,5.3051,4.9479,5.2702,5.0786,0.19160000000000021,3.7727,18230.04,10904.886
600976.SH,20080718,4.9828,5.1047,4.7737,5.0786,4.9653,0.11329999999999973,2.2818,12735.18,7226.313
600976.SH,20080717,4.9305,5.3138,4.9131,4.9653,4.8695,0.09579999999999966,1.9673,21145.72,12396.941
600976.SH,20080716,5.0873,5.1396,4.7737,4.8695,5.1396,-0.27009999999999934,-5.2553,12463.8,7084.164
600976.SH,20080715,5.3312,5.4445,5.1047,5.1396,5.3225,-0.18290000000000006,-3.4364,17853.71,10775.656
600976.SH,20080714,5.1744,5.3225,5.1221,5.3225,5.1831,0.1394000000000002,2.6895,10823.86,6534.412
600976.SH,20080711,5.1831,5.3051,5.1221,5.1831,5.2615,-0.07840000000000025,-1.4901,12045.91,7165.427
600976.SH,20080710,5.218,5.427,5.218,5.2615,5.3486,-0.0871000000000004,-1.6285,19051.51,11687.617
600976.SH,20080709,5.157,5.3748,5.1221,5.3486,5.2005,0.14810000000000034,2.8478,23825.0,14462.88
600976.SH,20080708,5.2267,5.2441,5.0699,5.2005,5.1918,0.008700000000000152,0.1676,15522.23,9197.168
600976.SH,20080707,5.0089,5.218,4.9915,5.1918,4.9915,0.20029999999999948,4.0128,15341.03,9074.038
600976.SH,20080704,5.0263,5.096,4.9479,4.9915,5.0786,-0.08709999999999951,-1.715,14923.37,8601.684
600976.SH,20080703,4.8869,5.1396,4.8434,5.0786,4.8869,0.19169999999999998,3.9227,26061.18,14955.911
600976.SH,20080702,4.704,4.9479,4.6692,4.8869,4.7127,0.1741999999999999,3.6964,10402.1,5781.073
600976.SH,20080701,4.6605,4.7824,4.6256,4.7127,4.704,0.008700000000000152,0.1849,7665.98,4144.169
600976.SH,20080630,4.5995,4.7737,4.5472,4.704,4.6517,0.05229999999999979,1.1243,6202.53,3331.277
600976.SH,20080627,4.9479,4.9479,4.5908,4.6517,5.0525,-0.40080000000000027,-7.9327,13009.32,7123.853
600976.SH,20080626,4.9915,5.1221,4.9218,5.0525,4.9915,0.06099999999999994,1.2221,13245.14,7649.936
600976.SH,20080625,4.6866,5.0525,4.6866,4.9915,4.7214,0.27010000000000023,5.7208,18276.01,10332.34
600976.SH,20080624,4.5995,4.7737,4.5995,4.7214,4.5995,0.12190000000000012,2.6503,10609.92,5724.042
600976.SH,20080623,4.5908,4.7389,4.5124,4.5995,4.6605,-0.06099999999999994,-1.3089,6848.8,3634.838
600976.SH,20080620,4.5995,4.8608,4.3469,4.6605,4.5995,0.06099999999999994,1.3262,16933.67,9053.941
600976.SH,20080619,4.9828,5.0786,4.5995,4.5995,5.1134,-0.5139000000000005,-10.0501,11896.52,6602.538
600976.SH,20080618,4.8608,5.1831,4.6953,5.1134,4.8695,0.2439,5.0087,15140.94,8620.769
600976.SH,20080617,5.1396,5.2093,4.8434,4.8695,5.1657,-0.2961999999999998,-5.734,11226.77,6462.406
600976.SH,20080616,5.1918,5.3312,4.9653,5.1657,5.1657,0.0,0.0,11585.86,6824.764
600976.SH,20080613,5.3661,5.427,5.1483,5.1657,5.3573,-0.19160000000000021,-3.5764,10738.7,6504.863
600976.SH,20080612,5.3835,5.4706,5.2615,5.3573,5.4009,-0.04359999999999964,-0.8073,9728.06,5988.588
600976.SH,20080611,5.3573,5.5316,5.2964,5.4009,5.5403,-0.1394000000000002,-2.5161,11496.66,7132.166
600976.SH,20080610,5.9671,5.9671,5.5403,5.5403,6.1588,-0.6185,-10.0425,13110.98,8511.317
600976.SH,20080606,6.2197,6.2197,6.1152,6.1588,6.1675,-0.008700000000000152,-0.1411,5989.75,4228.003
600976.SH,20080605,6.1762,6.2459,6.0717,6.1675,6.1762,-0.008699999999999264,-0.1409,13533.88,9558.153
600976.SH,20080604,6.2894,6.2894,6.0978,6.1762,6.3069,-0.13070000000000004,-2.0723,13376.56,9494.501
600976.SH,20080603,6.4288,6.4375,6.2459,6.3069,6.4288,-0.12190000000000012,-1.8962,10006.65,7250.993
600976.SH,20080602,6.2372,6.4375,6.1936,6.4288,6.2285,0.20029999999999948,3.2159,15148.58,10990.889
600976.SH,20080530,6.2894,6.4201,6.1501,6.2285,6.2894,-0.06089999999999929,-0.9683,15638.04,11220.936
600976.SH,20080529,6.5246,6.5595,6.2807,6.2894,6.5072,-0.21780000000000044,-3.3471,14066.91,10364.04
600976.SH,20080528,6.4027,6.5595,6.3243,6.5072,6.394,0.11319999999999997,1.7704,14452.26,10706.966
600976.SH,20080527,6.3156,6.4898,6.2894,6.394,6.3591,0.034900000000000375,0.5488,11160.9,8190.915
600976.SH,20080526,6.4462,6.5856,6.3417,6.3591,6.4462,-0.0871000000000004,-1.3512,13698.0,10134.593
600976.SH,20080523,6.6989,6.7773,6.3417,6.4462,6.725,-0.2787999999999995,-4.1457,20779.61,15540.02
600976.SH,20080522,6.8382,6.9253,6.6553,6.725,7.0299,-0.30489999999999995,-4.3372,26267.06,20459.657
600976.SH,20080521,6.6205,7.1431,6.4985,7.0299,7.2215,-0.19160000000000021,-2.6532,50144.14,38613.803
600976.SH,20080519,7.1693,7.448,7.0996,7.2215,7.1693,0.052200000000000024,0.7281,27293.12,22918.904
600976.SH,20080516,7.3435,7.509,7.0125,7.1693,7.4045,-0.23519999999999985,-3.1764,31192.79,25934.906
600976.SH,20080515,7.7006,7.7006,7.3957,7.4045,7.7181,-0.3136000000000001,-4.0632,51144.66,43969.517
600976.SH,20080514,7.8661,8.2756,7.4567,7.7181,7.8487,-0.13060000000000027,-1.664,127256.82,114866.841
600976.SH,20080513,7.0125,7.8487,6.9776,7.8487,7.1344,0.7142999999999997,10.0121,151082.07,132061.699
600976.SH,20080512,6.8557,7.1867,6.5856,7.1344,6.8818,0.25260000000000016,3.6706,61975.28,50052.133
600976.SH,20080509,6.7947,7.1257,6.7076,6.8818,6.7076,0.1741999999999999,2.5971,66677.9,52816.481
600976.SH,20080508,6.4724,6.725,6.1849,6.7076,6.5072,0.20040000000000013,3.0797,41081.96,30538.133
600976.SH,20080507,6.7773,6.995,6.4462,6.5072,6.6727,-0.16549999999999976,-2.4803,72320.54,56561.984
600976.SH,20080506,6.725,6.7511,6.5856,6.6727,6.7598,-0.0871000000000004,-1.2885,39796.58,30463.108
600976.SH,20080505,6.4637,6.7685,6.3417,6.7598,6.4201,0.33970000000000056,5.2912,41048.14,30846.453
600976.SH,20080430,6.2546,6.4375,6.1849,6.4201,6.2546,0.16549999999999976,2.6461,34659.53,25273.148
600976.SH,20080429,6.1849,6.2894,6.0978,6.2546,6.1849,0.0697000000000001,1.1269,19682.44,14018.827
600976.SH,20080428,6.5333,6.5333,6.0978,6.1849,6.5333,-0.3483999999999998,-5.3327,33015.91,23599.269
600976.SH,20080425,6.5159,6.664,6.3853,6.5333,6.3417,0.19159999999999933,3.0213,77148.85,58173.184
600976.SH,20080424,6.2894,6.3591,5.9933,6.3417,5.7842,0.5575000000000001,9.6383,49135.32,35312.783
600976.SH,20080423,5.488,5.8365,5.427,5.7842,5.61,0.1741999999999999,3.1052,15671.67,10146.962
600976.SH,20080422,5.6622,5.6622,5.2093,5.61,5.6971,-0.08709999999999951,-1.5288,13002.86,8077.691
600976.SH,20080421,6.0107,6.0717,5.4967,5.6971,5.6622,0.03489999999999949,0.6164,18646.62,12374.471
600976.SH,20080418,6.1413,6.1413,5.6187,5.6622,6.0804,-0.4181999999999997,-6.8778,10551.52,7115.02
600976.SH,20080417,6.3417,6.6117,6.0368,6.0804,6.3591,-0.2786999999999997,-4.3827,10868.72,7779.318
600976.SH,20080416,6.3591,6.5159,6.2285,6.3591,6.5682,-0.20910000000000029,-3.1835,13517.98,9865.059
600976.SH,20080415,6.0368,6.6205,5.9236,6.5682,6.0194,0.5488,9.1172,13091.89,9165.376
600976.SH,20080414,6.3591,6.3765,5.9933,6.0194,6.4898,-0.4703999999999997,-7.2483,11426.79,8077.589
600976.SH,20080411,6.3678,6.5333,6.3591,6.4898,6.4027,0.08709999999999951,1.3604,12101.81,8947.376
600976.SH,20080410,6.1849,6.4898,6.0455,6.4027,6.2633,0.1394000000000002,2.2257,12555.67,8998.818
600976.SH,20080409,6.7163,6.7947,6.1936,6.2633,6.786,-0.5226999999999995,-7.7026,19715.89,14735.138
600976.SH,20080408,6.6901,6.8295,6.6292,6.786,6.6989,0.08709999999999951,1.3002,16716.39,12919.403
600976.SH,20080407,6.4027,6.8121,6.2023,6.6989,6.4375,0.2614000000000001,4.0606,16949.38,12865.482
600976.SH,20080403,6.1762,6.4724,5.941,6.4375,6.2197,0.21780000000000044,3.5018,13282.35,9504.03
600976.SH,20080402,6.8382,6.9515,6.1152,6.2197,6.7337,-0.5140000000000002,-7.6332,15068.31,11161.118
600976.SH,20080401,7.448,7.5264,6.725,6.7337,7.4654,-0.7317,-9.8012,17456.73,13996.868
600976.SH,20080331,7.6658,7.7529,7.3696,7.4654,7.8923,-0.42689999999999984,-5.4091,11358.69,9797.622
600976.SH,20080328,7.5787,7.9097,7.0821,7.8923,7.5351,0.35719999999999974,4.7405,21090.03,18205.72
600976.SH,20080327,7.9184,7.9184,7.3609,7.5351,7.8749,-0.3398000000000003,-4.315,14754.49,12845.373
600976.SH,20080326,8.0055,8.1536,7.7703,7.8749,7.9881,-0.11319999999999997,-1.4171,10960.2,10025.423
600976.SH,20080325,7.7355,8.0404,7.6222,7.9881,7.9097,0.07840000000000025,0.9912,14538.21,13175.525
600976.SH,20080324,8.2407,8.2843,7.5003,7.9097,8.1536,-0.2439000000000009,-2.9913,17863.75,16552.252
600976.SH,20080321,8.0578,8.3017,8.0142,8.1536,8.2407,-0.08709999999999951,-1.0569,20885.55,19506.016
600976.SH,20080320,7.7529,8.2494,7.2302,8.2407,7.8139,0.42680000000000007,5.4621,34344.93,31330.866
600976.SH,20080319,7.4741,7.84,7.1954,7.8139,7.1867,0.6272000000000002,8.7272,22739.89,19663.096
600976.SH,20080318,7.5787,7.7529,6.8905,7.1867,7.4654,-0.2786999999999997,-3.7332,21981.48,18288.698
600976.SH,20080317,8.1362,8.1362,7.4132,7.4654,8.1101,-0.6446999999999994,-7.9493,16371.15,14661.564
600976.SH,20080314,8.1885,8.2494,7.9097,8.1101,8.1885,-0.07840000000000025,-0.9574,10718.5,9959.551
600976.SH,20080313,8.3191,8.4759,7.8574,8.1885,8.4237,-0.23520000000000074,-2.7921,18306.75,17141.78
600976.SH,20080312,8.5195,8.6763,8.3453,8.4237,8.4324,-0.008699999999999264,-0.1032,24573.47,24035.942
600976.SH,20080311,8.2581,8.4324,8.0142,8.4324,8.2669,0.16549999999999976,2.002,17414.65,16481.956
600976.SH,20080310,8.6676,8.6676,8.171,8.2669,8.7111,-0.4442000000000004,-5.0992,23670.41,22900.882
600976.SH,20080307,9.0247,9.0596,8.7024,8.7111,9.077,-0.3658999999999999,-4.0311,31856.78,32279.721
600976.SH,20080306,9.1728,9.3906,9.0509,9.077,9.1031,-0.026099999999999568,-0.2867,41319.39,43813.338
600976.SH,20080305,8.9725,9.1031,8.8069,9.1031,8.8941,0.20899999999999963,2.3499,28316.05,29123.523
600976.SH,20080304,9.0334,9.1554,8.8418,8.8941,9.016,-0.12190000000000012,-1.352,32917.36,33909.027
600976.SH,20080303,8.7111,9.0334,8.624,9.016,8.7808,0.23520000000000074,2.6786,31900.59,32748.784
600976.SH,20080229,8.6501,8.7982,8.563,8.7808,8.6501,0.13069999999999915,1.511,20734.87,20770.654
600976.SH,20080228,8.6589,8.7895,8.5282,8.6501,8.6501,0.0,0.0,19427.52,19374.638
600976.SH,20080227,8.5456,8.6763,8.4498,8.6501,8.5369,0.11320000000000086,1.326,17940.43,17742.359
600976.SH,20080226,8.3801,8.6676,8.1362,8.5369,8.2756,0.26129999999999853,3.1575,21785.7,21105.047
600976.SH,20080225,8.7808,8.7982,8.232,8.2756,8.7198,-0.4441999999999986,-5.0942,20247.57,19605.282
600976.SH,20080222,8.6066,8.9463,8.4149,8.7198,8.6153,0.10449999999999982,1.213,37732.21,37692.075
600976.SH,20080221,8.3191,8.6763,8.2756,8.6153,8.3801,0.23519999999999897,2.8066,23401.45,22894.482
600976.SH,20080220,8.5195,8.5543,8.293,8.3801,8.4585,-0.07840000000000025,-0.9269,19688.58,18951.897
600976.SH,20080219,8.4498,8.5021,8.3627,8.4585,8.4237,0.03480000000000061,0.4131,15301.68,14837.786
600976.SH,20080218,8.3627,8.4933,8.2756,8.4237,8.1885,0.23520000000000074,2.8723,20483.12,19760.557
600976.SH,20080215,8.0578,8.354,7.9881,8.1885,8.1101,0.07840000000000025,0.9667,18148.53,16993.168
600976.SH,20080214,7.9271,8.2407,7.8574,8.1101,7.8574,0.25269999999999904,3.2161,15268.56,14180.477
600976.SH,20080213,7.8661,7.9707,7.6919,7.8574,7.8661,-0.008700000000000152,-0.1106,9889.22,8921.531
600976.SH,20080205,7.8313,8.0926,7.6832,7.8661,7.8836,-0.01750000000000007,-0.222,14626.46,13260.405
600976.SH,20080204,7.5438,7.9097,7.4132,7.8836,7.2825,0.6011000000000006,8.254,22002.94,19376.838
600976.SH,20080201,7.7093,7.7093,6.9079,7.2825,7.6745,-0.39200000000000035,-5.1078,21629.98,18053.897
600976.SH,20080131,7.9794,8.0229,7.6658,7.6745,7.9358,-0.2613000000000003,-3.2927,9478.23,8559.587
600976.SH,20080130,7.901,8.0578,7.7093,7.9358,7.8487,0.0871000000000004,1.1097,14546.03,13223.173
600976.SH,20080129,7.6048,7.8661,7.5438,7.8487,7.6048,0.2439,3.2072,18297.9,16233.083
600976.SH,20080128,8.2756,8.3191,7.4916,7.6048,8.2669,-0.6620999999999997,-8.009,23538.95,21106.862
600976.SH,20080125,8.2059,8.4846,8.171,8.2669,8.2146,0.0522999999999989,0.6367,24227.16,23224.291
600976.SH,20080124,8.1885,8.3975,8.0317,8.2146,8.0752,0.1394000000000002,1.7263,28073.03,26589.521
600976.SH,20080123,7.6919,8.1797,7.6658,8.0752,7.7965,0.2787000000000006,3.5747,31336.83,28576.362
600976.SH,20080122,8.5369,8.5369,7.7965,7.7965,8.6589,-0.8623999999999992,-9.9597,43536.75,39925.493
600976.SH,20080121,9.2077,9.3209,8.3453,8.6589,9.2512,-0.5923000000000016,-6.4024,33489.11,34637.227
600976.SH,20080118,9.408,9.5387,9.0247,9.2512,9.4951,-0.2439,-2.5687,39219.58,41647.58
600976.SH,20080117,9.4777,9.8087,8.9899,9.4951,9.3819,0.11320000000000086,1.2066,109649.6,120144.517
600976.SH,20080116,9.1641,9.4777,8.9899,9.3819,9.2077,0.17419999999999902,1.8919,54121.89,57555.349
600976.SH,20080115,9.016,9.3122,9.016,9.2077,9.0073,0.20040000000000013,2.2249,45540.52,48027.936
600976.SH,20080114,8.9637,9.0596,8.8592,9.0073,8.9463,0.06099999999999994,0.6818,26673.9,27510.449
600976.SH,20080111,8.9289,8.9986,8.6763,8.9463,8.9289,0.017400000000000304,0.1949,26362.15,26687.159
600976.SH,20080110,9.0421,9.1031,8.8505,8.9289,9.0334,-0.10449999999999982,-1.1568,28587.21,29478.944
600976.SH,20080109,8.7111,9.0944,8.6937,9.0334,8.7721,0.2613000000000003,2.9788,29196.83,29782.699
600976.SH,20080108,9.1641,9.2425,8.624,8.7721,9.1815,-0.40939999999999976,-4.459,52341.87,53569.143
600976.SH,20080107,8.9725,9.2686,8.8941,9.1815,8.9986,0.18290000000000006,2.0325,43667.07,45828.585
600976.SH,20080104,8.9812,9.0596,8.8331,8.9986,8.9986,0.0,0.0,27871.58,28598.497
600976.SH,20080103,8.8679,9.0509,8.746,8.9986,8.9028,0.09580000000000055,1.0761,36370.76,37262.069
600976.SH,20080102,8.6589,8.9986,8.5543,8.9028,8.624,0.2787999999999986,3.2328,43325.55,44000.908
600976.SH,20071228,8.6327,8.6589,8.5021,8.624,8.6066,0.017400000000000304,0.2022,25456.02,25070.566
600976.SH,20071227,8.7111,8.7808,8.5282,8.6066,8.6589,-0.0522999999999989,-0.604,38820.12,38520.264
600976.SH,20071226,8.4324,8.685,8.3714,8.6589,8.3714,0.28749999999999964,3.4343,51966.94,51119.444
600976.SH,20071225,8.3627,8.4324,8.2756,8.3714,8.3714,0.0,0.0,24755.08,23649.831
600976.SH,20071224,8.4498,8.5195,8.3453,8.3714,8.3627,0.008699999999999264,0.104,36053.21,34919.727
600976.SH,20071221,8.2407,8.4062,8.1623,8.3627,8.2407,0.12199999999999989,1.4805,26505.88,25223.812
600976.SH,20071220,8.3453,8.4062,8.2059,8.2407,8.2494,-0.008699999999999264,-0.1055,22293.47,21262.858
600976.SH,20071219,8.232,8.4324,8.2059,8.2494,8.1972,0.052199999999999136,0.6368,22993.11,21884.573
600976.SH,20071218,8.3104,8.3627,8.0926,8.1972,8.3017,-0.10449999999999982,-1.2588,19049.38,17874.193
600976.SH,20071217,8.0317,8.3627,8.0317,8.3017,7.962,0.33970000000000056,4.2665,50551.94,47924.88
600976.SH,20071214,7.7093,7.9707,7.6658,7.962,7.7965,0.16549999999999976,2.1227,22152.74,19882.23
600976.SH,20071213,8.1536,8.2843,7.779,7.7965,8.1449,-0.3483999999999998,-4.2775,26153.2,24150.136
600976.SH,20071212,8.1885,8.4149,8.1449,8.1449,8.2756,-0.13070000000000093,-1.5793,30251.44,28635.698
600976.SH,20071211,8.0926,8.3453,7.9794,8.2756,8.0229,0.2527000000000008,3.1497,49633.0,46686.288
600976.SH,20071210,7.9184,8.171,7.8226,8.0229,7.9707,0.052200000000000024,0.6549,44520.99,40959.63
600976.SH,20071207,7.84,8.0491,7.7616,7.9707,7.9271,0.04359999999999964,0.55,24196.37,22005.822
600976.SH,20071206,7.84,7.9794,7.7093,7.9271,7.8487,0.07840000000000025,0.9989,42371.79,38399.83
600976.SH,20071205,7.6919,7.8661,7.5525,7.8487,7.6745,0.1741999999999999,2.2699,23960.46,21244.068
600976.SH,20071204,7.7616,7.9271,7.5874,7.6745,7.8313,-0.1567999999999996,-2.0022,26868.93,23727.061
600976.SH,20071203,7.8574,8.0142,7.7093,7.8313,7.779,0.05229999999999979,0.6723,45394.77,40998.658
600976.SH,20071130,7.7093,7.8226,7.5438,7.779,7.7268,0.052200000000000024,0.6756,29523.15,26110.044
600976.SH,20071129,7.4567,7.8836,7.4567,7.7268,7.4654,0.2614000000000001,3.5015,50019.72,44373.25
600976.SH,20071128,7.57,7.6658,7.3957,7.4654,7.6135,-0.14810000000000034,-1.9452,19699.21,16888.313
600976.SH,20071127,7.4916,7.7529,7.4045,7.6135,7.4567,0.1568000000000005,2.1028,55552.54,48579.996
600976.SH,20071126,7.2825,7.4829,7.1518,7.4567,7.2302,0.2264999999999997,3.1327,26653.77,22457.999
600976.SH,20071123,7.117,7.2477,6.995,7.2302,7.117,0.11319999999999997,1.5906,16793.96,13703.962
600976.SH,20071122,7.6048,7.6309,6.9863,7.117,7.6745,-0.5575000000000001,-7.2643,25957.68,21926.271
600976.SH,20071121,7.5351,7.8313,7.5003,7.6745,7.5351,0.1394000000000002,1.85,53938.25,47695.957
600976.SH,20071120,7.4916,7.6222,7.4219,7.5351,7.5177,0.017400000000000304,0.2315,24361.53,21108.369
600976.SH,20071119,7.4045,7.5351,7.3173,7.5177,7.3957,0.12199999999999989,1.6496,21427.06,18357.902
600976.SH,20071116,7.2738,7.4916,7.1867,7.3957,7.3609,0.03479999999999972,0.4728,14376.16,12167.416
600976.SH,20071115,7.509,7.84,7.3522,7.3609,7.5787,-0.21780000000000044,-2.8738,35873.2,31120.619
600976.SH,20071114,7.4306,7.6222,7.3696,7.5787,7.5177,0.06100000000000083,0.8114,40047.21,34435.627
600976.SH,20071113,7.5787,7.6222,7.3609,7.5177,7.5961,-0.07840000000000025,-1.0321,51804.02,44489.728
600976.SH,20071112,6.9079,7.5961,6.7947,7.5961,6.9079,0.6882000000000001,9.9625,99296.78,84077.741
600976.SH,20071109,6.7685,6.9863,6.7076,6.9079,6.7076,0.20029999999999948,2.9862,14116.13,11141.504
600976.SH,20071108,6.9515,6.9602,6.7076,6.7076,6.9689,-0.2612999999999994,-3.7495,12852.3,10105.717
600976.SH,20071107,7.0909,7.1257,6.8034,6.9689,7.0473,-0.07840000000000025,-1.1125,12662.94,10038.273
600976.SH,20071106,6.9689,7.1867,6.9079,7.0473,6.8818,0.16549999999999976,2.4049,21400.73,17347.43
600976.SH,20071105,6.6292,6.9515,6.6292,6.8818,6.7163,0.16549999999999976,2.4642,13236.55,10438.933
600976.SH,20071102,6.7076,6.7773,6.603,6.7163,6.8469,-0.13059999999999938,-1.9074,21740.91,16658.465
600976.SH,20071101,7.2738,7.2999,6.8469,6.8469,7.2477,-0.40080000000000027,-5.53,21743.5,17454.337
600976.SH,20071031,7.0996,7.2738,7.0212,7.2477,7.0386,0.20910000000000029,2.9708,26768.45,22030.07
600976.SH,20071030,6.8731,7.0386,6.7163,7.0386,6.8644,0.1741999999999999,2.5377,21861.76,17264.978
600976.SH,20071029,6.8208,6.9166,6.6117,6.8644,6.8382,0.026200000000000223,0.3831,18970.91,14624.605
600976.SH,20071026,6.664,6.9341,6.664,6.8382,6.7685,0.06969999999999921,1.0298,18811.73,14709.25
600976.SH,20071025,7.4829,7.4829,6.7598,6.7685,7.509,-0.7404999999999999,-9.8615,35470.0,28363.518
600976.SH,20071024,8.1623,8.1623,7.4567,7.509,8.1623,-0.6532999999999998,-8.0039,45022.16,39894.786
600976.SH,20071023,7.9271,8.1885,7.84,8.1623,7.901,0.2613000000000003,3.3072,16164.38,14880.136
600976.SH,20071022,8.1885,8.1885,7.8836,7.901,8.232,-0.3309999999999995,-4.0209,14251.9,13173.358
600976.SH,20071019,8.4324,8.5456,8.171,8.232,8.4324,-0.20040000000000013,-2.3765,16806.72,16107.536
600976.SH,20071018,8.6676,8.6763,8.4062,8.4324,8.6763,-0.2439,-2.8111,21546.42,20989.345
600976.SH,20071017,8.7024,8.7547,8.5021,8.6763,8.6589,0.017400000000000304,0.2009,22200.73,21977.126
600976.SH,20071016,8.5717,8.7111,8.4149,8.6589,8.5717,0.08719999999999928,1.0173,20336.31,20016.003
600976.SH,20071015,8.7111,8.8679,8.293,8.5717,8.7024,-0.13070000000000093,-1.5019,33276.0,32356.425
600976.SH,20071012,9.1989,9.3906,8.2669,8.7024,9.1815,-0.47909999999999897,-5.2181,52119.93,52267.855
600976.SH,20071011,9.6606,9.7565,9.1641,9.1815,9.6606,-0.47910000000000075,-4.9593,44115.47,47392.989
600976.SH,20071010,9.9307,9.983,9.6258,9.6606,9.9742,-0.3135999999999992,-3.1441,43750.1,49197.663
600976.SH,20071009,9.7303,10.1485,9.6606,9.9742,9.6694,0.3048000000000002,3.1522,75239.86,85591.0
600976.SH,20071008,9.7216,9.8871,9.4951,9.6694,9.5474,0.12199999999999989,1.2778,41707.37,46550.731
600976.SH,20070928,9.4516,9.6519,9.408,9.5474,9.3645,0.18290000000000006,1.9531,29445.04,32282.175
600976.SH,20070927,9.408,9.5822,9.2512,9.3645,9.4777,-0.11320000000000086,-1.1944,21505.96,23088.07
600976.SH,20070926,9.3732,9.7478,9.3732,9.4777,9.469,0.00870000000000104,0.0919,28178.6,30888.807
600976.SH,20070925,9.6519,9.8174,9.408,9.469,9.6432,-0.1742000000000008,-1.8065,38363.07,42189.286
600976.SH,20070924,9.3557,9.8262,9.3035,9.6432,9.3732,0.2699999999999996,2.8806,49835.97,54838.582
600976.SH,20070921,9.6519,9.6694,9.1467,9.3732,9.6955,-0.3222999999999985,-3.3242,51208.09,55152.815
600976.SH,20070920,9.5822,9.8262,9.4951,9.6955,9.5735,0.12199999999999989,1.2744,47064.94,52209.973
600976.SH,20070919,10.0004,10.1049,9.3645,9.5735,9.9307,-0.35720000000000063,-3.5969,55545.7,61547.434
600976.SH,20070918,10.1485,10.192,9.7216,9.9307,10.0875,-0.1568000000000005,-1.5544,69947.24,79285.02
600976.SH,20070917,9.7826,10.2704,9.6694,10.0875,9.8349,0.25260000000000105,2.5684,103453.82,119541.855
600976.SH,20070914,9.4429,9.9046,9.3209,9.8349,9.4516,0.3833000000000002,4.0554,94972.01,105445.07
600976.SH,20070913,9.3906,9.4864,9.1902,9.4516,9.3993,0.0522999999999989,0.5564,50178.93,53824.772
600976.SH,20070912,9.4167,9.6694,8.955,9.3993,9.5126,-0.11330000000000062,-1.1911,71613.43,76273.29
600976.SH,20070911,9.8,10.1746,9.3209,9.5126,9.7129,-0.2002999999999986,-2.0622,230572.08,261892.728
600976.SH,20070910,8.9637,9.8,8.8679,9.7129,9.0944,0.6184999999999992,6.8009,93271.62,100778.268
600976.SH,20070907,9.4254,9.53,9.0596,9.0944,9.53,-0.4355999999999991,-4.5708,56835.51,60383.319
600976.SH,20070906,9.3122,9.6519,9.2861,9.53,9.2686,0.2614000000000001,2.8203,83752.3,91633.95
600976.SH,20070905,9.2773,9.2948,8.9812,9.2686,9.2773,-0.00870000000000104,-0.0938,57301.98,60169.433
600976.SH,20070904,9.408,9.53,9.2338,9.2773,9.3209,-0.04359999999999964,-0.4678,63135.62,67923.333
600976.SH,20070903,9.1815,9.4516,9.1467,9.3209,8.9725,0.3483999999999998,3.883,80346.23,86193.865
600976.SH,20070831,8.9637,9.1293,8.9202,8.9725,8.9115,0.06099999999999994,0.6845,49693.2,51353.898
600976.SH,20070830,8.6153,8.9376,8.6153,8.9115,8.5717,0.3398000000000003,3.9642,46599.68,47214.414
600976.SH,20070829,8.8157,8.8157,8.4933,8.5717,8.8505,-0.2788000000000004,-3.1501,39964.79,39610.659
600976.SH,20070828,8.9463,8.9463,8.685,8.8505,8.9463,-0.09580000000000055,-1.0708,45088.64,45243.802
600976.SH,20070827,9.3296,9.3993,8.8592,8.9463,9.2251,-0.2787999999999986,-3.0222,45867.17,47596.719
600976.SH,20070824,9.4254,9.4951,9.1554,9.2251,9.4429,-0.21780000000000044,-2.3065,37711.12,40297.665
600976.SH,20070823,9.2251,9.4777,9.1641,9.4429,9.2251,0.21780000000000044,2.361,50933.39,54583.631
600976.SH,20070822,9.0596,9.3645,8.9725,9.2251,9.3035,-0.07840000000000025,-0.8427,39352.21,41499.292
600976.SH,20070821,9.1118,9.4429,9.1031,9.3035,9.0857,0.21780000000000044,2.3972,44201.44,47094.511
600976.SH,20070820,9.1467,9.2251,8.9725,9.0857,8.8244,0.26129999999999853,2.9611,43669.35,45348.642
600976.SH,20070817,8.9202,9.1293,8.7982,8.8244,8.9289,-0.10449999999999982,-1.1704,31818.63,32584.269
600976.SH,20070816,9.0073,9.0683,8.6676,8.9289,8.9899,-0.06099999999999994,-0.6785,33553.26,34116.715
600976.SH,20070815,9.2338,9.2861,8.7547,8.9899,9.2948,-0.30489999999999995,-3.2803,42239.8,43562.008
600976.SH,20070814,8.7373,9.4777,8.624,9.2948,8.7111,0.5837000000000003,6.7006,90997.41,95261.652
600976.SH,20070813,8.9463,8.955,8.354,8.7111,8.9376,-0.2264999999999997,-2.5342,62606.14,61670.821
600976.SH,20070810,9.408,9.408,8.4672,8.9376,9.408,-0.4703999999999997,-5.0,90142.79,90630.422
600976.SH,20070808,9.7913,9.7913,9.2338,9.408,9.9133,-0.5053000000000001,-5.0972,38479.1,41888.924
600976.SH,20070807,9.8784,10.1833,9.5038,9.9133,9.8871,0.026199999999999335,0.265,71820.41,81756.859
600976.SH,20070806,9.7129,9.922,9.2338,9.8871,9.7478,0.13930000000000042,1.429,72295.99,79144.64
600976.SH,20070803,9.9481,10.0701,9.5735,9.7478,9.9046,-0.1568000000000005,-1.5831,94592.45,106033.995
600976.SH,20070802,9.2599,9.9046,9.0596,9.9046,9.0073,0.8972999999999995,9.9619,166645.06,184592.575
600976.SH,20070801,8.9289,9.3993,8.624,9.0073,8.9289,0.07840000000000025,0.878,80456.36,83031.156
600976.SH,20070731,8.6501,8.9725,8.563,8.9289,8.6414,0.28749999999999964,3.327,47505.66,47868.213
600976.SH,20070730,8.5805,8.9289,8.5021,8.6414,8.5805,0.060900000000000176,0.7097,48797.99,48903.646
600976.SH,20070727,8.2146,8.5892,8.0229,8.5805,8.2494,0.33110000000000106,4.0136,40958.34,39541.77
600976.SH,20070726,8.1013,8.3714,7.84,8.2494,8.0752,0.17419999999999902,2.1572,39558.56,36744.88
600976.SH,20070725,7.8052,8.1188,7.7965,8.0752,7.8226,0.25260000000000016,3.2291,31863.69,29175.023
600976.SH,20070724,7.84,8.0839,7.7965,7.8226,7.7355,0.0871000000000004,1.126,53235.26,48427.614
600976.SH,20070723,7.3261,7.7965,7.3261,7.7355,7.2738,0.46170000000000044,6.3474,50414.59,43776.777
600976.SH,20070720,7.0125,7.3783,6.9776,7.2738,6.995,0.2787999999999995,3.9857,33516.82,27955.268
600976.SH,20070719,7.0386,7.0909,6.8818,6.995,7.0386,-0.04359999999999964,-0.6194,11225.42,8998.572
600976.SH,20070718,6.9776,7.1693,6.9602,7.0386,6.9602,0.07839999999999936,1.1264,15349.56,12432.424
600976.SH,20070717,6.7511,7.056,6.7163,6.9602,6.7598,0.20040000000000013,2.9646,15115.93,11978.954
600976.SH,20070716,7.1867,7.1867,6.7337,6.7598,7.0821,-0.32229999999999936,-4.5509,16019.12,12724.858
600976.SH,20070713,7.2738,7.2825,7.0125,7.0821,7.2477,-0.1656000000000004,-2.2849,18634.18,15206.465
600976.SH,20070712,7.2302,7.2912,7.0734,7.2477,7.1954,0.05229999999999979,0.7269,20372.57,16800.504
600976.SH,20070711,7.0647,7.2738,7.0212,7.1954,7.0647,0.13070000000000004,1.85,14980.05,12345.724
600976.SH,20070710,7.3957,7.4045,7.0125,7.0647,7.3696,-0.30489999999999995,-4.1373,24811.66,20395.625
600976.SH,20070709,7.3173,7.448,7.1257,7.3696,7.2041,0.16549999999999976,2.2973,32673.76,27488.743
600976.SH,20070706,6.6205,7.3173,6.6205,7.2041,6.7947,0.40940000000000065,6.0253,36420.78,29319.181
600976.SH,20070705,7.448,7.448,6.7947,6.7947,7.5525,-0.7578000000000005,-10.0338,30758.39,24978.404
600976.SH,20070704,7.9184,7.9707,7.4045,7.5525,7.9184,-0.3658999999999999,-4.6209,22736.79,20307.46
600976.SH,20070703,8.0142,8.0578,7.5787,7.9184,7.9707,-0.05229999999999979,-0.6562,30414.4,27324.436
600976.SH,20070702,7.8313,8.0578,7.5613,7.9707,7.8052,0.16549999999999976,2.1204,27054.04,24346.202
600976.SH,20070629,8.5195,8.5195,7.8052,7.8052,8.6763,-0.8710999999999993,-10.04,56543.45,51642.038
600976.SH,20070628,9.6432,9.8087,8.6763,8.6763,9.6432,-0.9669000000000008,-10.0268,33992.36,35760.987
600976.SH,20070627,9.5648,9.7565,9.2512,9.6432,9.5213,0.12190000000000012,1.2803,24334.53,26748.764
600976.SH,20070626,9.1467,9.7565,8.7285,9.5213,9.408,0.11330000000000062,1.2043,38011.56,40888.941
600976.SH,20070625,10.4534,10.6711,9.408,9.408,10.4534,-1.0454000000000008,-10.0006,51166.66,57629.44
600976.SH,20070622,11.6555,11.7165,10.4534,10.4534,11.6119,-1.1585,-9.9768,70877.28,88582.285
600976.SH,20070621,11.0283,11.76,10.8976,11.6119,10.9238,0.6881000000000004,6.2991,110226.8,143786.036
600976.SH,20070620,10.8889,11.5858,10.8454,10.9238,10.9063,0.01750000000000007,0.1605,97119.79,125476.34
600976.SH,20070619,10.8018,11.0283,10.7582,10.9063,10.8889,0.017400000000000304,0.1598,61616.14,76883.853
600976.SH,20070618,10.2878,11.2286,10.2878,10.8889,10.6624,0.2264999999999997,2.1243,56860.11,70992.071
600976.SH,20070615,10.7147,11.0893,10.6102,10.6624,10.8628,-0.20040000000000013,-1.8448,40203.31,49733.109
600976.SH,20070614,11.0893,11.3245,10.6363,10.8628,11.0893,-0.2264999999999997,-2.0425,62034.37,78156.777
600976.SH,20070613,10.6711,11.76,10.4621,11.0893,10.6886,0.4007000000000005,3.7489,81851.57,104701.601
600976.SH,20070612,10.0178,10.7844,9.9307,10.6886,10.0701,0.6184999999999992,6.1419,91744.86,109637.119
600976.SH,20070611,10.1485,10.314,9.9307,10.0701,10.1049,-0.03480000000000061,-0.3444,52484.73,60884.457
600976.SH,20070608,10.375,10.4534,10.0004,10.1049,10.314,-0.2090999999999994,-2.0273,75590.24,88597.778
600976.SH,20070607,10.1746,10.3924,9.9481,10.314,10.0178,0.2962000000000007,2.9567,107814.87,125987.037
600976.SH,20070606,9.3993,10.1223,8.7111,10.0178,9.4516,0.5662000000000003,5.9905,87667.47,96376.394
600976.SH,20070605,8.8244,9.6345,8.8069,9.4516,9.7826,-0.3310000000000013,-3.3836,83577.79,86059.044
600976.SH,20070604,10.8976,11.1502,9.7826,9.7826,10.8715,-1.0888999999999989,-10.0161,65965.96,76312.179
600976.SH,20070601,11.2025,12.0039,10.5492,10.8715,11.2286,-0.35710000000000086,-3.1803,178406.69,231981.588
600976.SH,20070531,11.3245,11.4987,10.4621,11.2286,11.6206,-0.39199999999999946,-3.3733,118040.78,146024.617
600976.SH,20070530,11.8907,12.6921,11.6206,11.6206,12.9099,-1.2893000000000008,-9.9869,107518.92,148843.745
600976.SH,20070529,12.4569,13.0231,12.2827,12.9099,12.3872,0.5227000000000004,4.2197,125253.28,182740.92
600976.SH,20070528,12.1869,12.6311,12.1869,12.3872,12.3524,0.03480000000000061,0.2817,109742.48,156185.039
600976.SH,20070525,12.1085,12.7008,11.3767,12.3524,12.2566,0.09579999999999878,0.7816,116700.85,164492.829
600976.SH,20070524,12.727,12.8925,12.0039,12.2566,12.5353,-0.27869999999999884,-2.2233,136889.21,194048.867
600976.SH,20070523,12.1869,12.6311,11.943,12.5353,12.2914,0.2439,1.9843,142523.66,202097.389
600976.SH,20070522,11.3506,12.2914,11.3245,12.2914,11.1764,1.1150000000000002,9.9764,199469.21,268683.581
600976.SH,20070521,10.3662,11.429,10.2878,11.1764,10.7495,0.42689999999999984,3.9713,138253.97,175432.992
600976.SH,20070518,10.3488,11.307,10.1049,10.7495,10.3662,0.3833000000000002,3.6976,188202.48,234533.108
600976.SH,20070517,10.0526,10.5753,9.8523,10.3662,9.9917,0.3744999999999994,3.7481,109028.69,128030.952
600976.SH,20070516,9.9133,10.1659,9.408,9.9917,10.3053,-0.313600000000001,-3.0431,68172.77,76730.435
600976.SH,20070514,10.2094,10.6276,10.0004,10.3053,10.3314,-0.026099999999999568,-0.2526,104486.71,125152.679
600976.SH,20070511,10.2182,10.3488,9.7042,10.3314,10.2182,0.11320000000000086,1.1078,81009.21,92588.388
600976.SH,20070510,10.1659,10.4534,9.9307,10.2182,10.3924,-0.1742000000000008,-1.6762,84255.87,98505.877
600976.SH,20070509,9.5822,10.5056,9.3819,10.3924,9.5474,0.8450000000000006,8.8506,162279.88,186018.655
600976.SH,20070508,9.1205,9.7565,9.0857,9.5474,9.077,0.4703999999999997,5.1823,114763.35,124905.583
600976.SH,20070430,9.2686,9.3035,8.8679,9.077,9.2512,-0.1742000000000008,-1.883,62619.86,65017.961
600976.SH,20070427,9.408,9.6258,9.2164,9.2512,9.4341,-0.18290000000000006,-1.9387,70284.86,75813.014
600976.SH,20070426,8.9725,9.53,8.2756,9.4341,9.0247,0.40940000000000154,4.5364,101544.27,108052.996
600976.SH,20070425,9.077,9.0944,8.6763,9.0247,9.1467,-0.12199999999999989,-1.3338,76774.66,78346.294
600976.SH,20070424,9.4951,9.4951,9.077,9.1467,9.53,-0.3833000000000002,-4.022,114549.76,121183.798
600976.SH,20070423,9.2164,9.6432,9.1641,9.53,9.1641,0.3658999999999999,3.9928,79621.0,86515.112
600976.SH,20070420,8.746,9.3035,8.746,9.1641,8.7285,0.4355999999999991,4.9905,77425.37,80479.017
600976.SH,20070419,9.6606,9.6606,8.6153,8.7285,9.5735,-0.8449999999999989,-8.8264,104607.45,108076.941
600976.SH,20070418,9.4254,9.7129,9.1902,9.5735,9.469,0.10449999999999982,1.1036,130467.11,141991.33
600976.SH,20070417,9.016,9.5822,8.8679,9.469,8.955,0.5139999999999993,5.7398,172195.92,181974.863
600976.SH,20070416,8.9376,8.9637,8.7111,8.955,8.7895,0.16549999999999976,1.8829,91677.81,93166.015
600976.SH,20070413,8.7808,9.0421,8.7111,8.7895,8.746,0.04349999999999987,0.4974,142151.95,145172.822
600976.SH,20070412,8.7111,8.8157,8.5195,8.746,8.6763,0.06970000000000098,0.8033,102837.25,102250.58
600976.SH,20070411,8.624,8.7808,8.3975,8.6763,8.5979,0.07840000000000025,0.9119,83073.0,81783.523
600976.SH,20070410,8.3714,8.6414,8.1013,8.5979,8.3453,0.25259999999999927,3.0269,107712.23,104930.411
600976.SH,20070409,8.3191,8.5021,8.2146,8.3453,8.293,0.05230000000000068,0.6307,72906.19,70099.229
600976.SH,20070406,8.1536,8.4324,7.9794,8.293,8.1797,0.11329999999999885,1.3851,76596.9,72509.275
600976.SH,20070405,8.1449,8.2407,8.0317,8.1797,8.1101,0.06960000000000122,0.8582,37173.1,34734.412
600976.SH,20070404,7.9968,8.232,7.9445,8.1101,7.9968,0.11329999999999885,1.4168,54996.08,51256.135
600976.SH,20070403,8.0229,8.0229,7.8836,7.9968,7.9794,0.017400000000000304,0.2181,33063.83,30151.757
600976.SH,20070402,7.8574,7.9968,7.7616,7.9794,7.8313,0.14810000000000034,1.8911,34920.26,31730.143
600976.SH,20070330,7.5961,7.962,7.4567,7.8313,7.6048,0.2264999999999997,2.9784,32094.13,28729.687
600976.SH,20070329,7.9533,8.0142,7.5787,7.6048,7.9707,-0.3658999999999999,-4.5906,52197.84,46543.232
600976.SH,20070328,8.2407,8.293,7.5613,7.9707,8.232,-0.2612999999999994,-3.1742,77809.3,71392.755
600976.SH,20070327,8.2407,8.3627,8.1013,8.232,8.2494,-0.017400000000000304,-0.2109,60625.12,57178.074
600976.SH,20070326,8.1623,8.293,8.1101,8.2494,8.1013,0.14809999999999945,1.8281,59587.5,56299.785
600976.SH,20070323,7.9794,8.171,7.8836,8.1013,7.962,0.13930000000000042,1.7496,50717.05,46744.509
600976.SH,20070322,7.9707,8.3104,7.9271,7.962,7.9533,0.008700000000000152,0.1094,62575.24,58289.527
600976.SH,20070321,7.9968,8.1013,7.8836,7.9533,7.8487,0.10459999999999958,1.3327,60605.93,55684.086
600976.SH,20070320,7.509,7.8836,7.509,7.8487,7.6048,0.2439,3.2072,43450.37,38732.873
600976.SH,20070319,7.2825,7.6397,7.1693,7.6048,7.5003,0.10449999999999982,1.3933,44711.84,38354.644
600976.SH,20070316,7.8052,7.8052,7.4045,7.5003,7.8139,-0.3136000000000001,-4.0134,74742.4,65365.358
600976.SH,20070315,7.7965,7.9097,7.6658,7.8139,7.8661,-0.052200000000000024,-0.6636,90775.29,81034.751
600976.SH,20070314,8.0142,8.1972,7.7529,7.8661,7.8923,-0.026199999999999335,-0.332,201577.03,185769.626
600976.SH,20070313,7.7442,7.9184,7.6658,7.8923,7.7181,0.1741999999999999,2.257,86610.97,77566.368
600976.SH,20070312,7.5525,7.7965,7.448,7.7181,7.5525,0.16559999999999953,2.1927,67509.62,59112.457
600976.SH,20070309,7.3609,7.8226,7.3086,7.5525,7.3609,0.19160000000000021,2.6029,113643.53,98660.502
600976.SH,20070308,7.3086,7.3957,7.2128,7.3609,7.2999,0.06099999999999994,0.8356,52331.21,44078.614
600976.SH,20070307,7.0909,7.3957,7.0909,7.2999,7.0909,0.20899999999999963,2.9474,59895.06,50086.15
600976.SH,20070306,6.9689,7.117,6.8818,7.0909,7.0125,0.07840000000000025,1.118,38076.42,30714.619
600976.SH,20070305,6.8382,7.0386,6.7163,7.0125,6.8034,0.20910000000000029,3.0735,44885.44,35554.461
600976.SH,20070302,6.7076,6.8818,6.6727,6.8034,6.6727,0.13070000000000004,1.9587,31027.59,24254.095
600976.SH,20070301,7.0125,7.0386,6.5943,6.6727,7.0125,-0.3398000000000003,-4.8456,48233.93,37392.076
600976.SH,20070228,6.786,7.056,6.6205,7.0125,6.786,0.2265000000000006,3.3378,55293.7,43413.087
600976.SH,20070227,7.5613,7.7268,6.786,6.786,7.5438,-0.7578000000000005,-10.0453,86983.02,72704.136
600976.SH,20070226,7.3348,7.6397,7.2389,7.5438,7.3348,0.20899999999999963,2.8494,52154.97,44730.554
600976.SH,20070216,7.2302,7.3609,7.0909,7.3348,7.1693,0.16550000000000065,2.3085,71809.45,59905.696
600976.SH,20070215,7.1693,7.1867,7.0734,7.1693,7.1083,0.06099999999999994,0.8582,48898.05,40046.226
600976.SH,20070214,6.9863,7.1693,6.9515,7.1083,7.0037,0.10459999999999958,1.4935,57908.53,47144.781
600976.SH,20070213,6.8382,7.0299,6.7076,7.0037,6.8121,0.19160000000000021,2.8126,39585.82,31124.937
600976.SH,20070212,6.6901,6.8382,6.6292,6.8121,6.6553,0.1567999999999996,2.356,31103.91,24048.464
600976.SH,20070209,6.7685,6.7947,6.603,6.6553,6.725,-0.06969999999999921,-1.0364,21826.41,16736.836
600976.SH,20070208,6.5943,6.7337,6.5072,6.725,6.5943,0.13070000000000004,1.982,33690.61,25550.901
600976.SH,20070207,6.5333,6.7424,6.5072,6.5943,6.4898,0.10449999999999982,1.6102,29267.0,22108.321
600976.SH,20070206,6.3069,6.5682,6.3069,6.4898,6.2633,0.2264999999999997,3.6163,23043.62,17048.244
600976.SH,20070205,6.1152,6.3591,6.1152,6.2633,6.2023,0.06099999999999994,0.9835,19158.44,13774.63
600976.SH,20070202,6.4462,6.4637,6.1849,6.2023,6.4462,-0.2439,-3.7836,31852.5,23065.8
600976.SH,20070201,6.2981,6.4811,6.0194,6.4462,6.333,0.11319999999999997,1.7875,41355.21,29816.555
600976.SH,20070131,6.7947,6.7947,6.2894,6.333,6.8121,-0.47909999999999986,-7.0331,47698.93,35891.67
600976.SH,20070130,6.9689,7.0734,6.7947,6.8121,6.9079,-0.09579999999999966,-1.3868,50118.07,39804.363
600976.SH,20070129,6.8382,7.0473,6.8121,6.9079,6.8121,0.09579999999999966,1.4063,50578.33,40234.471
600976.SH,20070126,6.8469,6.8992,6.3678,6.8121,6.9689,-0.1567999999999996,-2.25,58410.17,44455.717
600976.SH,20070125,7.4567,7.4567,6.9253,6.9689,7.509,-0.5401000000000007,-7.1927,75412.09,62203.975
600976.SH,20070124,7.1431,7.7181,7.0125,7.509,7.1431,0.3659000000000008,5.1224,117489.6,99800.37
600976.SH,20070123,7.1867,7.2389,6.7947,7.1431,7.2302,-0.0871000000000004,-1.2047,80632.19,65200.978
600976.SH,20070122,6.9689,7.3173,6.9341,7.2302,6.9689,0.2613000000000003,3.7495,86215.3,70815.047
600976.SH,20070119,7.1431,7.2128,6.9515,6.9689,6.8992,0.06969999999999921,1.0103,139084.35,112920.173
600976.SH,20070118,6.2546,6.8992,6.2285,6.8992,6.272,0.6272000000000002,10.0,144880.32,110049.875
600976.SH,20070117,6.272,6.4549,6.0542,6.272,6.2546,0.017400000000000304,0.2782,88205.87,64028.154
600976.SH,20070116,6.0717,6.272,6.0717,6.2546,6.0542,0.20040000000000013,3.3101,59178.88,41980.395
600976.SH,20070115,5.7929,6.0542,5.7232,6.0542,5.8016,0.25260000000000016,4.354,47603.63,32368.137
600976.SH,20070112,6.3156,6.3591,5.7929,5.8016,6.3417,-0.5401000000000007,-8.5166,67147.33,46673.632
600976.SH,20070111,6.1326,6.4898,6.0107,6.3417,6.1326,0.20910000000000029,3.4096,94423.0,68278.536
600976.SH,20070110,6.0978,6.1326,5.88,6.1326,6.0368,0.09579999999999966,1.5869,60845.27,42000.5
600976.SH,20070109,5.9061,6.0978,5.8452,6.0368,5.8974,0.1394000000000002,2.3638,68514.05,47150.408
600976.SH,20070108,5.7145,6.1413,5.7145,5.8974,5.7058,0.19160000000000021,3.358,95863.06,64743.717
600976.SH,20070105,5.427,5.7145,5.3748,5.7058,5.427,0.2788000000000004,5.1373,32624.93,20826.58
600976.SH,20070104,5.5403,5.6535,5.3922,5.427,5.5403,-0.11330000000000062,-2.045,44816.39,28153.476
600976.SH,20061229,5.5403,5.6622,5.4183,5.5403,5.5141,0.026200000000000223,0.4751,37594.42,23886.656
600976.SH,20061228,5.9584,5.9584,5.4009,5.5141,5.9149,-0.40080000000000027,-6.7761,57306.48,36817.673
600976.SH,20061227,6.0107,6.0717,5.8365,5.9149,6.0717,-0.1567999999999996,-2.5825,33452.18,22655.884
600976.SH,20061226,5.9671,6.2372,5.9584,6.0717,5.941,0.13070000000000004,2.2,42778.08,30074.313
600976.SH,20061225,6.0891,6.2023,5.88,5.941,6.0804,-0.1394000000000002,-2.2926,49076.92,34155.766
600976.SH,20061222,6.333,6.5246,6.0629,6.0804,6.4375,-0.3571,-5.5472,73986.02,52766.156
600976.SH,20061221,6.3765,6.7424,6.272,6.4375,6.1326,0.30489999999999995,4.9718,171675.83,129197.905
600976.SH,20061220,5.5403,6.1326,5.4532,6.1326,5.5751,0.5575000000000001,9.9998,131351.22,91109.296
600976.SH,20061219,5.427,5.5925,5.2615,5.5751,5.427,0.14810000000000034,2.7289,47345.73,29448.679
600976.SH,20061218,5.488,5.488,5.3573,5.427,5.4706,-0.04360000000000053,-0.797,45261.73,28064.242
600976.SH,20061215,5.5316,5.6187,5.427,5.4706,5.3835,0.0871000000000004,1.6179,85148.65,53875.483
600976.SH,20061214,5.218,5.4357,5.218,5.3835,5.2528,0.13070000000000004,2.4882,49885.56,30666.429
600976.SH,20061213,5.3486,5.3486,5.1831,5.2528,5.3748,-0.12199999999999989,-2.2699,39904.64,24172.368
600976.SH,20061212,5.1657,5.4793,5.1221,5.3748,5.1657,0.2090999999999994,4.0479,96953.04,59324.465
600976.SH,20061211,4.9479,5.1744,4.9479,5.1657,4.9479,0.21780000000000044,4.4019,23897.82,13945.878
600976.SH,20061208,5.0525,5.1221,4.9305,4.9479,5.0786,-0.13070000000000004,-2.5735,21054.23,12098.894
600976.SH,20061207,5.0525,5.1831,5.0525,5.0786,5.0786,0.0,0.0,28034.39,16506.446
600976.SH,20061206,5.1396,5.2615,4.9479,5.0786,5.1396,-0.06099999999999994,-1.1869,30003.31,17552.729
600976.SH,20061205,5.1831,5.3051,5.1047,5.1396,5.1657,-0.026100000000000456,-0.5053,42292.12,25325.028
600976.SH,20061204,5.0525,5.1744,4.9915,5.1657,5.035,0.13070000000000004,2.5958,29873.87,17408.593
600976.SH,20061201,5.1396,5.1396,5.0176,5.035,5.1309,-0.09589999999999943,-1.8691,28103.12,16334.071
600976.SH,20061130,5.1221,5.157,5.0525,5.1309,5.1221,0.008799999999999919,0.1718,25146.32,14779.804
600976.SH,20061129,5.096,5.1744,4.9653,5.1221,5.157,-0.034900000000000375,-0.6768,18089.07,10572.112
600976.SH,20061128,5.0786,5.1657,5.0699,5.157,5.0786,0.07840000000000025,1.5437,48545.71,28521.424
600976.SH,20061127,4.8608,5.0873,4.7998,5.0786,4.8347,0.2439,5.0448,24253.78,13786.379
600976.SH,20061124,4.8782,4.8782,4.7476,4.8347,4.8173,0.017399999999999416,0.3612,13046.97,7212.278
600976.SH,20061123,4.8608,4.8608,4.7563,4.8173,4.826,-0.008699999999999264,-0.1803,12039.69,6636.395
600976.SH,20061122,4.7301,4.9044,4.7301,4.826,4.7214,0.10459999999999958,2.2154,15021.97,8322.655
600976.SH,20061121,4.7389,4.7389,4.5995,4.7214,4.7476,-0.026200000000000223,-0.5519,15125.36,8088.64
600976.SH,20061120,4.8434,4.8695,4.6866,4.7476,4.8695,-0.12190000000000012,-2.5033,22825.83,12431.999
600976.SH,20061117,4.8173,4.9044,4.8085,4.8695,4.8608,0.008700000000000152,0.179,10799.13,6004.226
600976.SH,20061116,5.0612,5.0612,4.8434,4.8608,5.0002,-0.1394000000000002,-2.7879,10966.15,6195.928
600976.SH,20061115,4.8957,5.0002,4.8782,5.0002,4.8957,0.1045000000000007,2.1345,8849.4,5043.458
600976.SH,20061114,4.8173,4.9044,4.7911,4.8957,4.8173,0.07839999999999936,1.6275,9051.06,5034.116
600976.SH,20061113,4.9044,4.9392,4.7737,4.8173,4.9392,-0.12189999999999923,-2.468,14386.15,7969.7
600976.SH,20061110,5.1396,5.1396,4.8957,4.9392,5.1309,-0.19169999999999998,-3.7362,17311.13,9942.33
600976.SH,20061109,5.1134,5.1483,5.0786,5.1309,5.1221,0.008799999999999919,0.1718,13358.85,7836.913
600976.SH,20061108,5.2093,5.2267,5.1047,5.1221,5.2528,-0.13070000000000004,-2.4882,15293.23,9038.422
600976.SH,20061107,5.4009,5.4357,5.1396,5.2528,5.4357,-0.18290000000000006,-3.3648,31216.57,18867.497
600976.SH,20061106,5.1918,5.4706,5.1918,5.4357,5.1831,0.25260000000000016,4.8735,67003.97,40996.709
600976.SH,20061103,5.157,5.2093,5.1221,5.1831,5.1396,0.04349999999999987,0.8464,25955.21,15391.131
600976.SH,20061102,5.0089,5.1396,5.0002,5.1396,5.0612,0.07839999999999936,1.549,18584.64,10816.307
600976.SH,20061101,4.9479,5.096,4.8782,5.0612,4.9479,0.11330000000000062,2.2899,17579.02,10048.567
600976.SH,20061031,4.8608,5.0089,4.8608,4.9479,4.8434,0.10449999999999982,2.1576,11586.59,6577.208
600976.SH,20061030,4.9131,4.9218,4.7476,4.8434,4.8782,-0.03479999999999972,-0.7134,12970.48,7171.227
600976.SH,20061027,5.035,5.035,4.8347,4.8782,5.035,-0.1568000000000005,-3.1142,17795.39,10052.768
600976.SH,20061026,4.9828,5.0786,4.9741,5.035,5.0437,-0.008700000000000152,-0.1725,10543.42,6071.159
600976.SH,20061025,5.157,5.1744,4.9653,5.0437,5.1396,-0.09589999999999943,-1.8659,20457.76,11866.816
600976.SH,20061024,4.9915,5.1831,4.9915,5.1396,4.9653,0.17429999999999968,3.5104,18761.14,11001.829
600976.SH,20061023,5.2789,5.3486,4.9479,4.9653,5.3486,-0.3833000000000002,-7.1664,39965.9,23413.33
600976.SH,20061020,5.4096,5.5403,5.3399,5.3486,5.4357,-0.08709999999999951,-1.6024,26234.54,16376.702
600976.SH,20061019,5.2964,5.5316,5.2441,5.4357,5.2877,0.1479999999999997,2.7989,33667.33,20789.691
600976.SH,20061018,5.2789,5.3312,5.2267,5.2877,5.2789,0.008799999999999919,0.1667,16259.49,9838.941
600976.SH,20061017,5.3661,5.427,5.2354,5.2789,5.3835,-0.10459999999999958,-1.943,18914.31,11517.53
600976.SH,20061016,5.2354,5.488,5.1744,5.3835,5.2528,0.13070000000000004,2.4882,34784.75,21442.57
600976.SH,20061013,5.3661,5.3661,5.1483,5.2528,5.4183,-0.16550000000000065,-3.0545,49466.39,29890.673
600976.SH,20061012,5.5316,5.819,5.4009,5.4183,5.3573,0.06099999999999994,1.1386,147151.19,95247.331
600976.SH,20061011,5.1396,5.3661,5.1047,5.3573,5.1657,0.19160000000000021,3.7091,57972.85,34841.456
600976.SH,20061010,5.0612,5.2528,4.9915,5.1657,5.0612,0.10449999999999982,2.0647,45090.88,26633.388
600976.SH,20061009,4.9044,5.0699,4.9044,5.0612,4.8521,0.20910000000000029,4.3095,27822.93,15941.446
600976.SH,20060929,4.8434,4.8869,4.8085,4.8521,4.826,0.026100000000000456,0.5408,12555.31,6980.413
600976.SH,20060928,4.7998,4.8869,4.7824,4.826,4.7998,0.026199999999999335,0.5459,11405.99,6332.772
600976.SH,20060927,4.7301,4.8695,4.6866,4.7998,4.7301,0.0697000000000001,1.4735,9643.71,5297.483
600976.SH,20060926,4.8782,4.8782,4.7214,4.7301,4.8695,-0.1394000000000002,-2.8627,14221.71,7823.536
600976.SH,20060925,4.9915,4.9915,4.8434,4.8695,5.0176,-0.14809999999999945,-2.9516,18039.67,10132.339
600976.SH,20060922,5.035,5.1396,4.9915,5.0176,5.0263,-0.008700000000000152,-0.1731,28931.27,16838.758
600976.SH,20060921,4.9479,5.035,4.9044,5.0263,4.9479,0.07840000000000025,1.5845,22807.76,13049.0
600976.SH,20060920,4.9305,4.9828,4.8608,4.9479,4.9218,0.026099999999999568,0.5303,16461.5,9318.434
600976.SH,20060919,4.9218,4.9566,4.8782,4.9218,4.8957,0.026100000000000456,0.5331,16961.11,9576.68
600976.SH,20060918,4.7998,4.9218,4.7824,4.8957,4.7998,0.09589999999999943,1.998,14678.55,8170.619
600976.SH,20060915,4.7563,4.8173,4.704,4.7998,4.7563,0.04349999999999987,0.9146,14057.39,7702.207
600976.SH,20060914,4.7476,4.7911,4.6866,4.7563,4.7824,-0.026099999999999568,-0.5458,13605.04,7381.207
600976.SH,20060913,4.8957,4.9044,4.7824,4.7824,4.9131,-0.13070000000000004,-2.6602,18643.58,10330.048
600976.SH,20060912,4.9218,4.9479,4.8695,4.9131,4.9044,0.008700000000000152,0.1774,11631.0,6568.476
600976.SH,20060911,4.9653,4.9915,4.7998,4.9044,4.9392,-0.03479999999999972,-0.7046,14560.86,8142.802
600976.SH,20060908,4.9218,5.0089,4.8869,4.9392,4.9653,-0.026100000000000456,-0.5256,14292.82,8107.996
600976.SH,20060907,5.157,5.1657,4.9131,4.9653,5.157,-0.19169999999999998,-3.7173,31492.33,18061.099
600976.SH,20060906,5.218,5.2528,5.0786,5.157,5.2615,-0.10449999999999982,-1.9861,49602.55,29285.085
600976.SH,20060905,4.9653,5.3573,4.9653,5.2615,4.8782,0.3833000000000002,7.8574,155446.73,92060.358
600976.SH,20060904,4.6256,4.9218,4.5733,4.8782,4.6517,0.2264999999999997,4.8692,54366.59,29902.078
600976.SH,20060901,4.7476,4.765,4.5385,4.6517,4.7301,-0.07840000000000025,-1.6575,24732.41,13151.002
600976.SH,20060831,4.5908,4.7824,4.5733,4.7301,4.5733,0.1568000000000005,3.4286,47428.77,25535.527
600976.SH,20060830,4.5733,4.5821,4.4862,4.5733,4.5733,0.0,0.0,10424.89,5438.785
600976.SH,20060829,4.5559,4.6692,4.5472,4.5733,4.5385,0.03479999999999972,0.7668,29103.66,15396.569
600976.SH,20060828,4.5124,4.5472,4.434,4.5385,4.4862,0.05229999999999979,1.1658,17991.86,9328.024
600976.SH,20060825,4.4427,4.5037,4.4427,4.4862,4.4514,0.03480000000000061,0.7818,12787.89,6565.935
600976.SH,20060824,4.4688,4.4862,4.3556,4.4514,4.4862,-0.03480000000000061,-0.7757,15910.25,8070.155
600976.SH,20060823,4.5908,4.5908,4.4688,4.4862,4.5908,-0.10459999999999958,-2.2785,17907.98,9265.319
600976.SH,20060822,4.5298,4.6517,4.4949,4.5908,4.5298,0.06099999999999994,1.3466,16741.24,8763.588
600976.SH,20060821,4.4165,4.5472,4.2772,4.5298,4.5472,-0.017400000000000304,-0.3827,15422.07,7862.675
600976.SH,20060818,4.6082,4.643,4.5385,4.5472,4.6169,-0.0697000000000001,-1.5097,13006.5,6838.075
600976.SH,20060817,4.6953,4.6953,4.5385,4.6169,4.6953,-0.07839999999999936,-1.6698,19560.07,10319.328
600976.SH,20060816,4.5733,4.7214,4.5385,4.6953,4.5385,0.1567999999999996,3.4549,31464.38,16629.497
600976.SH,20060815,4.5472,4.6082,4.4862,4.5385,4.5472,-0.008700000000000152,-0.1913,19252.8,10028.016
600976.SH,20060814,4.7737,4.8085,4.5298,4.5472,4.7737,-0.2264999999999997,-4.7447,22110.45,11722.963
600976.SH,20060811,4.9044,4.9044,4.7476,4.7737,4.8869,-0.11319999999999997,-2.3164,21798.79,11993.715
600976.SH,20060810,4.8347,4.9044,4.8085,4.8869,4.8434,0.04349999999999987,0.8981,11874.42,6605.3
600976.SH,20060809,4.9828,5.0002,4.7911,4.8434,4.9479,-0.10449999999999982,-2.112,12577.44,7016.295
600976.SH,20060808,4.7389,4.9741,4.7301,4.9479,4.7911,0.1567999999999996,3.2727,15036.1,8432.397
600976.SH,20060807,4.7214,5.0089,4.7214,4.7911,5.0873,-0.2961999999999998,-5.8223,20944.46,11613.199
600976.SH,20060804,5.218,5.488,5.0612,5.0873,5.2789,-0.19160000000000021,-3.6295,73220.2,44755.023
600976.SH,20060803,4.8173,5.2789,4.7998,5.2789,4.7998,0.47909999999999986,9.9817,66030.48,37899.897
600976.SH,20060802,4.7563,4.8085,4.5472,4.7998,4.7563,0.04349999999999987,0.9146,23363.43,12601.554
600976.SH,20060801,5.0176,5.0699,4.6866,4.7563,5.0176,-0.2612999999999994,-5.2077,30538.91,17248.65
600976.SH,20060731,5.1396,5.157,5.0002,5.0176,5.1657,-0.14810000000000034,-2.867,17169.99,9992.996
600976.SH,20060728,5.1309,5.2005,4.9653,5.1657,5.157,0.008700000000000152,0.1687,18867.51,11017.857
600976.SH,20060727,5.2964,5.3051,5.0612,5.157,5.2528,-0.09579999999999966,-1.8238,24099.54,14386.642
600976.SH,20060726,5.1744,5.2789,5.1134,5.2528,5.1309,0.12190000000000012,2.3758,23828.37,14262.662
600976.SH,20060725,5.0176,5.2267,5.0176,5.1309,5.0699,0.06099999999999994,1.2032,26224.43,15528.708
600976.SH,20060724,5.0525,5.096,4.9218,5.0699,5.096,-0.026100000000000456,-0.5122,11742.93,6765.739
600976.SH,20060721,5.0525,5.1134,4.9915,5.096,5.0699,0.026100000000000456,0.5148,17888.25,10398.807
600976.SH,20060720,5.0263,5.096,4.9044,5.0699,5.035,0.03489999999999949,0.6931,25093.48,14415.101
600976.SH,20060719,5.3225,5.3573,5.0089,5.035,5.3748,-0.33979999999999944,-6.3221,30266.75,17973.721
600976.SH,20060718,5.4009,5.4009,5.2354,5.3748,5.4009,-0.026100000000000456,-0.4833,22022.34,13435.326
600976.SH,20060717,5.3399,5.4445,5.2789,5.4009,5.3835,0.017400000000000304,0.3232,18933.93,11657.886
600976.SH,20060714,5.3661,5.4619,5.2267,5.3835,5.488,-0.1045000000000007,-1.9042,34070.57,20817.803
600976.SH,20060713,6.0368,6.0368,5.488,5.488,6.0978,-0.6097999999999999,-10.0003,75107.47,48764.881
600976.SH,20060712,6.2546,6.272,6.0542,6.0978,6.1501,-0.05229999999999979,-0.8504,34059.18,24034.836
600976.SH,20060711,6.1438,6.2701,5.9826,6.1481,6.1089,0.039200000000000124,0.6417,38521.24,53923.254
600976.SH,20060710,5.9259,6.2091,5.9259,6.1089,5.8823,0.22660000000000036,3.8522,31090.51,43551.971
600976.SH,20060707,5.8388,5.9216,5.756,5.8823,5.8475,0.03479999999999972,0.5951,18483.59,24790.765
600976.SH,20060706,5.7821,5.8823,5.7124,5.8475,5.7734,0.0741000000000005,1.2835,26626.17,35412.694
600976.SH,20060705,5.512,5.7821,5.4161,5.7734,5.4161,0.3572999999999995,6.597,34370.21,44170.635
600976.SH,20060704,5.5555,5.5599,5.39,5.4161,5.5555,-0.1394000000000002,-2.5092,13586.72,17011.12
600976.SH,20060703,5.5076,5.6122,5.4466,5.5555,5.5076,0.047900000000000276,0.8697,11483.16,14530.957
600976.SH,20060630,5.5817,5.6906,5.4771,5.5076,5.5948,-0.08720000000000017,-1.5586,12488.1,15946.327
600976.SH,20060629,5.4379,5.6558,5.4074,5.5948,5.4335,0.16129999999999978,2.9686,22233.41,28364.72
600976.SH,20060628,5.3813,5.4858,5.281,5.4335,5.3813,0.052200000000000024,0.97,10795.22,13333.433
600976.SH,20060627,5.3769,5.4248,5.2375,5.3813,5.39,-0.008699999999999264,-0.1614,12256.32,14947.45
600976.SH,20060626,5.3943,5.4728,5.3159,5.39,5.3508,0.039200000000000124,0.7326,13061.73,16162.372
600976.SH,20060623,5.2287,5.4466,5.1852,5.3508,5.22,0.1307999999999998,2.5057,20825.7,25608.658
600976.SH,20060622,5.1067,5.2244,5.0632,5.22,5.0937,0.12629999999999963,2.4795,10359.79,12262.503
600976.SH,20060621,5.1677,5.1939,5.0588,5.0937,5.1634,-0.0697000000000001,-1.3499,8806.51,10362.4
600976.SH,20060620,5.1852,5.1852,5.0937,5.1634,5.1416,0.02179999999999982,0.424,7848.63,9270.721
600976.SH,20060619,4.9673,5.22,4.9673,5.1416,5.0719,0.0697000000000001,1.3742,10769.92,12739.341
600976.SH,20060616,5.0022,5.085,4.9586,5.0719,4.915,0.15690000000000026,3.1923,8754.81,10113.751
600976.SH,20060614,4.9455,4.976,4.8802,4.915,4.9455,-0.03049999999999997,-0.6167,6409.45,7231.158
600976.SH,20060613,4.8802,4.9847,4.8584,4.9455,4.8802,0.06529999999999969,1.3381,5317.65,6006.325
600976.SH,20060612,4.8584,4.9499,4.8279,4.8802,4.8671,0.013100000000000556,0.2692,6079.57,6831.311
600976.SH,20060609,4.9673,5.0065,4.8366,4.8671,4.9717,-0.10460000000000047,-2.1039,8929.74,10106.272
600976.SH,20060608,4.8758,5.0327,4.8061,4.9717,4.9325,0.039200000000000124,0.7947,11169.71,12638.627
600976.SH,20060607,5.3987,5.4466,4.8584,4.9325,5.3943,-0.4618000000000002,-8.5609,17330.38,20416.624
600976.SH,20060606,5.4074,5.525,5.3246,5.3943,5.4074,-0.013099999999999667,-0.2423,15816.07,19672.061
600976.SH,20060605,5.0893,5.4423,5.0588,5.4074,5.0545,0.3529,6.9819,25296.38,30708.838
600976.SH,20060602,5.098,5.1416,4.9847,5.0545,5.0893,-0.03479999999999972,-0.6838,12242.52,14232.489
600976.SH,20060601,4.8802,5.1198,4.8802,5.0893,4.8715,0.21779999999999955,4.4709,19277.52,22417.073
600976.SH,20060531,4.9673,5.0414,4.841,4.8715,5.0196,-0.14809999999999945,-2.9504,9211.28,10428.24
600976.SH,20060530,4.8715,5.0327,4.8366,5.0196,4.8671,0.15249999999999986,3.1333,11063.72,12466.725
600976.SH,20060529,4.8497,4.8802,4.7494,4.8671,4.8279,0.039200000000000124,0.8119,10032.62,11117.927
600976.SH,20060526,4.7538,4.8889,4.732,4.8279,4.7538,0.07409999999999961,1.5588,10633.3,11778.209
600976.SH,20060525,4.7059,4.7887,4.6187,4.7538,4.7059,0.047900000000000276,1.0179,9142.55,9852.919
600976.SH,20060524,4.8802,5.0196,4.6187,4.7059,4.8758,-0.16990000000000016,-3.4846,12287.79,13451.039
600976.SH,20060523,5.0152,5.1329,4.8366,4.8758,5.1982,-0.3224,-6.2021,14748.03,17002.949
600976.SH,20060522,5.0588,5.3115,5.0545,5.1982,5.0283,0.16990000000000016,3.3789,17758.87,21278.64
600976.SH,20060519,4.8715,5.0501,4.8584,5.0283,4.8715,0.1567999999999996,3.2187,13385.46,15288.576
600976.SH,20060518,4.9368,4.9368,4.7538,4.8715,4.9499,-0.07840000000000025,-1.5839,10266.07,11410.541
600976.SH,20060517,4.8279,5.0283,4.8192,4.9499,4.8235,0.1264000000000003,2.6205,13199.84,14893.552
600976.SH,20060516,5.1503,5.1852,4.7974,4.8235,5.1852,-0.3616999999999999,-6.9756,20508.08,23423.599
600976.SH,20060515,5.098,5.22,4.8889,5.1852,4.9281,0.25710000000000033,5.217,25284.27,29271.827
600976.SH,20060512,4.7146,4.9412,4.6754,4.9281,4.7146,0.2134999999999998,4.5285,24551.4,27425.685
600976.SH,20060511,4.7059,4.9107,4.6797,4.7146,4.6667,0.047900000000000276,1.0264,25072.95,27573.632
600976.SH,20060510,4.7059,4.7887,4.6187,4.6667,4.7059,-0.039200000000000124,-0.833,19872.86,21340.592
600976.SH,20060509,4.5577,4.7669,4.5534,4.7059,4.5926,0.11329999999999973,2.467,27142.25,29079.048
600976.SH,20060508,4.9586,5.0022,4.4314,4.5926,4.9935,-0.40090000000000003,-8.0284,47785.43,50617.545
600976.SH,20060322,3.9746,4.0827,3.9607,3.9956,3.9746,0.020999999999999908,0.5284,6051.75,7001.394
600976.SH,20060321,4.0234,4.0234,3.9746,3.9746,4.0234,-0.04879999999999951,-1.2129,3571.62,4087.93
600976.SH,20060320,3.9746,4.0339,3.9363,4.0234,4.0025,0.020899999999999253,0.5222,4089.05,4666.462
600976.SH,20060317,4.0792,4.0897,3.9746,4.0025,4.0932,-0.0907,-2.2159,3298.18,3795.94
600976.SH,20060316,4.1838,4.278,3.9746,4.0932,4.0967,-0.0034999999999998366,-0.0854,6199.53,7276.874
600976.SH,20060210,4.0827,4.1315,4.0653,4.0967,4.0827,0.014000000000000234,0.3429,3426.91,4018.69
600976.SH,20060209,4.149,4.1838,4.0618,4.0827,4.149,-0.06630000000000003,-1.598,5284.09,6241.75
600976.SH,20060208,4.0095,4.1734,3.9677,4.149,4.02,0.12900000000000045,3.209,9465.38,11181.986
600976.SH,20060207,3.9537,4.0269,3.9049,4.02,3.9502,0.06979999999999942,1.767,4686.39,5289.978
600976.SH,20060206,3.9712,3.9816,3.8875,3.9502,3.9537,-0.0034999999999998366,-0.0885,3775.36,4267.571
600976.SH,20060125,3.8561,3.9677,3.8352,3.9537,3.87,0.08369999999999989,2.1628,3745.69,4188.088
600976.SH,20060124,3.9119,3.9119,3.8456,3.87,3.9049,-0.03489999999999993,-0.8937,3825.77,4239.628
600976.SH,20060123,3.9119,3.9398,3.8735,3.9049,3.9119,-0.007000000000000117,-0.1789,2933.65,3290.572
600976.SH,20060120,3.9398,3.9502,3.8561,3.9119,3.9572,-0.045299999999999674,-1.1447,3771.9,4215.699
600976.SH,20060119,3.8875,3.9746,3.8456,3.9572,3.8666,0.09059999999999979,2.3431,3943.77,4432.001
600976.SH,20060118,3.8456,3.9049,3.8352,3.8666,3.8456,0.020999999999999908,0.5461,2907.74,3235.464
600976.SH,20060117,3.8387,3.8666,3.8352,3.8456,3.877,-0.03139999999999965,-0.8099,2963.96,3270.521
600976.SH,20060116,3.9502,3.9816,3.877,3.877,3.9502,-0.07320000000000038,-1.8531,3623.0,4075.347
600976.SH,20060113,3.9572,4.0444,3.9328,3.9502,3.9607,-0.010499999999999954,-0.2651,5613.06,6394.062
600976.SH,20060112,4.013,4.0374,3.9119,3.9607,4.006,-0.04530000000000012,-1.1308,10537.27,11947.018
600976.SH,20060111,4.006,4.1141,3.9293,4.006,3.8666,0.1394000000000002,3.6052,17544.38,20211.172
600976.SH,20060110,3.9258,3.9258,3.8177,3.8666,3.9258,-0.05920000000000014,-1.508,5298.08,5858.288
600976.SH,20060109,3.9886,4.0862,3.891,3.9258,3.9886,-0.06279999999999974,-1.5745,15132.0,17249.091
600976.SH,20060106,3.8979,4.0025,3.8352,3.9886,3.9014,0.08719999999999972,2.2351,4286.69,4840.397
600976.SH,20060105,3.9119,3.9956,3.891,3.9014,3.9049,-0.0034999999999998366,-0.0896,4768.5,5398.472
600976.SH,20060104,3.8979,3.9363,3.8282,3.9049,3.9084,-0.0034999999999998366,-0.0896,10566.48,11771.631
600976.SH,20051230,3.7724,3.9433,3.748,3.9084,3.7654,0.1429999999999998,3.7977,10533.55,11737.945
600976.SH,20051229,3.8352,3.8387,3.7236,3.7654,3.8212,-0.05580000000000007,-1.4603,4959.39,5361.572
600976.SH,20051228,3.8073,3.9049,3.748,3.8212,3.8526,-0.03139999999999965,-0.815,6592.19,7233.916
600976.SH,20051227,3.8875,3.8875,3.8177,3.8526,3.8875,-0.034900000000000375,-0.8977,6204.09,6840.915
600976.SH,20051226,3.9189,3.9189,3.8421,3.8875,3.9189,-0.03139999999999965,-0.8012,2770.78,3085.161
600976.SH,20051223,3.8735,3.9223,3.8456,3.9189,3.8631,0.05579999999999963,1.4444,3782.49,4217.367
600976.SH,20051222,3.7933,3.8666,3.741,3.8631,3.8003,0.06280000000000019,1.6525,4106.64,4516.328
600976.SH,20051221,3.8177,3.8631,3.7341,3.8003,3.8247,-0.024399999999999977,-0.638,4538.31,4948.267
600976.SH,20051220,3.8526,3.8526,3.8003,3.8247,3.8491,-0.024399999999999977,-0.6339,1743.02,1910.076
600976.SH,20051219,3.7341,3.8631,3.7097,3.8491,3.7271,0.12199999999999989,3.2733,6443.5,7036.983
600976.SH,20051216,3.7271,3.7271,3.6783,3.7271,3.7306,-0.0034999999999998366,-0.0938,2366.29,2518.155
600976.SH,20051215,3.7306,3.7724,3.6922,3.7306,3.7131,0.01750000000000007,0.4713,3759.15,4016.838
600976.SH,20051214,3.5737,3.7201,3.5458,3.7131,3.5597,0.15339999999999998,4.3094,9159.55,9644.105
600976.SH,20051213,3.5632,3.5737,3.5388,3.5597,3.5528,0.006899999999999906,0.1942,910.24,927.625
600976.SH,20051212,3.5737,3.5737,3.5249,3.5528,3.5563,-0.0034999999999998366,-0.0984,1051.0,1072.317
600976.SH,20051209,3.5249,3.5667,3.4551,3.5563,3.5214,0.03489999999999993,0.9911,2347.18,2380.878
600976.SH,20051208,3.4273,3.5249,3.4028,3.5214,3.4273,0.09410000000000007,2.7456,1412.07,1398.388
600976.SH,20051207,3.4865,3.4865,3.4098,3.4273,3.4796,-0.052300000000000235,-1.503,1419.0,1394.722
600976.SH,20051206,3.4517,3.4865,3.4377,3.4796,3.4517,0.027899999999999814,0.8083,407.5,404.413
600976.SH,20051205,3.5458,3.5458,3.3819,3.4517,3.5109,-0.0591999999999997,-1.6862,741.0,731.234
600976.SH,20051202,3.4865,3.5144,3.4447,3.5109,3.5005,0.010399999999999743,0.2971,677.49,678.846
600976.SH,20051201,3.4342,3.504,3.4203,3.5005,3.4377,0.06280000000000019,1.8268,517.96,513.835
600976.SH,20051130,3.4133,3.4517,3.3994,3.4377,3.4168,0.02090000000000014,0.6117,417.0,409.463
600976.SH,20051129,3.4796,3.4796,3.3924,3.4168,3.4865,-0.0697000000000001,-1.9991,1348.18,1327.687
600976.SH,20051128,3.49,3.504,3.4621,3.4865,3.504,-0.01750000000000007,-0.4994,1155.88,1152.512
600976.SH,20051125,3.5528,3.5528,3.4865,3.504,3.504,0.0,0.0,544.0,545.626
600976.SH,20051124,3.483,3.5144,3.4796,3.504,3.4865,0.01750000000000007,0.5019,922.0,924.532
600976.SH,20051123,3.4761,3.5214,3.4761,3.4865,3.4796,0.006899999999999906,0.1983,671.0,671.471
600976.SH,20051122,3.5284,3.5493,3.4796,3.4796,3.5528,-0.07319999999999993,-2.0603,1199.29,1202.271
600976.SH,20051121,3.5493,3.5841,3.5179,3.5528,3.5528,0.0,0.0,1117.0,1135.156
600976.SH,20051118,3.5214,3.5911,3.4342,3.5528,3.5284,0.024399999999999977,0.6915,3380.0,3449.596
600976.SH,20051117,3.4691,3.5318,3.4691,3.5284,3.4691,0.05929999999999991,1.7094,1219.94,1229.684
600976.SH,20051116,3.3715,3.4865,3.3715,3.4691,3.354,0.11509999999999998,3.4317,2307.59,2277.649
600976.SH,20051115,3.4307,3.4517,3.3157,3.354,3.4133,-0.05929999999999991,-1.7373,2904.63,2802.506
600976.SH,20051114,3.4342,3.4342,3.3715,3.4133,3.4028,0.010499999999999954,0.3086,1524.0,1486.993
600976.SH,20051111,3.4273,3.4935,3.3819,3.4028,3.4342,-0.031400000000000095,-0.9143,2931.0,2892.908
600976.SH,20051110,3.5493,3.5493,3.4203,3.4342,3.5493,-0.11509999999999998,-3.2429,5474.23,5474.371
600976.SH,20051109,3.5841,3.619,3.5388,3.5493,3.5807,-0.031400000000000095,-0.8769,2026.0,2084.013
600976.SH,20051108,3.5841,3.6051,3.5388,3.5807,3.6051,-0.024399999999999977,-0.6768,1131.97,1157.481
600976.SH,20051107,3.6051,3.6574,3.5179,3.6051,3.5807,0.024399999999999977,0.6814,2911.88,2976.091
600976.SH,20051104,3.5074,3.6051,3.4935,3.5807,3.504,0.07670000000000021,2.1889,2896.4,2960.114
600976.SH,20051103,3.4865,3.5284,3.4586,3.504,3.483,0.020999999999999908,0.6029,2399.1,2409.464
600976.SH,20051102,3.3924,3.4865,3.3819,3.483,3.4168,0.06620000000000026,1.9375,2274.57,2253.346
600976.SH,20051101,3.4447,3.4656,3.3715,3.4168,3.4551,-0.0383,-1.1085,3826.8,3732.876
600976.SH,20051031,3.4517,3.4935,3.4203,3.4551,3.4865,-0.031400000000000095,-0.9006,4749.65,4706.921
600976.SH,20051028,3.5214,3.612,3.483,3.4865,3.5109,-0.024399999999999977,-0.695,5358.2,5434.966
600976.SH,20051027,3.4691,3.5214,3.4238,3.5109,3.4865,0.024399999999999977,0.6998,5727.22,5705.086
600976.SH,20051026,3.6086,3.626,3.4656,3.4865,3.6155,-0.129,-3.568,7542.43,7687.697
600976.SH,20051025,3.5911,3.6713,3.5737,3.6155,3.6399,-0.024399999999999977,-0.6703,6372.85,6608.859
600976.SH,20051024,3.497,3.6643,3.49,3.6399,3.497,0.14290000000000003,4.0864,15233.67,15803.606
600976.SH,20051021,3.4447,3.5493,3.4447,3.497,3.4482,0.048799999999999955,1.4152,2370.13,2382.352
600976.SH,20051020,3.4098,3.483,3.4028,3.4482,3.4133,0.03489999999999993,1.0225,9083.84,8992.056
600976.SH,20051019,3.4168,3.497,3.4028,3.4133,3.4238,-0.010499999999999954,-0.3067,4360.77,4325.395
600976.SH,20051018,3.4063,3.4796,3.3819,3.4238,3.4063,0.01750000000000007,0.5138,4572.9,4526.883
600976.SH,20051017,3.2983,3.4098,3.2983,3.4063,3.361,0.045299999999999674,1.3478,1901.35,1832.878
600976.SH,20051014,3.3819,3.4412,3.3261,3.361,3.3784,-0.01739999999999986,-0.515,4306.51,4172.507
600976.SH,20051013,3.3122,3.4028,3.2843,3.3784,3.3192,0.05920000000000014,1.7836,5877.8,5669.172
600976.SH,20051012,3.239,3.3331,3.2215,3.3192,3.239,0.08020000000000005,2.4761,4502.37,4256.92
600976.SH,20051011,3.2146,3.2494,3.1727,3.239,3.2111,0.027899999999999814,0.8689,2400.99,2204.856
600976.SH,20051010,3.3122,3.3122,3.2006,3.2111,3.2948,-0.08369999999999989,-2.5404,2984.0,2783.087
600976.SH,20050930,3.2599,3.3052,3.2494,3.2948,3.2773,0.01750000000000007,0.534,2647.89,2496.871
600976.SH,20050929,3.2773,3.2878,3.239,3.2773,3.2773,0.0,0.0,4806.49,4490.721
600976.SH,20050928,3.2425,3.3261,3.2355,3.2773,3.239,0.0383,1.1825,7207.27,6791.746
600976.SH,20050927,3.2146,3.2564,3.2076,3.239,3.2285,0.010499999999999954,0.3252,6105.17,5660.381
600976.SH,20050926,3.11,3.239,3.11,3.2285,3.1344,0.09410000000000007,3.0022,5985.19,5502.069
600976.SH,20050923,3.1414,3.1867,3.1204,3.1344,3.1797,-0.04530000000000012,-1.4247,4467.54,4049.994
600976.SH,20050922,3.1483,3.2006,3.1065,3.1797,3.1762,0.0034999999999998366,0.1102,15366.12,13950.988
600976.SH,20050921,3.2599,3.2878,3.1762,3.1762,3.2878,-0.1115999999999997,-3.3944,9779.5,9033.424
600976.SH,20050920,3.232,3.3331,3.2215,3.2878,3.2355,0.05229999999999979,1.6164,21770.76,20488.735
600976.SH,20050919,3.1135,3.239,3.1135,3.2355,3.117,0.11850000000000005,3.8017,16191.82,14896.173
600976.SH,20050916,3.1065,3.1727,3.0925,3.117,3.1065,0.010499999999999954,0.338,5144.47,4618.832
600976.SH,20050915,3.1239,3.1414,3.0716,3.1065,3.1239,-0.01739999999999986,-0.557,6182.91,5495.994
600976.SH,20050914,3.0821,3.1588,3.0821,3.1239,3.0856,0.0383,1.2412,12270.82,10989.293
600976.SH,20050913,3.0333,3.0891,3.0124,3.0856,3.0263,0.05929999999999991,1.9595,7992.89,7015.455
600976.SH,20050912,2.9635,3.0472,2.9635,3.0263,2.9984,0.027899999999999814,0.9305,3953.83,3427.297
600976.SH,20050909,3.0402,3.0507,2.988,2.9984,3.0402,-0.04179999999999984,-1.3749,4731.41,4086.212
600976.SH,20050908,3.0158,3.0681,2.9845,3.0402,2.9845,0.05569999999999986,1.8663,11092.85,9667.116
600976.SH,20050907,2.9217,2.988,2.8868,2.9845,2.9078,0.07670000000000021,2.6377,3814.51,3218.488
600976.SH,20050906,2.974,3.0193,2.8764,2.9078,2.981,-0.07319999999999993,-2.4556,4715.6,4024.995
600976.SH,20050905,2.9496,2.9984,2.9496,2.981,2.9461,0.03489999999999993,1.1846,3635.12,3098.159
600976.SH,20050902,2.9287,2.9496,2.9008,2.9461,2.9252,0.02090000000000014,0.7145,4683.01,3936.259
600976.SH,20050901,2.852,2.9252,2.845,2.9252,2.845,0.0801999999999996,2.819,6972.57,5801.7
600976.SH,20050831,2.8067,2.8555,2.7927,2.845,2.8101,0.034900000000000375,1.2419,4656.56,3775.049
600976.SH,20050830,2.8764,2.9182,2.7997,2.8101,2.9391,-0.129,-4.3891,6356.7,5187.615
600976.SH,20050829,2.981,3.0263,2.9287,2.9391,2.9635,-0.024399999999999977,-0.8234,4776.56,4074.822
600976.SH,20050826,2.9566,2.9775,2.9287,2.9635,2.9391,0.024399999999999977,0.8302,3506.63,2973.503
600976.SH,20050825,2.9426,2.9531,2.9112,2.9391,2.9391,0.0,0.0,2237.06,1887.67
600976.SH,20050824,2.9182,2.9496,2.8973,2.9391,2.9078,0.031299999999999883,1.0764,2214.8,1860.442
600976.SH,20050823,2.967,2.981,2.8764,2.9078,2.9531,-0.04530000000000012,-1.534,2329.45,1941.912
600976.SH,20050822,2.9008,2.9601,2.9008,2.9531,2.9252,0.027900000000000258,0.9538,2195.93,1846.773
600976.SH,20050819,2.9357,2.9775,2.8659,2.9252,2.9357,-0.010500000000000398,-0.3577,4581.73,3826.585
600976.SH,20050818,2.9845,3.0612,2.9322,2.9357,3.0507,-0.11499999999999977,-3.7696,7651.18,6610.027
600976.SH,20050817,3.0193,3.0542,2.9322,3.0507,3.0263,0.024399999999999977,0.8063,6857.86,5881.233
600976.SH,20050816,3.0925,3.1065,3.0158,3.0263,3.0925,-0.06619999999999981,-2.1407,7484.25,6541.834
600976.SH,20050815,3.0298,3.0925,3.0054,3.0925,3.0263,0.06619999999999981,2.1875,6758.99,5938.302
600976.SH,20050812,3.0193,3.0856,2.981,3.0263,2.988,0.0383,1.2818,19479.76,17025.041
600976.SH,20050811,2.9635,2.9949,2.9426,2.988,2.9601,0.027899999999999814,0.9425,8194.57,6985.332
600976.SH,20050810,2.9566,2.9705,2.8903,2.9601,2.9531,0.007000000000000117,0.237,4696.71,3950.315
600976.SH,20050809,2.9287,2.9601,2.9287,2.9531,2.9391,0.014000000000000234,0.4763,3336.71,2817.546
600976.SH,20050808,2.9043,2.988,2.9043,2.9391,2.9043,0.03479999999999972,1.1982,7324.71,6201.286
600976.SH,20050805,2.9984,3.0228,2.8973,2.9043,2.8729,0.031400000000000095,1.093,5732.64,4800.456
600976.SH,20050804,2.838,2.8903,2.8067,2.8729,2.838,0.03489999999999993,1.2297,3606.67,2941.121
600976.SH,20050803,2.8589,2.8973,2.8345,2.838,2.8345,0.0035000000000002807,0.1235,5536.57,4544.743
600976.SH,20050802,2.7857,2.8415,2.7578,2.8345,2.7683,0.06619999999999981,2.3914,2844.0,2298.881
600976.SH,20050801,2.7578,2.7997,2.7404,2.7683,2.7613,0.007000000000000117,0.2535,1574.0,1247.147
600976.SH,20050729,2.7822,2.7857,2.7544,2.7613,2.7892,-0.027900000000000258,-1.0003,1394.56,1107.783
600976.SH,20050728,2.7857,2.8241,2.7613,2.7892,2.7927,-0.0034999999999998366,-0.1253,3312.38,2649.299
600976.SH,20050727,2.7753,2.7962,2.7404,2.7927,2.7753,0.01739999999999986,0.627,2596.67,2058.3
600976.SH,20050726,2.7055,2.7892,2.7055,2.7753,2.7055,0.0698000000000003,2.5799,3068.89,2426.747
600976.SH,20050725,2.6881,2.7334,2.6846,2.7055,2.716,-0.010500000000000398,-0.3866,1223.01,950.045
600976.SH,20050722,2.6463,2.7299,2.6463,2.716,2.6498,0.06620000000000026,2.4983,2713.01,2096.003
600976.SH,20050721,2.6777,2.7021,2.6149,2.6498,2.6811,-0.031299999999999883,-1.1674,1446.0,1091.474
600976.SH,20050720,2.6672,2.7125,2.6393,2.6811,2.6672,0.013900000000000023,0.5211,791.21,606.819
600976.SH,20050719,2.6044,2.6811,2.6044,2.6672,2.6393,0.027899999999999814,1.0571,1041.75,793.523
600976.SH,20050718,2.716,2.7195,2.6323,2.6393,2.7195,-0.08020000000000005,-2.9491,2360.11,1798.653
600976.SH,20050715,2.7474,2.7753,2.6846,2.7195,2.7544,-0.03489999999999993,-1.2671,1866.86,1456.029
600976.SH,20050714,2.7613,2.7857,2.7474,2.7544,2.7578,-0.0034000000000000696,-0.1233,773.0,613.435
600976.SH,20050713,2.7927,2.8067,2.7195,2.7578,2.8067,-0.048900000000000166,-1.7423,1017.8,804.469
600976.SH,20050712,2.7021,2.8171,2.6672,2.8067,2.7265,0.08020000000000005,2.9415,2258.25,1794.404
600976.SH,20050711,2.7544,2.8311,2.6881,2.7265,2.6986,0.027900000000000258,1.0339,1298.48,1017.089
600976.SH,20050708,2.7962,2.7962,2.6881,2.6986,2.7962,-0.09759999999999991,-3.4905,1771.0,1393.47
600976.SH,20050707,2.7683,2.8241,2.7578,2.7962,2.7718,0.024399999999999977,0.8803,1338.45,1069.563
600976.SH,20050706,2.7683,2.8589,2.7544,2.7718,2.7578,0.01399999999999979,0.5077,1763.0,1408.396
600976.SH,20050705,2.7892,2.8136,2.7195,2.7578,2.7997,-0.04190000000000005,-1.4966,1788.0,1420.928
600976.SH,20050704,2.7892,2.7997,2.7544,2.7997,2.8067,-0.007000000000000117,-0.2494,2670.4,2128.355
600976.SH,20050701,2.8659,2.9008,2.7857,2.8067,2.8938,-0.08709999999999996,-3.0099,3899.13,3165.1
600976.SH,20050630,2.9635,2.967,2.8938,2.8938,2.9775,-0.08369999999999989,-2.8111,3576.0,3005.46
600976.SH,20050629,2.9601,3.0368,2.9287,2.9775,2.9601,0.01739999999999986,0.5878,3750.32,3227.538
600976.SH,20050628,3.0472,3.0472,2.9566,2.9601,3.0472,-0.08709999999999996,-2.8584,4804.0,4105.94
600976.SH,20050627,2.981,3.0925,2.981,3.0472,2.9531,0.09410000000000007,3.1865,12273.13,10737.36
600976.SH,20050624,2.9391,2.9705,2.9112,2.9531,2.9287,0.024399999999999977,0.8331,2572.67,2171.141
600976.SH,20050623,2.981,3.0054,2.9287,2.9287,2.9914,-0.06269999999999998,-2.096,5846.05,4981.216
600976.SH,20050622,2.9147,3.0124,2.9112,2.9914,2.9043,0.08709999999999996,2.999,10764.83,9173.568
600976.SH,20050621,2.9287,2.9496,2.8834,2.9043,2.9357,-0.031400000000000095,-1.0696,2715.62,2266.661
600976.SH,20050620,2.8311,2.9426,2.8206,2.9357,2.8311,0.10460000000000003,3.6947,4545.15,3771.953
600976.SH,20050617,2.852,2.9112,2.8032,2.8311,2.7997,0.031400000000000095,1.1215,3107.29,2546.769
600976.SH,20050616,2.7544,2.8067,2.7544,2.7997,2.7753,0.024399999999999977,0.8792,1888.1,1505.309
600976.SH,20050615,2.8415,2.8485,2.7718,2.7753,2.852,-0.07669999999999977,-2.6893,2639.55,2124.242
600976.SH,20050614,2.9357,2.9601,2.8485,2.852,2.9043,-0.052300000000000235,-1.8008,2971.27,2463.204
600976.SH,20050613,2.9008,2.9287,2.8589,2.9043,2.9147,-0.010399999999999743,-0.3568,3386.0,2808.632
600976.SH,20050610,2.9601,3.0193,2.8938,2.9147,2.9705,-0.05580000000000007,-1.8785,5227.92,4413.709
600976.SH,20050609,2.9635,3.0228,2.8973,2.9705,2.9949,-0.024399999999999977,-0.8147,10973.79,9330.736
600976.SH,20050608,2.845,3.0124,2.7857,2.9949,2.7822,0.2126999999999999,7.645,12854.71,10712.323
600976.SH,20050607,2.8171,2.8415,2.7613,2.7822,2.8171,-0.03489999999999993,-1.2389,4791.5,3860.633
600976.SH,20050606,2.7892,2.8241,2.7265,2.8171,2.8101,0.007000000000000117,0.2491,3925.51,3135.536
600976.SH,20050603,2.6602,2.8241,2.6254,2.8101,2.6602,0.1498999999999997,5.6349,6984.28,5564.15
600976.SH,20050602,2.6567,2.6846,2.6323,2.6602,2.6567,0.0035000000000002807,0.1317,1411.0,1077.519
600976.SH,20050601,2.716,2.7439,2.6567,2.6567,2.7265,-0.0698000000000003,-2.5601,1460.01,1122.768
600976.SH,20050531,2.7404,2.7648,2.723,2.7265,2.7404,-0.013900000000000023,-0.5072,837.19,657.832
600976.SH,20050530,2.6951,2.7544,2.6846,2.7404,2.7021,0.0383,1.4174,1125.44,875.293
600976.SH,20050527,2.7125,2.7439,2.6846,2.7021,2.709,-0.006899999999999906,-0.2547,1122.52,874.553
600976.SH,20050526,2.7613,2.7718,2.709,2.709,2.7578,-0.048799999999999955,-1.7695,1105.0,864.09
600976.SH,20050525,2.7578,2.7962,2.7369,2.7578,2.7613,-0.0034999999999998366,-0.1268,1349.9,1072.704
600976.SH,20050524,2.6742,2.7788,2.6742,2.7613,2.6916,0.06969999999999965,2.5895,1199.82,940.323
600976.SH,20050523,2.709,2.7439,2.6707,2.6916,2.7613,-0.06969999999999965,-2.5242,1529.48,1180.389
600976.SH,20050520,2.7997,2.8067,2.7544,2.7613,2.7997,-0.03840000000000021,-1.3716,1186.0,944.674
600976.SH,20050519,2.7753,2.8032,2.7613,2.7997,2.7927,0.007000000000000117,0.2507,1441.04,1150.887
600976.SH,20050518,2.7788,2.8345,2.7474,2.7927,2.7788,0.013900000000000023,0.5002,1307.28,1042.812
600976.SH,20050517,2.7439,2.7892,2.7125,2.7788,2.7509,0.027899999999999814,1.0142,1875.41,1488.026
600976.SH,20050516,2.7474,2.7578,2.7021,2.7509,2.7404,0.010499999999999954,0.3832,1898.03,1487.66
600976.SH,20050512,2.6881,2.7753,2.6777,2.7404,2.6881,0.052300000000000235,1.9456,2388.41,1859.103
600976.SH,20050511,2.6881,2.7195,2.6602,2.6881,2.6881,0.0,0.0,1155.0,891.914
600976.SH,20050510,2.6916,2.716,2.5975,2.6881,2.6916,-0.0035000000000002807,-0.13,2933.63,2226.049
600976.SH,20050509,2.8555,2.8589,2.6672,2.6916,2.852,-0.16039999999999965,-5.6241,1949.0,1535.391
600976.SH,20050429,2.9252,2.9252,2.845,2.852,2.9217,-0.0697000000000001,-2.3856,2373.5,1950.456
600976.SH,20050428,2.8938,2.9426,2.8345,2.9217,2.8659,0.05580000000000007,1.947,2376.52,1979.371
600976.SH,20050427,2.9112,2.9217,2.8589,2.8659,2.8659,0.0,0.0,1231.12,1014.992
600976.SH,20050426,2.8311,2.8868,2.8311,2.8659,2.8311,0.03479999999999972,1.2292,1412.32,1157.368
600976.SH,20050425,2.8415,2.8555,2.7962,2.8311,2.8903,-0.0591999999999997,-2.0482,3134.98,2532.041
600976.SH,20050422,2.9008,2.9287,2.852,2.8903,2.9147,-0.024399999999999977,-0.8371,3847.27,3182.362
600976.SH,20050421,3.0542,3.0856,2.8903,2.9147,3.0647,-0.15000000000000036,-4.8944,3766.76,3209.042
600976.SH,20050420,3.103,3.1204,3.0333,3.0647,3.1239,-0.0591999999999997,-1.8951,1539.44,1357.925
600976.SH,20050419,3.0681,3.1379,3.0647,3.1239,3.0786,0.04530000000000012,1.4714,2074.01,1845.15
600976.SH,20050418,3.0542,3.096,3.0368,3.0786,3.0821,-0.0035000000000002807,-0.1136,2661.61,2343.688
600976.SH,20050415,3.1727,3.1727,3.0716,3.0821,3.1867,-0.10460000000000003,-3.2824,5084.56,4509.12
600976.SH,20050414,3.1937,3.225,3.1693,3.1867,3.1902,-0.0034999999999998366,-0.1097,4224.32,3875.232
600976.SH,20050413,3.1553,3.225,3.1553,3.1902,3.1518,0.03839999999999977,1.2184,8338.56,7640.508
600976.SH,20050412,3.3052,3.3819,3.1448,3.1518,3.4621,-0.3102999999999998,-8.9628,12048.35,11051.623
600976.SH,20050411,3.3715,3.5109,3.3471,3.4621,3.3784,0.08369999999999989,2.4775,6331.54,6265.528
600976.SH,20050408,3.2878,3.3784,3.2704,3.3784,3.2983,0.08010000000000028,2.4285,3359.28,3206.869
600976.SH,20050407,3.2494,3.361,3.246,3.2983,3.239,0.05929999999999991,1.8308,4258.5,4056.885
600976.SH,20050406,3.1727,3.2634,3.1518,3.239,3.1762,0.06279999999999974,1.9772,2060.7,1899.265
600976.SH,20050405,3.2076,3.2564,3.1727,3.1762,3.2111,-0.03489999999999993,-1.0869,968.31,889.992
600976.SH,20050404,3.2738,3.2773,3.2041,3.2111,3.3017,-0.09059999999999979,-2.744,2203.0,2045.443
600976.SH,20050401,3.1588,3.3505,3.1274,3.3017,3.1588,0.14290000000000003,4.5239,2764.7,2566.962
600976.SH,20050331,3.1379,3.1727,3.1065,3.1588,3.1588,0.0,0.0,1065.23,962.226
600976.SH,20050330,3.2425,3.2425,3.1414,3.1588,3.2425,-0.08370000000000033,-2.5813,3675.8,3363.411
600976.SH,20050329,3.2599,3.2983,3.225,3.2425,3.2564,-0.013900000000000023,-0.4269,1091.9,1021.972
600976.SH,20050328,3.2843,3.2948,3.2111,3.2564,3.3052,-0.048799999999999955,-1.4765,1227.92,1140.021
600976.SH,20050325,3.3122,3.3227,3.2599,3.3052,3.2983,0.00690000000000035,0.2092,1935.15,1831.495
600976.SH,20050324,3.2425,3.3087,3.2076,3.2983,3.2494,0.04889999999999972,1.5049,1478.8,1390.771
600976.SH,20050323,3.2041,3.2773,3.1937,3.2494,3.2215,0.027900000000000258,0.8661,3309.99,3069.27
600976.SH,20050322,3.3471,3.3471,3.1971,3.2215,3.3436,-0.1221000000000001,-3.6518,4943.2,4636.195
600976.SH,20050321,3.2843,3.3471,3.2843,3.3436,3.2913,0.05229999999999979,1.589,2110.7,2010.409
600976.SH,20050318,3.3645,3.3889,3.2808,3.2913,3.3924,-0.10109999999999975,-2.9802,2145.0,2053.232
600976.SH,20050317,3.4098,3.4761,3.375,3.3924,3.4098,-0.017400000000000304,-0.5103,1664.09,1626.462
600976.SH,20050316,3.4517,3.4656,3.3819,3.4098,3.4551,-0.045299999999999674,-1.3111,2689.32,2644.457
600976.SH,20050315,3.5214,3.5563,3.4517,3.4551,3.5179,-0.06280000000000019,-1.7852,3689.0,3698.542
600976.SH,20050314,3.5493,3.5632,3.4691,3.5179,3.5423,-0.024399999999999977,-0.6888,2925.14,2951.728
600976.SH,20050311,3.4865,3.5667,3.4865,3.5423,3.5493,-0.007000000000000117,-0.1972,2827.7,2870.023
600976.SH,20050310,3.6609,3.6887,3.5074,3.5493,3.6609,-0.1115999999999997,-3.0484,5355.03,5527.424
600976.SH,20050309,3.6539,3.6887,3.5841,3.6609,3.6504,0.010499999999999954,0.2876,3777.4,3938.561
600976.SH,20050308,3.5597,3.6539,3.5214,3.6504,3.5597,0.0907,2.548,4366.89,4528.806
600976.SH,20050307,3.5214,3.6155,3.5179,3.5597,3.5214,0.0383,1.0876,1669.4,1697.315
600976.SH,20050304,3.5249,3.5563,3.5109,3.5214,3.5667,-0.04530000000000012,-1.2701,1203.5,1219.133
600976.SH,20050303,3.4865,3.5876,3.4691,3.5667,3.4935,0.07319999999999993,2.0953,2736.47,2773.129
600976.SH,20050302,3.5807,3.6086,3.49,3.4935,3.5807,-0.08720000000000017,-2.4353,3905.7,3968.742
600976.SH,20050301,3.6469,3.6609,3.5318,3.5807,3.6469,-0.06619999999999981,-1.8152,4353.0,4463.837
600976.SH,20050228,3.6539,3.6922,3.626,3.6469,3.6295,0.01739999999999986,0.4794,4025.54,4212.675
600976.SH,20050225,3.619,3.7131,3.5946,3.6295,3.6609,-0.03139999999999965,-0.8577,8952.27,9345.194
600976.SH,20050224,3.5388,3.8038,3.5388,3.6609,3.4586,0.2022999999999997,5.8492,24417.54,25892.628
600976.SH,20050223,3.3296,3.5458,3.2983,3.4586,3.3296,0.129,3.8743,10085.57,9912.432
600976.SH,20050222,3.246,3.3296,3.2076,3.3296,3.2041,0.12550000000000017,3.9169,4512.78,4245.245
600976.SH,20050221,3.1623,3.2146,3.1483,3.2041,3.1693,0.034800000000000164,1.098,1263.5,1157.634
600976.SH,20050218,3.1937,3.2041,3.1658,3.1693,3.1832,-0.013900000000000023,-0.4367,992.7,905.124
600976.SH,20050217,3.239,3.239,3.1553,3.1832,3.239,-0.05580000000000007,-1.7228,2074.0,1894.874
600976.SH,20050216,3.2529,3.2599,3.2076,3.239,3.246,-0.007000000000000117,-0.2157,1549.24,1442.3
600976.SH,20050204,3.1553,3.2564,3.1553,3.246,3.2041,0.04190000000000005,1.3077,2333.03,2155.266
600976.SH,20050203,3.2285,3.2425,3.1414,3.2041,3.2285,-0.024399999999999977,-0.7558,3538.19,3252.673
600976.SH,20050202,3.1065,3.232,3.0716,3.2285,3.0751,0.15339999999999998,4.9885,3267.83,2965.243
600976.SH,20050201,3.0681,3.103,3.0263,3.0751,3.0507,0.024399999999999977,0.7998,1643.0,1447.205
600976.SH,20050131,3.1518,3.1658,3.0402,3.0507,3.1902,-0.13949999999999996,-4.3728,3153.7,2804.38
600976.SH,20050128,3.239,3.2425,3.1518,3.1902,3.232,-0.04180000000000028,-1.2933,2088.86,1911.508
600976.SH,20050127,3.2041,3.2564,3.2006,3.232,3.239,-0.006999999999999673,-0.2161,1463.28,1354.906
600976.SH,20050126,3.2494,3.2738,3.1902,3.239,3.2669,-0.027900000000000258,-0.854,1445.96,1338.368
600976.SH,20050125,3.3296,3.3296,3.225,3.2669,3.3471,-0.08020000000000005,-2.3961,1454.2,1356.509
600976.SH,20050124,3.3261,3.4063,3.3261,3.3471,3.2913,0.05580000000000007,1.6954,2184.0,2099.27
600976.SH,20050121,3.1762,3.2913,3.1762,3.2913,3.2076,0.08370000000000033,2.6094,2190.87,2033.244
600976.SH,20050120,3.2773,3.2773,3.1867,3.2076,3.2878,-0.08020000000000005,-2.4393,3358.2,3097.331
600976.SH,20050119,3.2948,3.3192,3.2494,3.2878,3.354,-0.06620000000000026,-1.9738,1376.0,1297.77
600976.SH,20050118,3.3645,3.3645,3.3087,3.354,3.3227,0.031299999999999883,0.942,1390.24,1327.456
600976.SH,20050117,3.3889,3.4586,3.3087,3.3227,3.4342,-0.11149999999999993,-3.2468,2417.83,2325.645
600976.SH,20050114,3.4796,3.5214,3.4273,3.4342,3.4865,-0.05229999999999979,-1.5001,882.54,882.136
600976.SH,20050113,3.504,3.504,3.4726,3.4865,3.504,-0.01750000000000007,-0.4994,961.6,962.103
600976.SH,20050112,3.4726,3.5109,3.4586,3.504,3.4796,0.024399999999999977,0.7012,844.98,844.097
600976.SH,20050111,3.4691,3.5005,3.4342,3.4796,3.4621,0.01750000000000007,0.5055,791.0,787.709
600976.SH,20050110,3.4621,3.4796,3.4098,3.4621,3.4447,0.01739999999999986,0.5051,701.41,692.319
600976.SH,20050107,3.4168,3.5109,3.4168,3.4447,3.4377,0.007000000000000117,0.2036,729.0,723.094
600976.SH,20050106,3.4761,3.4865,3.4342,3.4377,3.4761,-0.03840000000000021,-1.1047,774.99,769.632
600976.SH,20050105,3.4133,3.4865,3.4098,3.4761,3.4168,0.05930000000000035,1.7355,1049.86,1039.167
600976.SH,20050104,3.483,3.483,3.3889,3.4168,3.4796,-0.06280000000000019,-1.8048,1033.66,1013.635
